98.58
98.58
98.58
98.58
98.58
98.58
98.58
98.58
97.16
97.16
97.16
97.16
97.16
97.96
97.96
97.96
97.96
97.96
97.96
97.96
97.76
97.76
97.76
97.76
97.76
97.76
97.76
97.76
97.76
97.76
95.93
95.93
95.93
95.93
95.93
95.93
95.93
95.93
95.47
95.47
95.47
95.47
95.47
95.47
95.47
95.47
96.21
96.21
96.21
96.21
96.21
96.21
96.21
96.21
96.56
96.56
96.56
96.56
96.56
96.56
96.56
96.56
96.87
96.87
96.87
96.87
96.87
96.87
96.87
96.87
97.68
97.68
97.68
97.68
97.68
97.68
97.68
97.38
97.38
97.38
97.38
97.38
97.38
97.38
97.38
97.38
97.15
97.15
97.15
97.15
98.41
98.41
98.41
98.41
98.41
98.41
98.41
98.41
97.96
97.96
97.96
97.96
97.96
97.96
97.96
97.96
97.96
97.54
97.54
97.54
97.54
97.54
97.54
97.54
97.54
97.54
97.99
97.99
97.99
97.99
97.99
97.99
97.99
97.99
97.99
98.32
98.32
98.32
98.32
98.32
97.17
97.17
97.17
97.17
97.17
97.17
97.17
97.17
97.17
97.17
97.17
97.79
97.79
97.79
97.79
97.79
97.79
97.79
97.79
98.26
98.26
98.26
98.26
98.26
96.39
96.39
96.39
96.39
96.39
94.99
94.99
94.99
94.99
94.99
96.10
96.10
96.10
96.10
96.10
96.10
96.10
95.60
95.60
95.60
95.60
98.07
98.07
98.07
98.07
98.07
98.07
98.07
98.07
98.07
98.07
98.07
97.11
97.11
97.11
97.11
97.11
97.11
97.11
97.11
98.30
98.30
98.30
98.30
98.30
98.30
98.30
98.71
98.71
98.71
98.71
98.71
98.71
98.71
98.71
98.71
98.71
98.71
98.71
98.71
98.71
