0.45
0.43
0.45
0.43
0.38
0.38
0.39
0.35
0.36
0.30
0.38
0.39
0.38
0.35
0.36
0.33
0.33
0.25
0.33
0.30
0.37
0.37
0.37
0.34
0.35
0.32
0.35
0.32
0.27
0.24
0.30
0.35
0.34
0.35
0.32
0.32
0.29
0.32
0.31
0.32
0.31
0.28
0.29
0.27
0.29
0.20
0.21
0.20
0.24
0.34
0.34
0.34
0.31
0.32
0.29
0.33
0.34
0.33
0.34
0.34
0.34
0.32
0.32
0.32
0.32
0.32
0.29
0.30
0.27
0.29
0.24
0.24
0.34
0.34
0.34
0.31
0.32
0.26
0.32
0.35
0.32
0.31
0.32
0.32
0.35
0.34
0.35
0.33
0.32
0.31
0.32
0.30
0.30
0.29
0.30
0.27
0.28
0.26
0.29
0.31
0.31
0.31
0.27
0.28
0.26
0.18
0.14
0.32
0.32
0.32
0.29
0.30
0.26
0.33
0.33
0.33
0.30
0.31
0.28
0.25
0.27
0.24
0.26
0.24
0.32
0.33
0.32
0.30
0.31
0.27
0.24
0.25
0.21
0.23
0.13
0.21
0.36
0.38
0.36
0.35
0.35
0.38
0.34
0.33
0.34
0.30
0.31
0.32
0.32
0.32
0.29
0.30
0.25
0.30
0.34
0.30
0.29
0.28
0.28
0.27
0.27
0.13
0.22
0.22
0.22
0.21
0.23
0.34
0.34
0.34
0.32
0.35
0.37
0.36
0.34
0.34
0.35
