0.28
0.29
0.28
0.26
0.27
0.25
0.30
0.28
0.29
0.28
0.26
0.26
0.24
0.28
0.29
0.29
0.29
0.28
0.30
0.31
0.30
0.28
0.29
0.27
0.30
0.32
0.31
0.32
0.29
0.30
0.28
0.32
0.30
0.35
0.30
0.28
0.27
0.36
0.34
0.37
0.34
0.32
0.31
0.32
0.34
0.35
0.34
0.32
0.32
0.30
0.33
0.34
0.33
0.31
0.34
0.35
0.35
0.33
0.32
0.34
0.35
0.37
0.35
0.33
0.33
0.36
0.32
0.33
0.33
0.31
0.32
0.35
0.32
0.29
0.30
0.29
0.32
0.36
0.32
0.30
0.30
0.30
0.34
0.36
0.34
0.31
0.31
0.32
0.33
0.32
0.30
0.30
0.36
0.31
0.30
0.29
0.21
0.29
0.33
0.29
0.27
0.29
0.22
0.29
0.31
0.30
0.27
0.27
0.27
0.32
0.12
0.19
0.17
0.23
0.30
0.31
0.30
0.27
0.28
0.26
0.28
0.24
0.30
0.35
0.30
0.28
0.27
0.20
0.29
0.31
0.29
0.26
0.26
0.26
0.13
0.12
0.29
0.31
0.29
0.27
0.27
0.26
0.30
0.30
0.19
