98.44
98.44
98.44
98.44
98.44
98.44
98.44
98.44
98.79
98.79
98.79
98.79
98.79
98.79
98.79
98.79
98.79
98.79
98.79
98.75
98.75
98.75
98.75
98.75
98.75
98.86
98.86
98.86
98.86
98.86
98.86
98.86
98.86
98.86
98.86
98.86
98.86
98.82
98.82
98.82
98.82
98.82
98.82
98.82
98.82
98.82
98.82
98.82
98.82
98.82
98.82
98.82
98.82
98.82
98.82
98.82
98.82
98.82
98.74
98.74
98.74
98.74
98.54
98.54
98.54
98.54
98.54
98.54
98.54
98.54
98.39
98.39
98.39
98.39
98.39
98.39
98.39
98.39
96.85
96.85
96.85
96.85
96.85
96.85
96.77
96.77
96.77
96.77
96.77
96.77
96.77
96.77
96.77
96.77
96.77
98.23
98.23
98.23
98.23
98.74
98.74
98.74
98.74
98.74
98.74
98.63
98.63
98.63
98.63
98.63
98.63
98.63
98.63
98.63
98.63
98.63
98.63
98.76
98.76
98.76
98.76
98.76
98.49
98.49
98.49
98.49
98.49
98.49
98.49
98.49
98.49
98.55
98.55
98.55
98.55
98.55
98.55
98.55
97.98
97.98
97.98
97.98
97.98
97.98
97.98
97.98
97.67
97.67
97.67
97.67
97.88
97.88
97.88
97.88
97.88
97.88
97.88
97.88
97.88
97.88
97.99
97.99
97.99
97.99
98.26
98.26
98.26
98.26
98.26
98.26
98.26
98.26
98.26
98.26
98.26
98.43
98.43
98.43
98.43
98.64
98.64
98.64
98.64
98.64
98.64
98.64
98.64
98.64
98.64
98.64
98.64
98.89
98.89
98.89
98.89
98.89
98.89
98.89
98.89
98.89
98.89
98.89
98.89
98.89
98.89
98.89
98.89
98.89
98.89
98.89
98.93
98.93
98.93
98.93
98.93
98.93
98.93
98.93
98.82
98.82
98.82
98.82
98.82
98.82
98.82
98.82
98.79
98.79
98.79
98.79
98.79
98.79
98.79
98.79
98.79
98.79
98.79
98.79
