98.75
98.75
98.75
98.75
98.75
98.75
98.75
98.75
98.55
98.55
98.55
98.55
98.55
98.55
98.55
98.55
98.18
98.18
98.18
98.18
98.18
98.18
98.18
98.18
98.18
96.93
96.93
96.93
96.93
96.93
96.93
96.93
96.93
96.93
95.02
95.02
95.02
95.02
95.02
97.99
97.99
97.99
97.99
97.99
97.99
97.99
97.99
97.99
97.37
97.37
97.37
97.37
97.37
97.37
97.37
97.37
97.37
95.84
95.84
95.84
95.84
95.84
95.84
95.84
95.84
95.84
98.13
98.13
98.13
98.13
98.13
98.13
98.13
98.13
98.13
98.13
98.13
98.73
98.73
98.73
98.73
98.73
98.73
98.73
98.73
98.12
98.12
98.12
98.12
98.12
98.12
98.12
98.12
98.26
98.26
98.26
98.26
98.26
98.26
98.26
98.69
98.69
98.69
98.69
98.69
98.19
98.19
98.19
98.19
98.19
98.19
98.19
98.19
98.19
96.08
96.08
96.08
96.08
96.08
96.08
96.08
96.08
95.71
95.71
95.71
95.71
95.71
95.71
95.71
95.71
97.76
97.76
97.76
97.76
97.76
97.76
97.76
97.76
96.08
96.08
96.08
96.08
96.08
96.08
96.08
96.08
98.03
98.03
98.03
98.03
98.03
98.03
98.03
98.03
98.03
98.49
98.49
98.49
98.49
98.49
98.49
98.49
98.49
98.49
98.49
98.56
98.56
98.56
98.56
98.56
98.56
98.56
98.35
98.35
98.35
98.35
98.35
98.35
98.35
98.35
98.35
