98.59
98.59
98.59
98.59
98.59
98.59
98.59
98.59
98.64
98.64
98.64
98.64
98.64
98.64
98.64
98.64
98.64
98.61
98.61
98.61
98.61
98.61
98.61
98.61
98.61
98.61
98.58
98.58
98.58
98.58
98.58
98.58
98.58
97.66
97.66
97.66
97.66
97.62
97.62
97.62
97.62
97.62
97.62
97.62
97.62
98.00
98.00
98.00
98.00
98.65
98.65
98.65
98.65
98.65
98.85
98.85
98.85
98.85
98.85
98.85
98.85
98.84
98.84
98.84
98.84
98.84
98.84
98.84
98.84
98.85
98.85
98.85
98.85
98.85
98.85
98.85
98.85
98.79
98.79
98.79
98.79
98.79
98.79
98.79
98.79
98.93
98.93
98.93
98.93
98.93
98.93
98.93
98.87
98.87
98.87
98.87
98.87
98.87
98.87
98.87
98.82
98.82
98.82
98.82
98.82
98.82
98.82
98.82
98.82
98.76
98.76
98.76
98.76
98.76
98.76
98.72
98.72
98.72
98.72
98.70
98.70
98.70
98.70
98.70
98.70
98.70
98.53
98.53
98.53
98.53
98.53
98.53
98.53
98.53
98.53
98.11
98.11
98.11
98.11
98.11
98.11
98.11
98.11
98.21
98.21
98.21
98.21
98.21
98.21
98.21
98.21
96.14
96.14
96.14
96.14
96.14
96.14
96.14
96.14
97.02
97.02
97.02
97.02
97.02
97.02
95.00
95.00
95.00
95.00
97.88
97.88
97.88
97.88
97.88
97.88
97.88
98.44
98.44
98.44
98.44
98.87
98.87
98.87
98.87
98.87
98.87
98.87
98.87
98.89
98.89
98.89
98.89
98.89
98.89
98.89
98.89
98.89
98.89
98.89
98.89
98.92
98.92
98.92
98.92
98.92
98.80
98.80
98.80
98.80
98.80
98.80
98.80
98.76
98.76
98.76
98.76
98.76
98.76
98.76
98.76
98.63
98.63
98.63
98.63
98.63
98.69
98.69
98.69
98.69
98.69
98.69
98.69
98.69
98.69
98.86
98.86
98.86
98.86
98.86
98.86
98.84
98.84
98.84
98.84
98.84
98.84
98.84
98.84
98.84
98.84
98.84
98.84
98.70
98.70
98.70
98.70
98.70
98.70
98.70
98.70
98.70
98.70
98.70
98.74
98.74
98.74
98.74
98.74
98.74
98.74
98.88
98.88
98.88
98.88
98.88
98.88
98.88
98.88
98.88
98.88
98.88
98.75
98.75
98.75
98.75
98.78
98.78
98.78
98.78
98.78
98.78
98.78
98.92
98.92
98.92
98.92
98.92
98.92
98.92
98.92
