78.97
78.97
78.97
78.97
78.97
78.97
78.97
78.97
78.97
80.43
80.43
80.43
80.43
80.43
80.43
80.43
80.43
80.43
82.31
82.31
82.31
82.31
90.36
90.36
90.36
90.36
90.36
90.36
90.36
90.36
95.58
95.58
95.58
95.58
95.58
95.58
95.58
95.58
95.58
95.58
95.58
96.18
96.18
96.18
96.18
96.18
96.18
96.18
96.18
96.18
96.18
96.18
96.86
96.86
96.86
96.86
96.86
96.86
96.86
96.86
97.50
97.50
97.50
97.50
97.50
97.50
97.50
97.50
97.50
98.24
98.24
98.24
98.24
98.24
98.24
98.24
98.48
98.48
98.48
98.48
98.48
98.45
98.45
98.45
98.45
98.45
98.45
98.45
98.45
98.44
98.44
98.44
98.44
98.44
97.75
97.75
97.75
97.75
97.75
97.75
97.29
97.29
97.29
97.29
97.29
97.29
97.29
97.29
97.29
97.29
97.29
97.87
97.87
97.87
97.87
97.87
97.87
97.87
97.87
97.87
97.87
97.87
97.87
96.99
96.99
96.99
96.99
96.99
96.99
96.99
96.99
96.99
96.99
96.99
96.99
96.99
96.99
96.57
96.57
96.57
96.57
96.57
96.57
96.57
98.37
98.37
98.37
98.37
98.37
98.37
98.37
98.45
98.45
98.45
98.45
98.32
98.32
98.32
98.32
98.32
98.32
98.32
98.32
98.32
98.32
98.32
97.23
97.23
97.23
97.23
97.98
97.98
97.98
97.98
97.98
97.98
97.98
97.98
98.49
98.49
98.49
98.49
98.49
98.49
98.49
98.49
98.49
98.49
98.49
98.26
98.26
98.26
98.26
98.26
98.26
98.26
98.26
98.26
98.26
98.30
98.30
98.30
98.30
98.30
98.30
98.30
98.30
96.26
96.26
96.26
96.26
96.26
96.26
96.26
96.26
96.72
96.72
96.72
96.72
96.72
96.48
96.48
96.48
96.48
96.48
96.48
96.48
96.48
96.48
98.03
98.03
98.03
98.03
98.03
98.03
98.03
98.68
98.68
98.68
98.68
98.68
98.68
98.68
98.68
98.68
98.68
98.68
98.48
98.48
98.48
98.48
98.48
98.48
98.48
98.48
98.65
98.65
98.65
98.65
98.65
98.65
98.65
98.40
98.40
98.40
98.40
98.40
98.40
98.40
98.40
98.40
98.40
98.40
98.40
98.40
98.40
98.66
98.66
98.66
98.66
98.66
98.66
98.66
98.46
98.46
98.46
98.46
98.46
98.46
98.46
98.46
96.95
96.95
96.95
96.95
96.95
96.95
96.95
96.95
96.95
