98.19
98.19
98.19
98.19
98.19
98.19
98.19
98.19
98.19
98.19
98.19
98.26
98.26
98.26
98.26
98.26
98.26
98.26
98.26
98.26
98.26
98.26
97.45
97.45
97.45
97.45
97.45
97.45
97.45
97.45
95.06
95.06
95.06
95.06
95.06
95.06
95.06
95.06
93.16
93.16
93.16
93.16
93.16
93.16
93.16
89.81
89.81
89.81
89.81
89.81
89.81
89.81
89.81
89.81
89.81
89.44
89.44
89.44
89.44
89.44
89.44
89.44
89.44
90.86
90.86
90.86
90.86
90.86
90.86
90.86
87.94
87.94
87.94
87.94
87.94
87.94
87.94
88.12
88.12
88.12
88.12
88.12
88.12
88.12
88.12
89.31
89.31
89.31
89.31
89.31
91.00
91.00
91.00
91.00
91.00
91.00
91.00
93.10
93.10
93.10
93.10
93.10
93.10
93.10
93.10
95.07
95.07
95.07
95.07
95.07
95.07
95.07
95.07
94.27
94.27
94.27
94.27
94.27
94.27
94.27
94.27
94.27
94.67
94.67
94.67
94.67
94.67
94.67
94.67
94.67
94.67
94.67
94.67
