84.99
84.99
84.99
84.99
84.99
84.99
84.99
84.99
84.99
84.99
84.99
84.99
78.54
78.54
78.54
78.54
78.54
78.54
78.54
78.54
78.54
81.84
81.84
81.84
81.84
81.84
81.84
85.70
85.70
85.70
85.70
85.70
85.70
85.70
85.70
85.70
86.75
86.75
86.75
86.75
86.75
86.75
90.31
90.31
90.31
90.31
90.31
90.31
90.31
90.36
90.36
90.36
90.36
90.36
90.36
90.36
90.36
90.61
90.61
90.61
90.61
90.61
90.61
92.89
92.89
92.89
92.89
92.89
92.89
92.89
92.89
92.89
93.82
93.82
93.82
93.82
93.82
93.82
93.82
93.82
93.82
93.82
93.82
95.72
95.72
95.72
95.72
95.72
95.72
95.72
96.60
96.60
96.60
96.60
96.60
96.60
96.60
96.60
96.60
97.12
97.12
97.12
97.12
97.12
97.12
97.12
97.12
97.35
97.35
97.35
97.35
97.35
97.35
97.35
97.35
97.35
97.35
97.35
97.77
97.77
97.77
97.77
97.77
97.77
97.77
97.50
97.50
97.50
97.50
97.50
97.50
97.68
97.68
97.68
97.68
97.68
97.68
97.68
97.68
97.68
97.68
97.68
97.68
97.21
97.21
97.21
97.21
97.21
97.21
97.21
97.21
96.34
96.34
96.34
96.34
96.34
96.34
96.34
96.34
96.34
96.34
93.00
93.00
93.00
93.00
93.00
93.00
93.00
93.00
94.51
94.51
94.51
94.51
94.51
94.51
94.51
94.51
94.49
94.49
94.49
94.49
94.49
94.49
