0.91
0.90
0.90
0.89
0.89
0.84
0.83
0.77
0.74
0.88
0.87
0.86
0.86
0.85
0.81
0.81
0.81
0.79
0.80
0.77
0.78
0.79
0.79
0.80
0.75
0.77
0.68
0.65
0.55
0.82
0.82
0.82
0.80
0.78
0.88
0.88
0.89
0.85
0.88
0.77
0.71
0.74
0.90
0.91
0.90
0.90
0.89
0.89
0.86
0.87
0.87
0.87
0.82
0.85
0.92
0.92
0.92
0.90
0.92
0.80
0.75
0.72
0.69
0.91
0.92
0.92
0.90
0.91
0.81
0.92
0.91
0.91
0.91
0.90
0.88
0.88
0.86
0.91
0.91
0.92
0.90
0.92
0.85
0.92
0.92
0.92
0.91
0.91
0.78
0.92
0.92
0.92
0.89
0.91
0.78
0.72
0.70
0.65
0.91
0.92
0.92
0.90
0.92
0.82
0.80
0.72
0.93
0.94
0.94
0.93
0.93
0.91
0.91
0.88
0.94
0.94
0.94
0.93
0.93
0.93
0.93
0.93
0.92
0.93
0.87
0.85
0.86
0.94
0.94
0.94
0.94
0.94
0.93
0.91
0.90
0.90
0.90
0.87
0.89
0.95
0.95
0.95
0.95
0.94
0.94
0.93
0.91
0.92
0.95
0.94
0.94
0.93
0.94
0.84
0.79
0.71
0.66
0.94
0.94
0.94
0.93
0.94
0.95
0.95
0.95
0.94
0.94
0.89
0.89
0.85
0.94
0.94
0.94
0.93
0.95
0.95
0.94
0.94
0.93
0.91
0.86
0.86
