0.48
0.55
0.50
0.46
0.48
0.48
0.49
0.56
0.50
0.57
0.52
0.46
0.50
0.46
0.42
0.42
0.38
0.41
0.53
0.55
0.53
0.48
0.51
0.47
0.44
0.45
0.45
0.47
0.46
0.43
0.43
0.45
0.43
0.38
0.40
0.37
0.44
0.34
0.46
0.39
0.44
0.39
0.36
0.38
0.38
0.40
0.44
0.40
0.36
0.37
0.35
0.41
0.45
0.44
0.38
0.41
0.38
0.35
0.36
0.38
0.40
0.38
0.36
0.37
0.38
0.37
0.36
0.43
0.44
0.43
0.40
0.41
0.38
0.36
0.38
0.37
0.39
0.37
0.33
0.34
0.32
0.38
0.36
0.38
0.36
0.34
0.34
0.33
0.39
0.35
0.28
0.24
0.31
0.36
0.36
0.36
0.34
0.36
0.38
0.36
0.34
0.34
0.32
0.37
0.37
0.39
0.37
0.34
0.34
0.37
0.40
0.37
0.36
0.35
0.35
0.35
