0.76
0.79
0.81
0.70
0.74
0.62
0.62
0.56
0.85
0.84
0.84
0.82
0.80
0.72
0.71
0.84
0.85
0.86
0.82
0.83
0.71
0.70
0.86
0.87
0.89
0.84
0.88
0.76
0.72
0.65
0.57
0.88
0.88
0.88
0.88
0.87
0.86
0.84
0.84
0.83
0.84
0.80
0.90
0.89
0.89
0.88
0.88
0.81
0.80
0.69
0.89
0.89
0.89
0.87
0.88
0.81
0.78
0.81
0.90
0.89
0.89
0.88
0.89
0.84
0.84
0.89
0.89
0.89
0.88
0.88
0.86
0.84
0.84
0.83
0.84
0.79
0.81
0.88
0.88
0.88
0.86
0.87
0.76
0.72
0.62
0.68
0.90
0.89
0.89
0.87
0.88
0.79
0.76
0.71
0.58
0.54
0.69
0.91
0.91
0.90
0.90
0.89
0.85
0.92
0.92
0.93
0.90
0.93
0.82
0.74
0.74
0.73
0.73
0.52
0.71
0.93
0.94
0.93
0.93
0.93
0.93
0.94
0.94
0.94
0.93
0.94
0.90
0.85
0.85
0.84
0.83
0.94
0.94
0.94
0.94
0.93
0.93
0.92
0.94
0.94
0.94
0.93
0.94
0.80
0.79
0.74
0.95
0.95
0.95
0.94
0.94
0.89
0.87
0.86
0.85
0.95
0.95
0.95
0.94
0.94
0.81
0.82
0.95
0.95
0.94
0.94
0.94
0.90
0.85
0.85
0.95
0.95
0.95
0.94
0.94
0.91
0.91
0.94
0.94
0.94
0.93
0.94
0.88
0.82
0.85
0.94
0.94
0.94
0.94
0.93
0.91
0.91
0.88
0.92
0.92
0.92
0.90
0.91
0.79
0.69
0.69
0.66
0.66
0.66
0.91
0.91
0.90
0.88
0.89
0.78
0.75
0.66
0.72
0.93
0.93
0.92
0.91
0.91
0.85
0.81
0.82
0.80
0.92
0.92
0.92
0.92
0.90
0.91
0.89
0.89
0.88
0.88
0.85
0.87
0.91
0.91
0.90
0.90
0.88
0.88
0.88
0.91
0.90
0.89
0.88
0.86
0.82
0.76
0.79
0.91
0.90
0.90
0.89
0.87
0.85
0.80
0.78
0.78
0.89
0.88
0.87
0.86
0.84
0.76
0.75
0.73
0.89
0.88
0.89
0.86
0.87
0.77
0.72
0.67
0.64
0.90
0.90
0.91
0.90
0.90
0.87
0.84
0.84
0.84
0.84
0.82
0.81
0.92
0.92
0.93
0.91
0.92
0.86
0.86
0.82
0.93
0.93
0.93
0.92
0.92
0.91
0.89
0.89
0.90
0.90
0.89
0.94
0.93
0.93
0.91
0.92
0.78
0.74
0.67
0.58
0.94
0.94
0.94
0.93
0.93
0.91
0.90
0.93
0.94
0.94
0.93
0.93
0.84
0.94
0.94
0.94
0.93
0.94
0.78
0.95
0.95
0.95
0.94
0.94
0.89
0.89
0.95
0.95
0.95
0.95
0.94
0.93
0.92
0.96
0.96
0.96
0.95
0.95
0.94
0.89
0.89
0.96
0.96
0.96
0.95
0.95
0.93
0.90
0.85
0.95
0.95
0.95
0.95
0.95
0.91
0.87
0.83
0.67
0.65
0.80
0.95
0.95
0.94
0.94
0.93
0.93
0.93
0.92
0.92
0.91
0.92
0.92
0.91
0.90
