97.83
97.83
97.83
97.83
97.83
97.83
98.63
98.63
98.63
98.63
98.63
98.63
98.63
98.66
98.66
98.66
98.66
98.66
98.66
98.66
98.81
98.81
98.81
98.81
98.81
98.81
98.50
98.50
98.50
98.50
98.50
97.99
97.99
97.99
97.99
97.99
97.99
95.95
95.95
95.95
95.95
95.95
95.95
95.95
93.99
93.99
93.99
93.99
93.99
93.99
93.99
93.99
89.34
89.34
89.34
89.34
89.34
89.34
89.34
89.34
89.34
91.20
91.20
91.20
91.20
91.20
91.20
91.20
91.20
91.20
91.20
93.49
93.49
93.49
93.49
93.49
93.49
93.49
93.49
93.49
93.49
94.66
94.66
94.66
94.66
94.66
94.66
94.66
96.32
96.32
96.32
96.32
96.32
96.32
96.32
96.32
95.42
95.42
95.42
95.42
95.42
95.42
95.42
95.42
95.42
95.41
95.41
95.41
95.41
95.41
95.41
95.41
96.56
96.56
96.56
96.56
96.56
96.56
96.56
96.56
96.44
96.44
96.44
96.44
96.44
96.44
96.44
96.44
96.37
96.37
96.37
96.37
96.37
96.37
96.37
96.37
96.37
95.40
95.40
95.40
95.40
95.40
95.40
95.40
95.40
95.00
95.00
95.00
95.00
95.00
95.00
95.00
95.00
95.41
95.41
95.41
95.41
95.41
95.41
95.41
95.41
94.48
94.48
94.48
94.48
96.38
96.38
96.38
96.38
96.38
96.38
96.38
96.38
96.38
97.41
97.41
97.41
97.41
97.41
97.41
97.41
97.41
97.41
97.41
97.41
97.41
96.78
96.78
96.78
96.78
96.78
96.62
96.62
96.62
96.62
96.62
96.62
96.62
94.95
94.95
94.95
94.95
94.95
94.95
94.95
94.95
94.72
94.72
94.72
94.72
94.72
94.72
94.72
94.72
94.72
94.72
94.72
95.47
95.47
95.47
95.47
95.47
95.47
95.47
95.47
95.47
95.47
94.92
94.92
94.92
94.92
94.92
94.92
94.92
94.92
95.94
95.94
95.94
95.94
95.94
95.94
96.02
96.02
96.02
96.02
96.02
96.02
96.02
96.02
95.66
95.66
95.66
95.66
95.66
95.66
95.66
95.66
95.33
95.33
95.33
95.33
95.33
95.33
95.33
95.33
95.33
