0.97
0.97
0.97
0.96
0.96
0.90
0.84
0.77
0.70
0.96
0.96
0.95
0.95
0.95
0.91
0.92
0.95
0.95
0.95
0.94
0.94
0.91
0.86
0.86
0.94
0.94
0.93
0.92
0.92
0.82
0.74
0.74
0.93
0.93
0.93
0.91
0.92
0.94
0.95
0.95
0.94
0.94
0.95
0.95
0.95
0.94
0.95
0.92
0.90
0.96
0.96
0.96
0.95
0.95
0.94
0.91
0.90
0.78
0.75
0.87
0.95
0.95
0.95
0.95
0.94
0.92
0.93
0.95
0.94
0.94
0.94
0.94
0.90
0.89
0.94
0.94
0.93
0.94
0.92
0.92
0.92
0.92
0.92
0.91
0.90
0.90
0.79
0.75
0.69
0.69
0.90
0.89
0.88
0.87
0.86
0.79
0.87
0.87
0.86
0.83
0.90
0.90
0.90
0.88
0.88
0.82
0.77
0.76
0.92
0.92
0.92
0.90
0.91
0.86
0.93
0.93
0.93
0.92
0.93
0.87
0.92
0.92
0.93
0.92
0.93
0.93
0.93
0.91
0.92
0.81
0.74
0.74
0.94
0.95
0.94
0.94
0.93
0.92
0.88
0.89
0.90
0.88
0.90
0.87
0.89
0.88
0.96
0.96
0.96
0.96
0.96
0.93
0.89
0.89
0.96
0.96
0.96
0.96
0.95
0.95
0.91
0.91
0.92
0.92
0.93
0.91
0.92
0.91
0.96
0.96
0.95
0.95
0.95
0.86
0.97
0.97
0.97
0.96
0.96
0.95
0.93
0.91
0.90
0.97
0.97
0.97
0.97
0.97
0.97
0.96
0.96
0.97
0.97
0.97
0.97
0.97
0.92
0.91
0.97
0.97
0.96
0.96
0.95
0.95
0.95
0.96
0.96
0.96
0.95
0.95
0.90
0.90
0.94
0.94
0.94
0.92
0.95
0.95
0.94
0.93
0.94
0.94
0.94
0.92
0.93
0.79
0.74
0.66
0.60
0.92
0.92
0.92
0.91
0.91
0.92
0.92
0.91
0.89
0.91
0.91
0.91
0.89
0.91
0.74
0.76
0.92
0.91
0.90
0.90
0.86
0.82
0.81
0.78
0.90
0.90
0.90
0.88
0.88
0.78
0.74
0.67
0.59
0.83
0.82
0.81
0.79
0.76
0.80
0.83
0.83
0.83
0.80
0.75
0.75
0.68
0.71
0.87
0.87
0.87
0.84
0.86
0.77
0.74
0.70
0.64
0.90
0.90
0.90
0.89
0.87
0.93
0.93
0.93
0.90
0.93
0.77
0.72
0.66
0.58
0.93
0.93
0.92
0.92
0.91
0.91
0.90
0.88
0.94
0.94
0.94
0.92
0.93
0.78
0.79
0.92
0.93
0.93
0.92
0.92
0.92
0.90
0.86
0.92
0.94
0.92
0.89
0.89
0.69
0.63
0.61
0.73
