90.22
90.22
90.22
90.22
90.22
90.22
90.22
90.22
90.22
81.97
81.97
81.97
81.97
81.97
81.97
81.97
88.57
88.57
88.57
88.57
88.57
88.57
92.77
92.77
92.77
92.77
92.77
92.77
92.77
92.77
92.77
95.98
95.98
95.98
95.98
95.98
95.98
95.98
96.03
96.03
96.03
96.03
96.03
96.03
97.63
97.63
97.63
97.63
97.63
97.63
97.63
97.18
97.18
97.18
97.18
97.18
97.18
97.18
97.18
97.18
97.18
97.18
97.18
97.18
97.18
97.18
97.18
97.18
97.18
97.18
96.53
96.53
96.53
96.53
97.52
97.52
97.52
97.52
97.52
97.52
97.52
97.52
97.52
97.96
97.96
97.96
97.96
98.15
98.15
98.15
98.15
98.15
98.15
98.15
98.15
98.01
98.01
98.01
98.01
98.01
98.01
98.01
94.89
94.89
94.89
94.89
94.89
94.89
94.89
89.98
89.98
89.98
89.98
89.98
89.98
89.98
90.75
90.75
90.75
90.75
90.75
90.75
90.75
90.75
90.75
93.06
93.06
93.06
93.06
93.06
93.06
93.06
93.06
90.28
90.28
90.28
90.28
90.28
90.28
90.28
92.13
92.13
92.13
92.13
92.13
92.13
95.85
95.85
95.85
95.85
95.85
95.85
95.85
95.85
95.85
97.23
97.23
97.23
97.23
97.23
97.23
97.23
97.23
97.23
97.23
97.23
97.65
97.65
97.65
97.65
98.35
98.35
98.35
98.35
98.35
98.35
98.35
98.35
98.46
98.46
98.46
98.46
98.46
98.46
98.46
98.46
98.36
98.36
98.36
98.36
98.36
98.36
98.36
98.36
97.91
97.91
97.91
97.91
97.91
97.91
97.91
96.92
96.92
96.92
96.92
96.92
96.92
96.92
96.92
96.92
95.91
95.91
95.91
95.91
95.91
95.91
95.91
95.91
95.91
95.91
95.91
95.91
94.87
94.87
94.87
94.87
94.87
94.87
94.87
94.87
94.87
95.39
95.39
95.39
95.39
95.39
95.39
95.39
