94.94
94.94
94.94
94.94
94.12
94.12
94.12
94.12
94.12
94.12
94.12
94.12
94.12
94.94
94.94
94.94
94.94
94.94
96.81
96.81
96.81
96.81
96.81
96.81
96.81
96.81
96.25
96.25
96.25
96.25
96.25
96.25
96.25
96.25
96.25
96.38
96.38
96.38
96.38
96.38
96.38
96.38
96.38
96.38
97.44
97.44
97.44
97.44
97.44
97.44
97.44
97.00
97.00
97.00
97.00
97.00
96.12
96.12
96.12
96.12
96.12
96.12
96.06
96.06
96.06
96.06
96.06
96.06
96.06
96.06
94.69
94.69
94.69
94.69
94.69
94.69
94.69
94.69
94.69
94.69
94.69
89.00
89.00
89.00
89.00
89.00
89.00
89.00
89.00
89.00
84.62
84.62
84.62
84.62
87.31
87.31
87.31
87.31
87.31
87.31
83.62
83.62
83.62
83.62
83.62
83.62
83.62
83.62
83.62
83.62
83.62
91.38
91.38
91.38
91.38
91.38
91.38
91.38
91.38
91.38
91.38
93.31
93.31
93.31
93.31
93.31
93.31
93.31
95.81
95.81
95.81
95.81
95.81
95.81
95.81
95.81
95.81
95.81
95.81
95.69
95.69
95.69
95.69
95.69
95.69
95.69
95.69
95.69
95.81
95.81
95.81
95.81
95.81
95.81
95.81
97.00
97.00
97.00
97.00
97.00
97.25
97.25
97.25
97.25
97.25
97.25
97.25
97.25
96.94
96.94
96.94
96.94
96.94
97.06
97.06
97.06
97.06
97.06
97.06
97.06
97.06
96.62
96.62
96.62
96.62
96.62
96.62
96.62
96.62
96.75
96.75
96.75
96.75
96.75
95.94
95.94
95.94
95.94
95.94
95.94
95.94
95.94
95.31
95.31
95.31
95.31
95.31
95.31
95.31
95.31
93.19
93.19
93.19
93.19
93.19
93.19
93.19
93.19
93.56
93.56
93.56
93.56
93.88
93.88
93.88
93.88
93.88
93.88
93.88
93.88
92.00
92.00
92.00
92.00
92.00
92.00
92.38
92.38
92.38
92.38
92.38
92.38
92.38
92.38
93.56
93.56
93.56
93.56
93.56
93.56
93.56
93.56
93.56
93.56
93.56
93.56
92.19
92.19
92.19
92.19
92.19
92.19
91.19
91.19
91.19
91.19
91.19
91.19
91.19
91.19
92.69
92.69
92.69
92.69
92.69
92.69
92.69
92.69
92.69
92.69
92.69
92.69
92.44
92.44
92.44
92.44
92.44
92.44
92.44
92.44
92.44
92.44
92.44
90.62
90.62
90.62
90.62
90.62
90.62
90.62
90.62
90.06
90.06
90.06
90.06
90.06
90.06
90.06
90.06
91.62
91.62
91.62
91.62
92.88
92.88
92.88
92.88
92.88
92.88
92.88
92.88
92.88
93.12
93.12
93.12
93.12
93.12
93.12
93.12
93.12
94.50
94.50
94.50
94.50
94.50
94.50
94.50
94.50
94.50
95.44
95.44
95.44
95.44
95.44
95.44
95.44
95.44
95.44
95.81
95.81
95.81
95.81
95.81
95.81
95.81
95.81
95.81
95.81
95.81
95.81
96.38
96.38
96.38
96.38
96.38
96.38
96.38
96.38
96.38
96.38
96.38
96.81
96.81
96.81
96.81
96.81
96.81
96.81
96.81
96.81
96.50
96.50
96.50
96.50
96.50
96.50
96.50
96.50
96.31
96.31
96.31
96.31
96.31
95.94
95.94
95.94
95.94
95.94
95.94
95.94
95.94
95.38
95.38
95.38
95.38
95.38
95.38
95.38
95.38
95.38
94.06
94.06
94.06
94.06
94.06
94.06
94.06
94.06
94.06
94.06
94.06
91.88
91.88
91.88
91.88
91.88
91.88
91.88
90.56
90.56
90.56
90.56
90.56
90.56
90.56
90.56
90.56
