0.90
0.91
0.91
0.90
0.90
0.91
0.90
0.90
0.89
0.89
0.86
0.90
0.90
0.90
0.90
0.89
0.88
0.87
0.84
0.85
0.90
0.90
0.90
0.89
0.89
0.82
0.82
0.91
0.91
0.90
0.90
0.89
0.88
0.88
0.87
0.89
0.88
0.88
0.87
0.85
0.82
0.80
0.84
0.84
0.84
0.82
0.84
0.84
0.84
0.83
0.87
0.87
0.88
0.86
0.87
0.80
0.76
0.74
0.70
0.88
0.89
0.89
0.87
0.88
0.83
0.78
0.79
0.90
0.91
0.90
0.91
0.89
0.91
0.90
0.90
0.90
0.90
0.89
0.90
0.90
0.89
0.88
0.87
0.77
0.80
0.92
0.93
0.93
0.91
0.92
0.87
0.85
0.86
0.93
0.93
0.93
0.92
0.92
0.90
0.86
0.87
0.87
0.87
0.81
0.86
0.95
0.95
0.95
0.94
0.94
0.83
0.95
0.95
0.95
0.95
0.95
0.94
0.93
0.92
0.96
0.96
0.95
0.96
0.95
0.95
0.93
0.94
0.93
0.93
0.95
0.95
0.94
0.94
0.93
0.93
0.90
