0.90
0.90
0.89
0.89
0.87
0.88
0.88
0.87
0.87
0.85
0.82
0.75
0.77
0.81
0.84
0.83
0.79
0.81
0.80
0.88
0.88
0.87
0.87
0.85
0.79
0.87
0.87
0.86
0.86
0.84
0.85
0.83
0.81
0.80
0.84
0.84
0.84
0.83
0.85
0.85
0.83
0.84
0.79
0.81
0.86
0.79
0.77
0.75
0.73
0.67
0.72
0.73
0.77
0.64
0.65
0.62
0.58
0.58
0.53
0.48
0.51
0.53
0.52
0.53
0.50
0.50
0.50
0.50
0.47
0.49
0.45
0.49
0.42
0.31
0.26
0.39
0.57
0.58
0.57
0.52
0.55
0.50
0.53
0.42
0.55
0.56
0.55
0.56
0.50
0.53
0.45
0.49
0.37
0.33
0.59
0.59
0.60
0.54
0.57
0.45
0.47
0.62
0.63
0.64
0.55
0.61
0.50
0.53
0.40
0.30
0.26
0.42
0.82
0.83
0.83
0.79
0.79
0.74
0.71
0.70
0.84
0.85
0.85
0.82
0.83
0.77
0.72
0.68
0.70
0.65
0.87
0.88
0.89
0.88
0.90
0.91
0.91
0.90
0.90
0.91
0.90
0.90
0.89
0.89
0.86
0.90
0.90
0.90
0.90
0.89
0.88
0.87
0.84
0.85
0.90
0.90
0.90
0.89
0.89
0.82
0.82
0.91
0.91
0.90
0.90
0.89
0.88
0.88
0.87
0.89
0.88
0.88
0.87
0.85
0.82
0.80
0.84
0.84
0.84
0.82
0.84
0.84
0.84
0.83
0.87
0.87
0.88
0.86
0.87
0.80
0.76
0.74
0.70
0.88
0.89
0.89
0.87
0.88
0.83
0.78
0.79
0.90
0.91
0.90
0.91
0.89
0.91
0.90
0.90
0.90
0.90
0.89
0.90
0.90
0.89
0.88
0.87
0.77
0.80
0.92
0.93
0.93
0.91
0.92
0.87
0.85
0.86
0.93
0.93
0.93
0.92
0.92
0.90
0.86
0.87
0.87
0.87
0.81
0.86
0.95
0.95
0.95
0.94
0.94
0.83
0.95
0.95
0.95
0.95
0.95
0.94
0.93
0.92
0.96
0.96
0.95
0.96
0.95
0.95
0.93
0.94
0.93
0.93
0.95
0.95
0.94
0.94
0.93
0.93
0.90
0.95
0.94
0.93
0.93
0.91
0.91
0.89
0.87
0.80
0.78
0.84
0.94
0.94
0.94
0.93
0.93
0.88
0.85
0.82
0.78
0.93
0.93
0.91
0.91
0.89
0.87
0.83
0.83
0.91
0.91
0.89
0.90
0.87
0.86
0.85
0.89
0.89
0.87
0.87
0.84
0.80
0.85
0.83
0.83
0.81
0.81
0.78
0.79
0.75
0.76
0.81
0.82
0.82
0.79
0.81
0.75
0.72
0.73
0.83
0.83
0.82
0.80
0.79
0.77
0.75
0.82
0.82
0.81
0.79
0.79
0.73
0.70
0.64
0.58
0.82
0.82
0.82
0.79
0.80
0.72
0.67
0.67
0.86
0.87
0.87
0.85
0.85
0.81
0.79
0.75
0.70
0.88
0.89
0.90
0.88
0.90
0.86
0.92
0.92
0.92
0.91
0.91
0.89
0.91
0.91
0.91
0.92
0.91
0.93
0.93
0.93
0.93
0.93
0.92
0.92
0.92
0.91
0.92
0.92
0.92
0.91
0.91
0.87
0.84
0.80
0.64
0.63
0.80
0.92
0.92
0.91
0.91
0.90
0.91
0.88
0.89
0.88
0.88
0.84
0.88
0.90
0.90
0.90
0.89
0.89
0.87
0.84
0.82
0.83
0.93
0.93
0.93
0.92
0.92
0.89
0.84
0.84
0.92
0.92
0.93
0.91
0.92
0.86
0.80
0.80
0.94
0.94
0.94
0.93
0.93
0.81
