98.80
98.80
98.80
98.80
98.80
98.80
98.80
98.80
98.82
98.82
98.82
98.82
98.82
98.82
98.82
98.82
98.82
98.82
98.82
98.82
98.89
98.89
98.89
98.89
98.89
98.89
98.89
98.89
98.89
98.89
98.89
98.89
98.92
98.92
98.92
98.92
98.92
98.92
98.92
98.91
98.91
98.91
98.91
98.91
98.91
98.80
98.80
98.80
98.80
98.92
98.92
98.92
98.92
98.92
98.92
98.92
98.89
98.89
98.89
98.89
98.89
98.88
98.88
98.88
98.88
98.88
98.88
98.88
98.88
98.88
98.47
98.47
98.47
98.47
98.47
98.47
95.68
95.68
95.68
95.68
95.68
95.68
95.68
95.68
95.68
95.68
95.68
92.47
92.47
92.47
92.47
92.47
92.27
92.27
92.27
92.27
92.27
92.27
92.27
87.20
87.20
87.20
87.20
92.13
92.13
92.13
92.13
92.13
92.13
92.13
92.13
93.22
93.22
93.22
93.22
93.22
93.22
93.22
93.22
93.22
93.22
93.22
93.22
94.87
94.87
94.87
94.87
98.17
98.17
98.17
98.17
98.17
98.17
98.17
98.17
98.17
98.17
98.17
98.17
98.78
98.78
98.78
98.78
98.78
98.78
98.78
98.78
98.78
98.78
98.78
98.78
98.88
98.88
98.88
98.88
98.88
98.88
98.88
98.88
98.88
98.90
98.90
98.90
98.90
98.90
98.89
98.89
98.89
98.89
98.89
98.89
98.89
98.89
98.89
98.89
98.89
98.93
98.93
98.93
98.93
98.93
98.93
98.93
98.93
98.90
98.90
98.90
98.90
98.90
98.90
98.90
98.90
98.90
98.68
98.68
98.68
98.68
98.78
98.78
98.78
98.78
98.78
98.58
98.58
98.58
98.58
98.58
98.58
98.72
98.72
98.72
98.72
98.72
98.72
98.72
98.65
98.65
98.65
98.65
98.65
98.65
98.65
98.65
98.65
98.65
98.65
98.34
98.34
98.34
98.34
98.34
98.34
98.34
98.64
98.64
98.64
98.64
98.87
98.87
98.87
98.87
98.87
98.87
98.87
98.91
98.91
98.91
98.91
98.91
98.91
98.90
98.90
98.90
98.90
98.90
98.90
98.90
98.93
98.93
98.93
98.93
98.93
98.93
98.93
98.93
98.93
98.93
98.93
98.93
98.93
98.93
98.93
98.93
98.87
98.87
98.87
98.87
98.87
98.87
98.87
98.87
98.87
98.87
98.87
98.87
98.87
98.87
98.80
98.80
98.80
98.80
98.80
98.80
98.80
98.80
98.75
98.75
98.75
98.75
98.75
98.75
98.75
98.75
98.75
98.75
98.75
98.75
96.75
96.75
96.75
96.75
96.75
96.75
