0.52
0.54
0.54
0.51
0.66
0.66
0.67
0.61
0.64
0.58
0.54
0.48
0.73
0.73
0.74
0.71
0.71
0.67
0.64
0.57
0.46
0.41
0.60
0.79
0.79
0.79
0.77
0.77
0.74
0.71
0.66
0.69
0.79
0.80
0.80
0.78
0.79
0.76
0.73
0.85
0.85
0.85
0.84
0.85
0.85
0.84
0.84
0.82
0.83
0.79
0.87
0.87
0.88
0.85
0.88
0.77
0.74
0.65
0.68
0.91
0.91
0.91
0.90
0.91
0.87
0.87
0.93
0.93
0.93
0.92
0.93
0.89
0.84
0.84
0.94
0.94
0.94
0.93
0.94
0.91
0.91
0.95
0.95
0.95
0.95
0.95
0.94
0.94
0.93
0.94
0.94
0.94
0.93
0.93
0.91
0.90
0.94
0.94
0.93
0.93
0.92
0.93
0.92
0.92
0.91
0.92
0.91
0.92
0.92
0.92
0.91
0.91
0.87
0.87
0.84
0.91
0.91
0.91
0.90
0.90
0.85
0.83
0.76
0.68
0.89
0.89
0.88
0.87
0.86
0.82
0.83
0.88
0.88
0.87
0.85
0.85
0.76
0.72
0.69
0.65
0.86
0.86
0.86
0.82
0.83
0.89
0.89
0.89
0.86
0.87
0.78
0.68
0.72
0.93
0.94
0.93
0.93
0.93
0.92
0.90
0.90
0.90
0.90
0.87
0.89
0.94
0.94
0.94
0.93
0.94
0.88
0.85
0.82
0.84
0.95
0.95
0.95
0.95
0.94
0.94
0.93
0.93
0.92
0.93
0.92
0.93
0.93
0.93
0.93
0.94
0.94
0.93
0.93
0.93
0.85
0.85
0.92
0.92
0.92
0.91
0.91
0.87
0.80
0.80
0.91
0.91
0.91
0.90
0.89
0.87
0.83
0.83
0.83
0.83
0.86
0.86
0.86
0.85
0.84
0.82
0.82
0.77
0.74
0.74
0.75
0.85
0.84
0.83
0.82
0.80
0.71
0.72
0.80
0.79
0.78
0.77
0.76
0.73
0.71
0.72
0.80
0.79
0.79
0.77
0.75
0.84
0.84
0.83
0.81
0.81
0.77
0.73
0.76
0.89
0.89
0.89
0.86
0.88
0.73
0.73
0.91
0.92
0.92
0.91
0.90
0.89
0.85
0.86
0.89
0.87
0.86
0.84
0.85
0.85
0.92
0.92
0.93
0.91
0.92
0.84
0.80
0.73
0.77
0.93
0.93
0.93
0.93
0.92
0.93
0.92
0.92
0.91
0.92
0.92
0.92
0.92
0.92
0.92
0.91
0.90
0.90
0.89
0.89
0.88
0.88
0.87
