88.56
88.56
88.56
88.56
88.56
88.56
88.56
88.56
85.38
85.38
85.38
85.38
85.38
85.38
85.38
84.94
84.94
84.94
84.94
84.94
84.94
84.94
84.94
84.50
84.50
84.50
84.50
84.50
90.62
90.62
90.62
90.62
90.62
90.62
90.62
90.62
95.38
95.38
95.38
95.38
95.38
95.38
95.38
95.38
93.50
93.50
93.50
93.50
93.50
93.50
93.44
93.44
93.44
93.44
93.44
93.44
93.44
93.44
95.56
95.56
95.56
95.56
95.56
95.56
95.56
97.06
97.06
97.06
97.06
97.06
97.06
97.06
97.06
94.69
94.69
94.69
94.69
93.56
93.56
93.56
93.56
93.56
93.56
93.56
87.38
87.38
87.38
87.38
87.38
87.38
87.38
87.38
83.62
83.62
83.62
83.62
83.62
83.62
83.62
83.62
89.88
89.88
89.88
89.88
89.88
89.88
89.88
91.62
91.62
91.62
91.62
91.62
91.62
91.62
91.62
95.56
95.56
95.56
95.56
95.56
95.56
95.56
96.62
96.62
96.62
96.62
96.62
96.62
96.62
96.88
96.88
96.88
96.88
96.88
96.88
96.88
96.88
96.38
96.38
96.38
96.38
96.38
96.38
96.38
96.38
96.38
96.38
96.62
96.62
96.62
96.62
96.62
96.62
96.62
96.62
97.44
97.44
97.44
97.44
97.44
97.44
97.44
96.50
96.50
96.50
96.50
96.50
96.50
96.50
96.50
96.06
96.06
96.06
96.06
96.06
95.56
95.56
95.56
95.56
96.31
96.31
96.31
96.31
96.31
96.31
96.31
96.31
96.31
96.81
96.81
96.81
96.81
96.81
96.88
96.88
96.88
96.88
96.88
96.88
96.88
96.88
97.19
97.19
97.19
97.19
97.19
97.19
97.19
96.00
96.00
96.00
96.00
96.00
96.00
96.00
96.00
96.00
96.75
96.75
96.75
96.75
96.75
96.75
96.75
96.75
97.19
97.19
97.19
97.19
97.19
98.12
98.12
98.12
98.12
98.12
98.12
98.12
98.12
97.62
97.62
97.62
97.62
97.62
97.62
97.62
97.62
97.62
97.62
97.62
97.62
96.56
96.56
96.56
96.56
96.56
96.56
96.56
96.56
97.75
97.75
97.75
97.75
97.75
97.75
97.75
96.81
96.81
96.81
96.81
96.81
96.81
96.81
96.81
96.81
98.12
98.12
98.12
98.12
98.12
98.12
98.12
98.12
98.12
98.12
98.12
95.81
95.81
95.81
95.81
95.81
95.81
95.81
95.81
97.62
97.62
97.62
97.62
97.62
97.62
97.62
97.62
98.69
98.69
98.69
98.69
98.69
98.69
98.69
98.62
98.62
98.62
98.62
98.62
98.62
98.62
98.62
98.62
98.62
98.62
98.62
98.44
98.44
98.44
98.44
98.44
98.44
98.44
98.25
98.25
98.25
98.25
98.25
98.25
98.25
98.25
96.94
96.94
96.94
96.94
96.94
96.94
96.94
93.31
93.31
93.31
93.31
89.12
89.12
89.12
89.12
89.12
82.75
82.75
82.75
82.75
82.75
82.75
82.75
84.94
84.94
84.94
84.94
84.94
84.94
84.94
84.94
84.06
84.06
84.06
84.06
84.06
84.06
84.06
84.06
84.06
84.06
84.06
84.06
84.06
84.06
84.06
84.06
84.06
84.06
84.06
84.06
84.06
84.06
84.06
84.19
84.19
84.19
84.19
84.19
84.19
84.19
84.19
84.19
84.19
83.75
83.75
83.75
83.75
83.75
83.75
83.75
87.44
87.44
87.44
87.44
87.44
87.44
87.44
87.44
90.69
90.69
90.69
90.69
90.69
90.69
90.69
90.69
90.69
92.38
92.38
92.38
92.38
92.38
