93.31
93.31
93.31
93.31
93.31
93.31
93.31
93.31
93.31
93.31
93.31
93.31
91.81
91.81
91.81
91.81
91.81
91.81
91.81
91.81
91.81
91.81
91.81
90.81
90.81
90.81
90.81
90.81
90.81
93.81
93.81
93.81
93.81
93.81
93.81
93.81
93.81
93.50
93.50
93.50
93.50
93.50
93.50
93.50
92.00
92.00
92.00
92.00
92.00
92.00
92.00
92.00
93.38
93.38
93.38
93.38
93.38
93.38
93.38
93.38
94.56
94.56
94.56
94.56
94.56
94.56
94.56
94.56
93.88
93.88
93.88
93.88
93.88
93.88
93.88
93.88
93.88
93.88
93.88
92.44
92.44
92.44
92.44
92.44
94.06
94.06
94.06
94.06
94.06
94.06
94.06
94.06
94.06
94.06
94.06
92.81
92.81
92.81
92.81
92.81
92.81
92.81
92.81
92.62
92.62
92.62
92.62
92.62
92.62
92.62
89.81
89.81
89.81
89.81
89.81
89.81
89.94
89.94
89.94
89.94
89.94
89.94
89.94
88.06
88.06
88.06
88.06
88.06
88.06
88.06
86.75
86.75
86.75
86.75
86.75
86.75
86.75
89.75
89.75
89.75
89.75
89.75
