0.95
0.94
0.94
0.94
0.93
0.93
0.92
0.93
0.91
0.91
0.85
0.81
0.80
0.77
0.94
0.94
0.95
0.93
0.95
0.87
0.88
0.95
0.95
0.96
0.94
0.96
0.89
0.91
0.97
0.97
0.97
0.96
0.97
0.86
0.97
0.97
0.97
0.96
0.97
0.93
0.91
0.91
0.91
0.97
0.97
0.98
0.97
0.97
0.96
0.95
0.93
0.91
0.98
0.98
0.98
0.97
0.97
0.91
0.90
0.88
0.97
0.98
0.98
0.97
0.97
0.98
0.98
0.98
0.98
0.98
0.97
0.95
0.95
0.95
0.94
0.94
0.98
0.97
0.97
0.97
0.96
0.96
0.97
0.97
0.97
0.96
0.96
0.84
0.79
0.70
0.97
0.97
0.97
0.97
0.97
0.97
0.97
0.97
0.97
0.96
0.97
0.96
0.95
0.94
0.94
0.94
0.97
0.97
0.96
0.96
0.95
0.95
0.93
0.93
0.95
0.95
0.94
0.93
0.95
0.95
0.95
0.95
0.94
0.94
0.92
0.92
0.92
0.92
0.89
0.92
0.96
0.96
0.97
0.96
0.96
0.92
0.92
