94.94
94.94
94.94
94.94
93.56
93.56
93.56
93.56
95.44
95.44
95.44
95.44
95.44
95.44
95.44
95.44
95.44
95.44
95.44
96.00
96.00
96.00
96.00
96.00
96.00
96.00
96.00
96.00
96.00
96.00
96.06
96.06
96.06
96.06
96.06
96.06
96.06
96.06
96.06
96.06
96.06
96.06
96.06
96.06
94.81
94.81
94.81
94.81
94.81
94.81
94.81
94.81
95.31
95.31
95.31
95.31
95.31
95.31
96.12
96.12
96.12
96.12
96.12
96.12
96.12
95.06
95.06
95.06
95.06
95.06
95.06
95.06
95.06
95.06
95.19
95.19
95.19
95.19
96.88
96.88
96.88
96.88
96.88
96.88
96.88
96.88
96.88
98.44
98.44
98.44
98.44
98.44
98.44
98.44
98.44
98.44
98.44
98.44
98.44
98.62
98.62
98.62
98.62
98.62
98.62
98.62
98.62
98.62
98.62
98.62
98.62
98.62
98.62
98.62
98.75
98.75
98.75
98.75
98.75
98.75
98.75
98.75
98.50
98.50
98.50
98.50
98.50
98.50
98.50
98.50
98.50
98.19
98.19
98.19
98.19
98.19
98.19
98.19
94.69
94.69
94.69
94.69
94.69
94.69
95.69
95.69
95.69
95.69
95.69
95.69
94.81
94.81
94.81
94.81
97.75
97.75
97.75
97.75
97.75
97.75
97.75
97.75
97.75
98.12
98.12
98.12
98.12
98.12
98.12
98.12
98.69
98.69
98.69
98.69
98.69
98.69
98.69
98.69
98.69
98.69
98.69
98.69
98.75
98.75
98.75
98.75
98.75
98.75
98.75
98.56
98.56
98.56
98.56
98.50
98.50
98.50
98.50
98.50
98.50
98.50
98.19
98.19
98.19
98.19
98.19
98.19
98.19
98.19
96.44
96.44
96.44
96.44
96.44
96.44
96.44
96.44
95.19
95.19
95.19
95.19
95.19
95.19
95.19
95.19
91.81
91.81
91.81
91.81
91.81
91.81
91.81
91.81
91.81
91.81
90.12
90.12
90.12
90.12
90.12
90.12
90.12
90.12
90.12
86.62
86.62
86.62
86.62
86.62
86.62
86.62
89.81
89.81
89.81
89.81
89.81
89.81
89.44
89.44
89.44
89.44
89.44
89.44
89.44
92.19
92.19
92.19
92.19
92.19
92.19
92.19
92.19
92.19
92.19
