98.44
98.44
98.44
98.44
98.44
98.44
98.44
98.44
98.44
98.38
98.38
98.38
98.38
98.75
98.75
98.75
98.75
98.75
98.75
98.75
98.69
98.69
98.69
98.69
98.69
98.69
98.69
98.69
98.50
98.50
98.50
98.50
98.50
98.50
98.81
98.81
98.81
98.81
98.81
98.81
98.81
98.81
98.81
98.81
98.81
98.81
98.81
98.81
98.81
98.75
98.75
98.75
98.75
98.75
98.75
98.81
98.81
98.81
98.81
98.81
98.81
98.81
98.62
98.62
98.62
98.62
98.62
98.69
98.69
98.69
98.69
98.69
98.69
98.69
98.69
98.75
98.75
98.75
98.75
98.75
98.75
98.75
98.75
98.62
98.62
98.62
98.62
98.62
98.62
98.62
98.62
98.75
98.75
98.75
98.75
98.75
98.75
98.75
98.69
98.69
98.69
98.69
98.69
98.69
98.69
98.69
98.69
98.69
98.69
98.69
98.69
98.69
98.69
98.69
98.69
98.69
98.69
98.75
98.75
98.75
98.75
98.75
98.75
98.75
98.69
98.69
98.69
98.69
98.69
98.69
98.69
98.69
98.56
98.56
98.56
98.56
98.56
98.50
98.50
98.50
98.50
98.50
98.50
98.50
98.50
98.50
98.50
98.50
98.50
98.50
98.50
98.31
98.31
98.31
98.31
98.31
97.75
97.75
97.75
97.75
97.75
97.75
97.75
97.75
97.75
97.25
97.25
97.25
97.25
97.25
97.25
97.25
97.25
97.25
97.12
97.12
97.12
97.12
97.12
97.12
97.12
97.12
97.25
97.25
97.25
97.25
97.25
97.25
97.25
97.25
97.25
95.94
95.94
95.94
95.94
95.94
94.31
94.31
94.31
94.31
94.31
94.31
94.31
94.31
94.31
