0.95
0.95
0.94
0.94
0.93
0.92
0.88
0.88
0.93
0.93
0.93
0.92
0.93
0.83
0.79
0.75
0.62
0.57
0.71
0.93
0.93
0.92
0.92
0.89
0.89
0.86
0.87
0.90
0.90
0.90
0.88
0.89
0.89
0.88
0.87
0.86
0.78
0.69
0.71
0.89
0.89
0.89
0.87
0.88
0.75
0.92
0.93
0.93
0.92
0.93
0.89
0.84
0.84
0.85
0.85
0.83
0.94
0.95
0.95
0.94
0.94
0.89
0.95
0.96
0.96
0.95
0.95
0.96
0.96
0.96
0.96
0.96
0.95
0.94
0.92
0.87
0.87
0.91
0.97
0.96
0.96
0.96
0.96
0.87
0.81
0.78
0.62
0.56
0.70
0.97
0.97
0.97
0.96
0.96
0.94
0.94
0.96
0.96
0.96
0.96
0.96
0.96
0.96
0.96
0.96
0.95
0.95
0.95
0.95
0.95
0.94
0.92
0.91
0.88
0.94
0.93
0.93
0.92
0.91
0.89
0.87
0.85
0.85
0.90
0.90
0.90
0.87
0.89
0.78
0.71
0.71
0.91
0.91
0.91
0.90
0.93
0.94
0.94
0.92
0.94
0.82
0.78
0.72
0.67
0.94
0.94
0.94
0.93
0.93
0.89
0.88
0.95
0.95
0.95
0.94
0.94
0.91
0.91
0.88
0.95
0.96
0.96
0.95
0.96
0.95
0.93
0.93
0.93
0.93
0.92
0.97
0.97
0.97
0.96
0.96
0.92
0.83
0.82
0.84
0.80
0.68
0.82
