97.82
97.82
97.82
97.82
97.82
97.82
98.17
98.17
98.17
98.17
98.17
98.17
98.17
98.46
98.46
98.46
98.46
98.46
98.46
98.46
98.46
97.73
97.73
97.73
97.73
97.73
97.73
97.73
97.73
97.73
96.84
96.84
96.84
96.84
97.10
97.10
97.10
97.10
97.10
97.10
98.02
98.02
98.02
98.02
98.02
98.02
98.02
98.02
97.91
97.91
97.91
97.91
97.91
97.91
97.91
97.91
97.31
97.31
97.31
97.31
97.31
97.31
97.31
97.31
97.31
97.31
97.00
97.00
97.00
97.00
97.00
97.00
97.00
97.00
97.00
97.91
97.91
97.91
97.91
97.91
97.91
97.91
97.91
96.96
96.96
96.96
96.96
96.96
96.96
96.96
96.96
98.09
98.09
98.09
98.09
98.09
98.09
98.09
98.09
98.09
98.09
98.09
98.54
98.54
98.54
98.54
98.54
98.54
98.54
98.54
98.68
98.68
98.68
98.68
98.68
98.68
98.68
98.68
98.68
98.74
98.74
98.74
98.74
98.74
98.74
98.74
98.74
98.74
98.72
98.72
98.72
98.72
98.72
98.72
98.72
98.72
98.74
98.74
98.74
98.74
98.74
98.74
98.74
98.74
98.74
98.37
98.37
98.37
98.37
98.37
98.37
98.37
98.37
98.56
98.56
98.56
98.56
98.56
98.56
98.56
97.11
97.11
97.11
97.11
93.42
93.42
93.42
93.42
97.10
97.10
97.10
97.10
97.10
97.10
97.10
97.10
97.10
98.20
98.20
98.20
98.20
98.20
98.20
98.20
98.20
98.04
98.04
98.04
98.04
98.04
97.81
97.81
97.81
97.81
97.81
97.81
97.81
98.44
98.44
98.44
98.44
98.44
98.44
98.44
97.55
97.55
97.55
97.55
97.55
97.55
97.55
97.55
97.55
95.98
95.98
95.98
95.98
95.98
95.98
95.98
97.87
97.87
97.87
97.87
97.87
97.87
97.87
97.87
97.87
97.87
97.87
97.87
98.25
98.25
98.25
98.25
98.25
98.07
98.07
98.07
98.07
98.07
98.07
98.07
98.07
98.07
98.07
98.07
97.47
97.47
97.47
97.47
97.47
97.47
97.47
97.47
97.47
97.47
97.47
95.48
95.48
95.48
95.48
97.74
97.74
97.74
97.74
97.74
97.74
97.74
97.74
96.78
96.78
96.78
96.78
96.78
96.78
96.78
96.78
97.67
97.67
97.67
97.67
97.67
97.67
97.67
97.67
97.67
97.67
97.67
97.67
98.41
98.41
98.41
98.41
98.41
98.41
98.41
98.41
