0.94
0.93
0.92
0.92
0.90
0.84
0.91
0.91
0.89
0.89
0.85
0.82
0.74
0.74
0.90
0.90
0.89
0.87
0.85
0.82
0.76
0.76
0.73
0.73
0.59
0.72
0.90
0.91
0.90
0.88
0.91
0.91
0.92
0.88
0.90
0.77
0.73
0.64
0.70
0.93
0.93
0.94
0.93
0.93
0.93
0.93
0.91
0.92
0.79
0.75
0.71
0.70
0.94
0.94
0.94
0.92
0.94
0.82
0.80
0.77
0.95
0.95
0.95
0.94
0.95
0.91
0.88
0.89
0.96
0.96
0.96
0.95
0.95
0.94
0.95
0.95
0.95
0.94
0.95
0.87
0.82
0.76
0.70
0.96
0.96
0.96
0.96
0.97
0.97
0.97
0.97
0.97
0.96
0.94
0.94
0.97
0.97
0.97
0.96
0.96
0.95
0.93
0.91
0.85
0.84
0.87
0.97
0.96
0.97
0.95
0.96
0.81
0.73
0.61
0.71
0.97
0.97
0.97
0.97
0.97
0.94
0.92
0.89
0.85
0.98
0.98
0.97
0.97
0.97
0.97
0.97
0.96
0.96
0.96
0.96
0.92
0.88
0.89
0.96
0.96
0.96
0.95
0.95
0.90
0.86
0.85
0.84
0.97
0.96
0.96
0.96
0.95
0.96
0.96
0.96
0.95
0.97
0.97
0.96
0.96
0.94
0.95
0.92
0.91
0.95
0.94
0.92
0.91
0.89
0.80
0.77
0.74
0.74
0.91
0.91
0.92
0.91
