0.89
0.89
0.90
0.89
0.91
0.92
0.92
0.91
0.91
0.89
0.85
0.86
0.85
0.86
0.79
0.83
0.93
0.94
0.94
0.93
0.94
0.89
0.89
0.95
0.95
0.95
0.95
0.94
0.95
0.94
0.94
0.93
0.93
0.90
0.93
0.96
0.96
0.95
0.94
0.95
0.82
0.83
0.95
0.95
0.95
0.94
0.95
0.89
0.82
0.81
0.95
0.95
0.94
0.93
0.93
0.84
0.78
0.75
0.74
0.95
0.95
0.94
0.94
0.94
0.93
0.90
0.90
0.90
0.90
0.89
0.93
0.93
0.93
0.93
0.92
0.91
0.87
0.87
0.87
0.88
0.81
0.86
0.94
0.94
0.94
0.94
0.95
0.95
0.95
0.94
0.95
0.88
0.86
0.95
0.96
0.95
0.95
0.95
0.93
0.89
0.88
0.95
0.95
0.95
0.95
0.95
0.88
0.86
0.95
0.95
0.95
0.94
0.94
0.87
0.74
0.74
0.94
0.94
0.94
0.93
0.94
0.88
0.84
0.80
0.79
0.94
0.94
0.94
0.93
0.93
0.92
0.92
0.93
0.93
0.93
0.93
0.92
0.91
0.91
0.90
0.93
0.93
0.93
0.92
0.93
0.91
0.88
0.88
0.87
0.87
0.93
0.93
0.92
0.92
0.91
0.87
0.86
0.92
0.92
0.92
0.91
0.91
0.86
0.92
0.92
0.92
0.89
0.92
0.78
0.74
0.70
0.67
0.93
0.93
0.93
0.91
0.93
0.83
0.76
0.77
0.95
0.95
0.95
0.94
0.94
0.90
0.90
0.85
0.95
0.95
0.96
0.95
0.95
0.92
0.85
0.85
