0.77
0.77
0.78
0.76
0.77
0.69
0.80
0.80
0.81
0.79
0.79
0.72
0.79
0.79
0.79
0.78
0.78
0.74
0.76
0.77
0.77
0.77
0.75
0.75
0.68
0.60
0.62
0.57
0.52
0.47
0.45
0.47
0.42
0.82
0.82
0.83
0.81
0.82
0.84
0.84
0.84
0.83
0.83
0.82
0.81
0.82
0.80
0.80
0.75
0.74
0.73
0.83
0.83
0.84
0.81
0.83
0.81
0.86
0.86
0.86
0.86
0.86
0.86
0.86
0.86
0.85
0.85
0.85
0.84
0.84
0.80
0.77
0.73
0.70
0.84
0.84
0.85
0.83
0.84
0.79
0.76
0.76
0.87
0.87
0.87
0.86
0.87
0.84
0.87
0.87
0.87
0.87
0.86
0.86
0.85
0.85
0.84
0.84
0.82
0.83
0.86
0.86
0.86
0.85
0.85
0.84
0.83
0.79
0.77
0.76
0.78
0.87
0.87
0.87
0.86
0.86
0.84
0.84
0.87
0.87
0.86
0.86
0.85
0.81
0.85
0.85
0.85
0.84
0.83
0.81
0.78
0.73
0.75
0.85
0.85
0.84
0.84
0.83
0.83
0.81
0.81
0.86
0.86
0.86
0.85
0.85
0.85
0.84
0.84
0.83
0.83
0.80
0.83
0.83
0.82
0.81
0.81
0.80
0.79
