90.02
90.02
90.02
90.02
89.95
89.95
89.95
89.95
89.95
89.95
89.95
89.95
90.25
90.25
90.25
90.25
90.25
90.25
90.25
90.25
90.25
92.63
92.63
92.63
92.63
92.63
92.63
92.63
92.63
92.63
93.93
93.93
93.93
93.93
93.93
93.93
93.93
93.93
93.93
93.93
95.06
95.06
95.06
95.06
95.06
95.06
95.06
95.06
95.06
96.62
96.62
96.62
96.62
96.62
96.62
96.62
96.62
96.22
96.22
96.22
96.22
96.22
96.22
96.22
95.25
95.25
95.25
95.25
95.25
95.25
95.25
95.25
95.25
95.25
95.25
97.15
97.15
97.15
97.15
97.15
97.15
97.15
97.15
97.17
97.17
97.17
97.17
97.17
97.17
97.17
97.17
97.33
97.33
97.33
97.33
97.33
97.33
97.33
97.33
97.33
97.33
97.33
97.33
97.17
97.17
97.17
97.17
97.17
97.17
97.17
97.17
97.17
97.17
96.63
96.63
96.63
96.63
96.63
96.63
96.63
97.16
97.16
97.16
97.16
97.16
97.89
97.89
97.89
97.89
97.89
97.89
97.89
97.94
97.94
97.94
97.94
97.94
97.94
97.94
97.94
97.94
97.94
97.94
98.46
98.46
98.46
98.46
98.46
98.46
98.46
98.46
98.46
98.29
98.29
98.29
98.29
98.29
98.29
98.29
98.29
98.29
98.29
98.29
97.86
97.86
97.86
97.86
97.86
97.86
97.86
98.65
98.65
98.65
98.65
98.65
98.65
98.65
98.65
98.65
98.65
98.65
98.62
98.62
98.62
98.62
98.62
98.62
98.62
98.62
98.05
98.05
98.05
98.05
98.05
98.05
98.05
98.23
98.23
98.23
98.23
98.23
98.23
98.23
98.23
98.23
98.23
98.23
98.63
98.63
98.63
98.63
98.63
98.63
98.63
98.63
98.63
98.45
98.45
98.45
98.45
98.45
98.45
98.45
98.45
98.45
97.61
97.61
97.61
97.61
97.61
97.61
97.61
97.61
97.61
97.61
97.61
97.61
97.61
97.61
98.48
98.48
98.48
98.48
98.48
98.48
98.48
98.48
98.17
98.17
98.17
98.17
98.17
98.17
98.17
98.17
98.17
96.30
96.30
96.30
96.30
96.30
96.30
96.30
96.30
94.68
94.68
94.68
94.68
94.68
94.68
95.02
95.02
95.02
95.02
95.02
95.02
95.02
94.54
94.54
94.54
94.54
94.54
94.54
94.54
94.54
94.54
96.04
96.04
96.04
96.04
96.04
96.04
96.04
98.45
98.45
98.45
98.45
98.45
98.45
98.45
98.45
98.51
98.51
98.51
98.51
98.51
98.51
98.51
97.92
97.92
97.92
97.92
97.92
97.92
97.92
