0.86
0.86
0.87
0.83
0.86
0.75
0.68
0.69
0.87
0.87
0.87
0.85
0.86
0.82
0.81
0.90
0.90
0.90
0.88
0.89
0.78
0.74
0.67
0.92
0.92
0.93
0.91
0.92
0.86
0.84
0.81
0.80
0.93
0.93
0.94
0.91
0.93
0.79
0.67
0.67
0.65
0.64
0.40
0.66
0.94
0.95
0.95
0.94
0.94
0.91
0.86
0.86
0.95
0.95
0.95
0.94
0.95
0.86
0.82
0.80
0.79
0.96
0.96
0.96
0.95
0.95
0.92
0.92
0.95
0.95
0.95
0.94
0.95
0.89
0.86
0.83
0.83
0.95
0.95
0.95
0.95
0.94
0.93
0.89
0.89
0.94
0.94
0.93
0.93
0.92
0.89
0.89
0.93
0.93
0.93
0.91
0.93
0.80
0.75
0.67
0.60
0.91
0.90
0.91
0.88
0.90
0.72
0.91
0.91
0.92
0.90
0.91
0.76
0.93
0.94
0.94
0.92
0.93
0.86
0.82
0.80
0.79
0.94
0.94
0.94
0.94
0.93
0.92
0.92
0.90
0.92
0.92
0.92
0.90
0.92
0.79
0.74
0.65
0.57
0.93
0.93
0.94
0.92
0.93
0.82
0.77
0.68
0.60
0.95
0.95
0.95
0.95
0.94
0.94
0.94
0.93
0.93
0.93
0.92
0.93
0.93
0.93
0.93
0.92
0.89
0.83
0.84
0.86
0.87
0.88
0.83
0.86
0.85
0.92
0.92
0.92
0.91
0.92
0.83
0.78
0.68
0.59
0.94
0.94
0.94
0.93
0.94
0.90
0.86
0.86
0.95
0.95
0.94
0.94
0.94
0.93
0.89
0.89
0.93
0.93
0.92
0.92
0.91
0.89
0.85
0.85
0.92
0.92
0.92
0.90
0.91
0.83
0.78
0.73
0.70
0.94
0.94
0.93
0.93
0.92
0.93
0.91
0.91
0.93
0.93
0.92
0.92
0.90
0.91
0.88
0.87
0.91
0.90
0.90
0.87
0.89
0.88
0.89
0.86
0.87
0.79
0.74
0.71
0.67
0.90
0.90
0.90
0.89
0.88
0.86
0.84
0.83
0.82
