96.44
96.44
96.44
96.44
96.44
96.44
96.44
96.44
94.69
94.69
94.69
94.69
94.69
94.69
93.06
93.06
93.06
93.06
93.06
93.06
93.06
93.06
93.06
93.19
93.19
93.19
93.19
95.88
95.88
95.88
95.88
97.00
97.00
97.00
97.00
97.00
97.00
97.00
97.00
97.00
97.00
97.00
97.44
97.44
97.44
97.44
97.44
97.44
97.44
97.44
97.44
97.44
97.44
97.44
97.12
97.12
97.12
97.12
97.12
97.12
97.12
95.12
95.12
95.12
95.12
95.12
95.12
95.12
95.12
95.12
94.12
94.12
94.12
94.12
94.12
94.12
94.12
91.06
91.06
91.06
91.06
91.06
91.06
91.06
89.62
89.62
89.62
89.62
89.62
89.62
89.62
89.62
81.94
81.94
81.94
81.94
81.94
81.94
81.50
81.50
81.50
81.50
86.00
86.00
86.00
86.00
86.00
86.00
87.38
87.38
87.38
87.38
87.38
87.38
87.38
87.38
87.38
90.69
90.69
90.69
90.69
90.69
90.69
93.06
93.06
93.06
93.06
93.06
93.06
93.06
93.06
93.06
93.06
93.06
95.88
95.88
95.88
95.88
95.88
95.88
97.88
97.88
97.88
97.88
97.88
97.88
97.88
97.88
98.25
98.25
98.25
98.25
98.25
98.25
98.25
98.25
98.25
98.25
98.25
98.38
98.38
98.38
98.38
98.38
98.38
98.38
98.38
