91.56
91.56
91.56
91.56
91.56
91.56
91.56
91.56
86.31
86.31
86.31
86.31
86.31
86.31
86.31
86.31
86.31
86.31
84.38
84.38
84.38
84.38
84.38
84.38
84.38
84.38
84.38
89.06
89.06
89.06
89.06
89.06
89.06
89.06
90.75
90.75
90.75
90.75
93.25
93.25
93.25
93.25
93.25
93.25
93.25
93.25
93.25
96.19
96.19
96.19
96.19
96.19
96.19
96.19
96.19
96.19
96.19
96.19
97.88
97.88
97.88
97.88
97.88
97.88
97.88
97.88
98.06
98.06
98.06
98.06
98.06
98.38
98.38
98.38
98.38
98.38
98.38
98.38
98.38
98.62
98.62
98.62
98.62
98.62
98.62
98.62
98.62
98.69
98.69
98.69
98.69
98.69
98.62
98.62
98.62
98.62
98.62
98.62
98.62
98.19
98.19
98.19
98.19
98.19
98.19
97.12
97.12
97.12
97.12
97.12
95.50
95.50
95.50
95.50
95.50
95.50
95.50
95.50
95.50
95.06
95.06
95.06
95.06
97.06
97.06
97.06
97.06
97.06
97.06
97.06
97.06
98.12
98.12
98.12
98.12
98.12
98.12
98.12
98.12
98.12
98.12
98.12
98.12
98.44
98.44
98.44
98.44
98.44
98.44
98.44
98.44
98.44
98.44
98.44
98.50
98.50
98.50
98.50
98.50
98.50
98.50
98.50
98.50
98.50
98.50
98.50
98.50
98.50
98.50
98.50
98.50
98.50
98.50
97.75
97.75
97.75
97.75
97.75
97.31
97.31
97.31
97.31
97.31
97.31
97.31
96.56
96.56
96.56
96.56
96.56
96.56
95.00
95.00
95.00
95.00
95.00
95.00
95.00
95.00
95.75
95.75
95.75
95.75
95.75
95.75
95.75
95.75
95.75
95.75
95.75
95.75
95.38
95.38
95.38
95.38
95.38
95.38
95.38
95.38
95.38
93.12
93.12
93.12
93.12
93.12
93.12
93.12
93.12
92.12
92.12
92.12
92.12
92.12
92.12
92.12
93.81
93.81
93.81
93.81
93.81
93.81
93.81
83.00
83.00
83.00
83.00
83.00
83.00
83.00
83.00
89.88
89.88
89.88
89.88
89.88
89.88
89.88
89.88
95.88
95.88
95.88
95.88
95.88
95.88
95.88
95.88
95.88
95.88
95.88
97.00
97.00
97.00
97.00
97.00
97.00
97.00
97.56
97.56
97.56
97.56
97.56
98.12
98.12
98.12
98.12
98.12
98.12
98.12
97.88
97.88
97.88
97.88
97.88
97.88
97.88
97.88
97.88
97.88
97.88
97.88
97.88
97.88
97.88
97.88
97.88
97.88
97.88
97.88
97.88
97.88
97.88
97.88
97.88
97.88
97.88
97.88
97.88
97.88
97.88
97.88
97.88
97.88
97.88
95.88
95.88
95.88
95.88
95.88
95.88
95.88
95.88
96.12
96.12
96.12
96.12
97.88
97.88
97.88
97.88
97.88
97.88
97.88
97.88
97.88
