98.33
98.33
98.33
98.33
98.33
98.07
98.07
98.07
98.07
98.07
98.07
98.07
98.07
98.24
98.24
98.24
98.24
98.24
98.49
98.49
98.49
98.49
98.49
98.49
98.49
98.49
98.49
98.49
98.49
98.49
98.48
98.48
98.48
98.48
98.48
98.48
98.48
98.48
98.49
98.49
98.49
98.49
98.49
98.49
98.49
98.49
98.49
98.49
98.49
98.77
98.77
98.77
98.77
98.77
98.77
98.77
98.77
98.77
98.77
98.77
98.77
98.77
98.77
98.87
98.87
98.87
98.87
98.87
98.87
98.87
98.87
98.87
98.92
98.92
98.92
98.92
98.92
98.92
98.92
98.92
98.92
98.92
98.92
98.92
98.86
98.86
98.86
98.86
98.86
98.86
98.86
98.64
98.64
98.64
98.64
98.67
98.67
98.67
98.67
98.67
98.67
98.67
98.67
98.67
98.73
98.73
98.73
98.73
98.73
98.73
98.73
98.73
98.73
98.73
98.73
98.73
98.59
98.59
98.59
98.59
98.59
98.59
98.59
98.59
98.59
98.19
98.19
98.19
98.19
98.54
98.54
98.54
98.54
98.54
98.54
98.54
98.54
98.44
98.44
98.44
98.44
98.44
98.44
98.44
98.44
98.44
98.58
98.58
98.58
98.58
98.58
98.58
98.58
98.58
98.58
98.58
98.58
98.58
98.58
98.58
98.58
98.58
98.58
98.58
98.58
98.58
98.46
98.46
98.46
98.46
98.46
98.46
98.46
98.20
98.20
98.20
98.20
98.20
98.20
98.20
98.20
98.20
98.26
98.26
98.26
98.26
98.26
98.26
98.26
98.26
98.15
98.15
98.15
98.15
98.15
98.15
98.15
98.15
97.42
97.42
97.42
97.42
97.42
97.42
97.42
98.17
98.17
98.17
98.17
98.17
98.17
98.17
98.17
98.17
98.16
98.16
98.16
98.16
98.16
98.16
98.16
98.16
98.16
98.16
98.16
98.16
97.75
97.75
97.75
97.75
97.75
97.75
96.46
96.46
96.46
96.46
96.46
96.46
96.46
96.46
96.46
96.46
96.46
98.14
98.14
98.14
98.14
98.14
98.14
98.14
98.14
98.29
98.29
98.29
98.29
98.29
98.29
98.29
98.29
