98.11
98.11
98.11
98.11
98.11
98.11
98.11
98.11
97.73
97.73
97.73
97.73
98.15
98.15
98.15
98.15
98.15
98.15
98.15
98.15
98.63
98.63
98.63
98.63
98.63
98.63
98.63
98.65
98.65
98.65
98.65
98.58
98.58
98.58
98.58
98.58
98.58
98.58
98.58
98.58
98.58
98.58
98.78
98.78
98.78
98.78
98.78
98.78
98.78
98.78
98.78
98.78
98.78
98.85
98.85
98.85
98.85
98.85
98.83
98.83
98.83
98.83
98.83
98.83
98.83
98.83
98.74
98.74
98.74
98.74
98.74
98.74
98.74
98.74
98.78
98.78
98.78
98.78
98.78
98.76
98.76
98.76
98.76
98.76
98.65
98.65
98.65
98.65
98.78
98.78
98.78
98.78
98.78
98.78
98.78
98.54
98.54
98.54
98.54
98.54
98.54
98.54
98.54
98.54
98.54
98.54
98.52
98.52
98.52
98.52
98.52
98.52
98.52
98.06
98.06
98.06
98.06
98.06
98.06
98.06
98.06
98.61
98.61
98.61
98.61
98.61
98.61
98.61
98.61
98.61
98.80
98.80
98.80
98.80
98.80
98.80
98.80
98.80
98.81
98.81
98.81
98.81
98.81
98.81
98.81
98.81
98.88
98.88
98.88
98.88
98.88
98.88
98.88
98.85
98.85
98.85
98.85
98.85
98.85
98.85
98.85
98.85
98.85
98.85
98.86
98.86
98.86
98.86
98.86
98.86
98.86
98.70
98.70
98.70
98.70
98.70
98.70
98.70
98.61
98.61
98.61
98.61
98.61
98.61
98.61
98.61
98.61
98.61
98.57
98.57
98.57
98.57
98.57
98.57
98.57
98.57
98.57
96.50
96.50
96.50
96.50
96.50
97.33
97.33
97.33
97.33
97.33
97.33
97.33
97.33
97.10
97.10
97.10
97.10
97.10
97.10
96.83
96.83
96.83
96.83
96.83
96.83
96.83
96.83
96.83
96.83
96.83
97.02
97.02
97.02
97.02
97.02
97.02
97.02
97.02
97.50
97.50
97.50
97.50
97.50
97.50
97.50
97.50
96.30
96.30
96.30
96.30
96.30
96.30
96.30
96.30
96.30
97.15
97.15
97.15
97.15
97.15
97.15
97.15
97.15
97.54
97.54
97.54
97.54
97.54
97.54
97.54
97.54
96.43
96.43
96.43
96.43
96.43
96.43
96.43
94.45
94.45
94.45
94.45
94.45
94.45
94.45
94.45
94.45
96.42
96.42
96.42
96.42
96.42
96.42
96.42
96.42
97.89
97.89
97.89
97.89
97.89
97.89
97.89
97.89
96.62
96.62
96.62
96.62
96.62
96.62
96.62
96.62
96.62
97.26
97.26
97.26
97.26
97.26
97.26
97.26
97.26
97.49
97.49
97.49
97.49
97.49
97.49
97.49
97.49
97.49
97.49
97.49
96.68
96.68
96.68
96.68
96.68
96.68
96.68
98.03
98.03
98.03
98.03
98.03
98.03
98.03
98.03
98.56
98.56
98.56
98.56
98.56
98.72
98.72
98.72
98.72
98.72
98.72
98.72
98.69
98.69
98.69
98.69
98.69
98.69
98.69
