96.10
96.10
96.10
96.10
96.10
96.10
96.10
96.10
95.02
95.02
95.02
95.02
95.06
95.06
95.06
95.06
95.06
95.06
95.06
95.06
93.20
93.20
93.20
93.20
93.20
93.20
93.20
93.20
93.20
94.31
94.31
94.31
94.31
94.31
94.31
94.31
94.31
94.31
94.31
94.31
95.25
95.25
95.25
95.25
95.86
95.86
95.86
95.86
95.86
95.86
95.86
95.86
95.86
97.27
97.27
97.27
97.27
97.27
97.27
97.27
97.40
97.40
97.40
97.40
97.40
97.40
97.40
97.49
97.49
97.49
97.49
97.49
97.49
97.49
97.49
97.49
97.28
97.28
97.28
97.28
97.28
97.28
97.28
97.28
94.69
94.69
94.69
94.69
94.69
94.69
94.69
94.69
92.40
92.40
92.40
92.40
92.40
92.40
92.40
92.40
92.40
92.40
92.40
87.71
87.71
87.71
87.71
87.71
87.71
87.71
87.71
87.71
86.59
86.59
86.59
86.59
86.59
86.59
88.01
88.01
88.01
88.01
88.01
88.01
88.01
88.01
88.01
89.40
89.40
89.40
89.40
89.40
89.40
89.40
81.36
81.36
81.36
81.36
81.36
81.36
86.54
86.54
86.54
86.54
88.36
88.36
88.36
88.36
88.36
88.36
88.36
88.36
88.36
88.36
88.36
92.30
92.30
92.30
92.30
92.30
92.30
92.30
92.30
92.30
92.30
92.30
92.30
93.50
93.50
93.50
93.50
93.50
95.17
95.17
95.17
95.17
95.17
95.17
97.11
97.11
97.11
97.11
97.11
97.11
97.11
97.11
97.11
97.11
97.11
97.11
