0.93
0.93
0.94
0.92
0.93
0.86
0.79
0.83
0.94
0.94
0.94
0.93
0.93
0.91
0.88
0.88
0.94
0.94
0.94
0.93
0.93
0.89
0.86
0.81
0.72
0.93
0.93
0.93
0.92
0.92
0.87
0.87
0.83
0.93
0.92
0.92
0.91
0.91
0.88
0.87
0.82
0.77
0.90
0.90
0.89
0.88
0.88
0.81
0.81
0.78
0.88
0.88
0.88
0.86
0.86
0.82
0.75
0.77
0.90
0.89
0.90
0.87
0.88
0.78
0.73
0.66
0.58
0.91
0.91
0.92
0.90
0.91
0.82
0.83
0.93
0.93
0.93
0.92
0.93
0.89
0.89
0.93
0.93
0.93
0.92
0.93
0.94
0.94
0.93
0.93
0.92
0.89
0.83
0.82
0.84
0.85
0.93
0.93
0.93
0.92
0.92
0.88
0.81
0.81
0.92
0.92
0.92
0.90
0.90
0.83
0.80
0.73
0.66
0.91
0.91
0.91
0.90
0.89
0.83
0.76
0.76
0.90
0.89
0.89
0.87
0.88
0.80
0.76
0.72
0.70
0.88
0.88
0.88
0.87
0.86
0.85
0.81
0.82
0.82
0.83
0.73
0.79
0.87
0.87
0.87
0.86
0.86
0.81
0.81
0.78
0.86
0.86
0.86
0.84
0.85
0.82
0.81
0.87
0.87
0.87
0.85
0.85
0.79
0.74
0.74
0.70
0.87
0.86
0.86
0.84
0.83
0.76
0.76
0.73
0.87
0.87
0.86
0.85
0.82
0.81
0.77
0.81
0.86
0.86
0.86
0.84
0.84
0.79
0.74
0.75
0.74
0.74
0.67
0.70
0.86
0.86
0.86
0.85
0.83
0.82
0.81
0.88
0.88
0.88
0.86
0.87
0.77
0.70
0.70
0.88
0.88
0.88
0.85
0.85
0.75
0.66
0.62
0.90
0.90
0.90
0.88
0.89
0.85
0.82
0.83
0.79
0.80
0.64
0.76
0.91
0.91
0.91
0.90
0.90
0.81
0.79
0.92
0.91
0.91
0.90
0.90
0.81
0.75
0.68
0.59
0.93
0.93
0.93
0.91
0.92
0.85
0.81
0.73
0.65
0.92
0.92
0.90
0.90
0.88
0.88
0.84
0.85
0.86
0.86
0.84
0.91
0.90
0.89
0.88
0.85
0.80
0.77
0.75
0.75
