98.72
98.72
98.72
98.72
98.86
98.86
98.86
98.86
98.86
98.86
98.86
98.86
98.86
98.87
98.87
98.87
98.87
98.87
98.87
98.87
98.87
98.77
98.77
98.77
98.77
98.77
98.77
98.77
98.77
98.77
98.86
98.86
98.86
98.86
98.86
98.86
98.54
98.54
98.54
98.54
98.54
98.54
98.54
98.54
98.54
98.54
98.54
98.63
98.63
98.63
98.63
98.63
98.63
98.63
98.63
98.63
98.63
98.63
98.86
98.86
98.86
98.86
98.86
98.86
98.86
98.86
98.76
98.76
98.76
98.76
98.76
98.76
98.76
98.76
98.63
98.63
98.63
98.63
98.63
98.63
98.63
98.63
98.83
98.83
98.83
98.83
98.83
98.83
98.83
98.83
98.83
98.83
98.83
98.90
98.90
98.90
98.90
98.90
98.90
98.90
98.90
98.76
98.76
98.76
98.76
98.76
98.76
98.76
98.76
98.76
98.76
98.76
98.76
98.63
98.63
98.63
98.63
98.63
98.63
98.63
98.63
98.77
98.77
98.77
98.77
98.77
98.77
98.77
98.77
98.77
98.77
98.77
97.44
97.44
97.44
97.44
97.44
97.44
98.26
98.26
98.26
98.26
98.26
98.26
98.26
98.26
98.64
98.64
98.64
98.64
98.64
98.64
98.64
98.30
98.30
98.30
98.30
98.76
98.76
98.76
98.76
98.76
98.76
98.76
98.76
98.84
98.84
98.84
98.84
98.84
98.84
98.84
98.86
98.86
98.86
98.86
98.86
98.86
98.86
98.86
98.75
98.75
98.75
98.75
98.75
98.75
98.75
98.85
98.85
98.85
98.85
98.85
98.85
98.85
98.92
98.92
98.92
98.92
98.92
98.92
98.92
98.92
98.87
98.87
98.87
98.87
98.87
98.87
98.87
98.87
98.80
98.80
98.80
98.80
98.80
98.80
98.80
98.84
98.84
98.84
98.84
98.84
98.84
98.84
98.87
98.87
98.87
98.87
98.87
98.87
98.87
98.87
98.87
98.87
98.87
98.87
98.88
98.88
98.88
98.88
98.88
98.88
98.88
98.88
98.83
98.83
98.83
98.83
98.83
98.83
98.83
98.83
98.83
98.84
98.84
98.84
98.84
98.84
98.84
98.84
98.89
98.89
98.89
98.89
98.89
98.89
98.89
98.89
98.80
98.80
98.80
98.80
98.80
98.80
98.80
98.80
98.80
98.80
98.80
98.67
98.67
98.67
98.67
98.73
98.73
98.73
98.73
98.73
98.73
98.73
98.73
98.83
98.83
98.83
98.83
98.83
98.83
98.62
98.62
98.62
98.62
98.62
98.62
98.62
97.86
97.86
97.86
97.86
97.86
97.86
97.86
97.86
96.83
96.83
96.83
96.83
96.83
96.83
96.83
96.83
98.05
98.05
98.05
98.05
98.46
98.46
98.46
98.46
98.46
98.46
98.46
98.46
98.48
98.48
98.48
98.48
98.48
98.48
98.48
98.48
98.51
98.51
98.51
98.51
98.51
98.51
98.60
98.60
98.60
98.60
98.60
98.84
98.84
98.84
98.84
98.84
98.84
98.84
98.84
98.81
98.81
98.81
98.81
98.81
98.81
98.81
