98.85
98.85
98.85
98.85
98.88
98.88
98.88
98.88
98.88
98.88
98.86
98.86
98.86
98.86
98.86
98.86
98.92
98.92
98.92
98.92
98.92
98.92
98.92
98.92
98.83
98.83
98.83
98.83
98.83
98.83
98.83
98.83
98.87
98.87
98.87
98.87
98.87
98.87
98.87
98.87
98.86
98.86
98.86
98.86
98.86
98.86
98.79
98.79
98.79
98.79
98.79
98.61
98.61
98.61
98.61
98.61
98.77
98.77
98.77
98.77
98.77
98.77
98.77
98.77
98.77
98.77
98.86
98.86
98.86
98.86
98.86
98.86
98.86
98.86
98.86
98.86
98.86
98.86
98.87
98.87
98.87
98.87
98.87
98.87
98.87
98.84
98.84
98.84
98.84
98.84
98.84
98.84
98.79
98.79
98.79
98.79
98.79
98.79
98.79
98.79
98.04
98.04
98.04
98.04
98.04
98.06
98.06
98.06
98.06
98.67
98.67
98.67
98.67
98.67
98.67
98.67
98.67
98.66
98.66
98.66
98.66
98.66
98.66
98.66
98.77
98.77
98.77
98.77
98.77
98.77
98.77
98.87
98.87
98.87
98.87
98.87
98.87
98.87
98.89
98.89
98.89
98.89
98.89
98.89
98.89
98.89
98.88
98.88
98.88
98.88
98.88
98.88
98.88
98.88
98.88
98.80
98.80
98.80
98.80
98.80
98.80
98.80
98.80
98.80
98.80
98.80
98.80
98.80
98.80
98.80
98.80
98.80
98.80
98.80
98.80
98.86
98.86
98.86
98.86
98.86
98.86
98.86
98.86
98.86
98.86
98.86
98.86
98.86
98.86
98.86
98.86
98.90
98.90
98.90
98.90
98.90
98.90
98.90
98.90
98.90
98.90
98.90
98.90
98.90
98.90
98.90
98.91
98.91
98.91
98.91
98.91
98.91
98.91
98.91
