98.69
98.69
98.69
98.69
98.69
98.69
98.69
98.69
98.69
98.69
98.69
98.69
98.69
98.31
98.31
98.31
98.31
98.31
98.31
98.31
96.94
96.94
96.94
96.94
96.00
96.00
96.00
96.00
94.25
94.25
94.25
94.25
94.25
94.25
94.25
94.25
95.56
95.56
95.56
95.56
95.56
95.56
95.56
95.56
95.56
98.00
98.00
98.00
98.00
98.00
98.00
98.00
98.00
98.00
97.25
97.25
97.25
97.25
97.25
97.25
97.25
97.25
97.25
96.31
96.31
96.31
96.31
96.31
96.31
96.31
96.31
96.31
97.31
97.31
97.31
97.31
97.31
97.31
97.31
97.31
97.31
97.88
97.88
97.88
97.88
97.88
97.88
97.88
96.19
96.19
96.19
96.19
96.19
96.19
95.06
95.06
95.06
95.06
95.06
95.06
95.06
95.06
95.06
97.19
97.19
97.19
97.19
97.19
97.19
97.19
96.56
96.56
96.56
96.56
96.56
96.56
96.56
96.56
93.44
93.44
93.44
93.44
93.44
93.44
93.44
93.44
94.44
94.44
94.44
94.44
94.44
94.44
94.44
94.44
94.44
96.31
96.31
96.31
96.31
96.31
96.31
96.31
96.31
