93.58
93.58
93.58
93.58
93.58
93.58
93.58
93.58
93.73
93.73
93.73
93.73
93.73
93.73
93.73
93.73
93.73
94.93
94.93
94.93
94.93
97.16
97.16
97.16
97.16
97.16
97.16
97.16
97.16
97.16
97.16
97.16
97.16
96.92
96.92
96.92
96.92
96.92
96.92
96.92
97.66
97.66
97.66
97.66
97.66
97.66
97.66
97.66
97.66
97.66
97.66
98.06
98.06
98.06
98.06
98.06
98.06
98.06
97.68
97.68
97.68
97.68
97.68
97.68
97.68
97.68
96.85
96.85
96.85
96.85
96.85
96.85
96.85
96.85
97.70
97.70
97.70
97.70
97.70
97.70
97.70
97.70
97.70
97.83
97.83
97.83
97.83
97.83
96.57
96.57
96.57
96.57
96.57
96.57
96.57
96.57
96.57
96.57
96.26
96.26
96.26
96.26
96.26
96.26
96.26
96.26
96.75
96.75
96.75
96.75
96.75
96.75
96.75
96.75
96.90
96.90
96.90
96.90
96.90
96.90
96.90
96.17
96.17
96.17
96.17
96.17
96.17
96.17
96.17
96.17
96.17
96.17
93.78
93.78
93.78
93.78
93.78
93.78
93.78
93.78
93.78
93.78
93.78
94.27
94.27
94.27
94.27
94.27
94.27
93.27
93.27
93.27
93.27
93.27
94.44
94.44
94.44
94.44
94.44
94.44
94.44
94.44
93.88
93.88
93.88
93.88
93.88
93.88
93.88
93.88
93.46
93.46
93.46
93.46
93.46
93.46
93.46
93.46
93.46
93.46
93.46
91.29
91.29
91.29
91.29
91.29
91.29
91.29
91.29
91.29
91.49
91.49
91.49
91.49
91.49
91.49
91.49
91.49
91.49
