98.67
98.67
98.67
98.67
98.67
98.67
98.67
98.67
98.67
98.78
98.78
98.78
98.78
98.78
98.78
98.64
98.64
98.64
98.64
98.64
98.64
98.64
98.64
98.63
98.63
98.63
98.63
98.63
98.63
98.63
98.63
98.63
98.63
98.63
97.31
97.31
97.31
97.31
97.31
97.31
97.31
97.31
96.39
96.39
96.39
96.39
96.39
96.39
96.39
96.39
96.39
94.57
94.57
94.57
94.57
94.57
94.57
94.57
94.57
94.57
94.57
94.57
91.12
91.12
91.12
91.12
91.12
91.12
91.12
91.12
86.36
86.36
86.36
86.36
86.36
86.36
86.36
86.36
86.36
78.62
78.62
78.62
78.62
78.62
78.62
78.62
78.62
78.62
77.19
77.19
77.19
77.19
77.19
77.19
77.19
77.19
80.76
80.76
80.76
80.76
80.76
80.76
80.76
80.76
80.76
80.76
93.20
93.20
93.20
93.20
93.20
93.20
93.20
93.20
93.20
93.20
93.20
93.20
95.36
95.36
95.36
95.36
95.36
95.36
95.36
95.36
96.89
96.89
96.89
96.89
96.89
96.89
96.89
98.21
98.21
98.21
98.21
98.21
98.21
98.21
98.21
98.21
98.21
98.21
98.21
98.42
98.42
98.42
98.42
98.42
98.42
98.42
98.42
98.71
98.71
98.71
98.71
98.71
98.71
98.38
98.38
98.38
98.38
98.38
98.38
98.38
98.38
98.38
98.29
98.29
98.29
98.29
98.29
98.29
98.29
98.29
98.29
98.48
98.48
98.48
98.48
98.48
98.48
98.48
98.48
98.48
98.48
97.45
97.45
97.45
97.45
97.45
97.32
97.32
97.32
97.32
97.32
97.32
97.32
97.32
97.32
98.09
98.09
98.09
98.09
98.09
98.09
98.09
98.09
98.09
97.75
97.75
97.75
97.75
97.75
97.75
97.75
97.75
98.66
98.66
98.66
98.66
98.66
98.66
98.66
98.66
98.66
98.66
98.66
98.66
98.66
98.66
98.65
98.65
98.65
98.65
98.65
98.65
98.65
98.65
98.65
98.65
98.65
98.75
98.75
98.75
98.75
98.75
98.75
98.75
98.48
98.48
98.48
98.48
98.72
98.72
98.72
98.72
98.72
98.72
98.72
98.72
98.58
98.58
98.58
98.58
98.58
98.58
98.58
98.58
98.58
98.34
98.34
98.34
98.34
98.34
98.34
98.34
98.34
98.34
98.23
98.23
98.23
98.23
98.23
98.23
98.23
98.23
98.09
98.09
98.09
98.09
98.52
98.52
98.52
98.52
98.52
98.52
98.35
98.35
98.35
98.35
98.35
98.35
98.29
98.29
98.29
98.29
98.29
98.29
98.29
98.29
98.29
98.44
98.44
98.44
98.44
98.44
98.44
98.44
98.44
98.44
98.44
98.44
98.53
98.53
98.53
98.53
98.60
98.60
98.60
98.60
98.60
98.60
98.60
98.51
98.51
98.51
98.51
98.51
98.51
98.51
98.51
98.51
98.51
98.51
98.50
98.50
98.50
98.50
98.50
98.50
98.50
97.40
97.40
97.40
97.40
97.40
97.40
97.40
97.40
97.40
97.40
95.68
95.68
95.68
95.68
95.68
95.68
95.68
95.68
95.68
95.68
95.68
95.68
93.43
93.43
93.43
93.43
96.59
96.59
96.59
96.59
96.59
96.59
96.59
96.59
96.59
96.38
96.38
96.38
96.38
96.38
96.38
96.38
96.38
96.38
97.85
97.85
97.85
97.85
97.85
97.60
97.60
97.60
97.60
97.60
97.60
97.60
97.60
96.92
96.92
96.92
96.92
96.92
96.92
96.92
96.92
97.26
97.26
97.26
97.26
97.26
97.26
97.26
97.26
97.26
97.26
97.26
94.93
94.93
94.93
94.93
94.93
94.93
94.93
94.93
94.62
94.62
94.62
94.62
94.62
94.62
94.62
94.76
94.76
94.76
94.76
94.76
94.76
94.76
94.76
