98.33
98.33
98.33
98.33
98.33
98.33
98.46
98.46
98.46
98.46
98.46
98.46
98.46
98.46
98.54
98.54
98.54
98.54
98.54
98.54
98.54
98.54
98.53
98.53
98.53
98.53
98.53
98.53
98.53
98.61
98.61
98.61
98.61
98.61
98.61
98.62
98.62
98.62
98.62
98.62
98.62
98.62
98.25
98.25
98.25
98.25
98.25
98.25
98.25
96.74
96.74
96.74
96.74
96.74
96.74
96.74
94.27
94.27
94.27
94.27
94.27
94.27
94.27
94.27
94.27
93.53
93.53
93.53
93.53
93.53
93.53
93.53
93.53
88.67
88.67
88.67
88.67
88.67
88.67
88.67
88.67
88.67
88.97
88.97
88.97
88.97
88.97
88.97
88.97
88.97
88.97
83.70
83.70
83.70
83.70
83.70
83.70
83.70
83.70
83.70
88.42
88.42
88.42
88.42
88.42
88.42
88.42
92.77
92.77
92.77
92.77
92.77
92.77
92.77
92.77
92.77
92.77
92.77
92.77
93.93
93.93
93.93
93.93
93.93
93.93
93.93
93.93
95.14
95.14
95.14
95.14
95.14
95.14
95.14
95.14
95.14
95.14
95.14
95.14
95.14
95.14
96.65
96.65
96.65
96.65
96.65
96.65
96.65
96.91
96.91
96.91
96.91
96.91
96.91
98.30
98.30
98.30
98.30
98.30
98.30
98.30
98.59
98.59
98.59
98.59
98.71
98.71
98.71
98.71
98.71
98.71
98.71
98.71
98.71
98.71
98.71
97.61
97.61
97.61
97.61
97.61
97.61
96.79
96.79
96.79
96.79
96.79
92.65
92.65
92.65
92.65
92.65
92.65
92.65
86.23
86.23
86.23
86.23
86.23
86.23
85.45
85.45
85.45
85.45
85.05
85.05
85.05
85.05
85.05
86.40
86.40
86.40
86.40
86.40
86.40
86.40
86.40
86.40
86.40
86.40
86.40
81.53
81.53
81.53
81.53
81.53
81.53
81.53
81.53
81.53
81.18
81.18
81.18
81.18
81.18
81.18
81.18
81.18
81.18
81.18
81.18
81.18
81.18
81.18
84.85
84.85
84.85
84.85
84.85
84.85
89.36
89.36
89.36
89.36
89.36
89.36
89.36
89.36
89.36
89.36
89.36
89.36
93.26
93.26
93.26
93.26
93.26
93.26
93.26
93.26
93.26
95.43
95.43
95.43
95.43
95.43
95.43
95.43
97.77
97.77
97.77
97.77
97.77
97.77
97.77
97.77
97.77
97.77
98.49
98.49
98.49
98.49
98.49
98.49
98.49
98.49
98.84
98.84
98.84
98.84
98.84
98.84
98.84
