95.67
95.67
95.67
95.67
95.67
95.67
95.67
95.67
95.67
95.99
95.99
95.99
95.99
95.99
95.99
95.99
95.99
94.23
94.23
94.23
94.23
94.23
94.23
94.23
94.23
94.23
94.23
94.23
92.01
92.01
92.01
92.01
92.01
92.01
92.01
92.01
90.06
90.06
90.06
90.06
90.06
90.06
88.90
88.90
88.90
88.90
88.90
88.90
88.90
89.42
89.42
89.42
89.42
89.42
89.42
89.42
90.07
90.07
90.07
90.07
92.27
92.27
92.27
92.27
92.27
92.27
92.27
92.27
95.03
95.03
95.03
95.03
95.03
95.03
95.03
96.63
96.63
96.63
96.63
96.63
97.59
97.59
97.59
97.59
97.59
97.59
98.44
98.44
98.44
98.44
98.44
98.44
98.44
98.44
98.44
98.44
98.44
98.69
98.69
98.69
98.69
98.69
98.69
98.69
98.69
98.88
98.88
98.88
98.88
98.88
98.88
98.88
98.89
98.89
98.89
98.89
98.89
98.89
98.89
98.89
98.91
98.91
98.91
98.91
98.91
98.91
98.91
98.91
98.91
98.91
98.91
98.84
98.84
98.84
98.84
98.84
98.84
98.84
98.63
98.63
98.63
98.63
98.63
98.63
98.63
98.63
98.17
98.17
98.17
98.17
98.17
98.17
98.17
98.17
95.88
95.88
95.88
95.88
95.88
95.88
95.88
95.88
94.97
94.97
94.97
94.97
94.97
94.97
94.97
94.97
94.97
94.97
94.97
91.21
91.21
91.21
91.21
91.21
91.21
91.21
87.60
87.60
87.60
87.60
87.60
87.60
87.60
87.60
87.60
87.60
78.65
78.65
78.65
78.65
78.65
78.65
78.65
78.65
78.65
78.65
78.65
60.70
60.70
60.70
60.70
60.70
60.70
60.70
60.70
60.70
55.68
55.68
55.68
55.68
55.68
56.16
56.16
56.16
56.16
56.16
56.16
56.16
56.16
62.34
62.34
62.34
62.34
62.34
62.34
69.17
69.17
69.17
69.17
69.17
83.56
83.56
83.56
83.56
83.56
83.56
83.56
93.99
93.99
93.99
93.99
97.78
97.78
97.78
97.78
97.78
97.78
97.78
97.78
98.12
98.12
98.12
98.12
98.12
98.12
98.12
98.12
98.74
98.74
98.74
98.74
98.74
98.74
98.74
98.74
98.74
98.74
98.74
98.14
98.14
98.14
98.14
98.14
98.14
98.14
97.65
97.65
97.65
97.65
97.65
97.65
97.65
97.65
