94.45
94.45
94.45
94.45
94.45
94.45
95.97
95.97
95.97
95.97
95.97
95.97
95.97
95.97
96.08
96.08
96.08
96.08
96.08
96.08
96.08
96.86
96.86
96.86
96.86
98.42
98.42
98.42
98.42
98.42
98.42
98.42
98.37
98.37
98.37
98.37
98.37
98.37
98.37
98.37
98.30
98.30
98.30
98.30
98.30
98.30
98.30
97.13
97.13
97.13
97.13
97.13
97.13
97.13
97.13
97.13
97.13
97.13
95.62
95.62
95.62
95.62
95.62
95.62
95.62
95.62
92.65
92.65
92.65
92.65
92.65
95.36
95.36
95.36
95.36
95.36
95.36
95.36
97.06
97.06
97.06
97.06
97.06
97.06
97.06
97.45
97.45
97.45
97.45
97.45
97.45
97.45
97.45
98.15
98.15
98.15
98.15
97.87
97.87
97.87
97.87
97.87
98.32
98.32
98.32
98.32
98.32
98.32
98.06
98.06
98.06
98.06
98.06
98.06
98.06
98.06
96.78
96.78
96.78
96.78
96.78
95.80
95.80
95.80
95.80
95.80
95.80
95.80
95.80
95.80
95.80
95.80
96.58
96.58
96.58
96.58
96.58
96.58
96.58
96.58
96.58
94.78
94.78
94.78
94.78
94.78
86.55
86.55
86.55
86.55
86.55
86.55
86.55
86.55
86.55
81.40
81.40
81.40
81.40
81.40
81.40
74.08
74.08
74.08
74.08
74.08
74.08
