0.91
0.91
0.92
0.90
0.92
0.86
0.84
0.85
0.93
0.93
0.93
0.92
0.93
0.90
0.88
0.94
0.94
0.94
0.93
0.94
0.89
0.89
0.95
0.95
0.95
0.94
0.95
0.92
0.92
0.89
0.95
0.95
0.95
0.94
0.95
0.89
0.84
0.78
0.73
0.95
0.96
0.96
0.95
0.95
0.88
0.83
0.82
0.80
0.96
0.96
0.96
0.96
0.96
0.95
0.93
0.93
0.97
0.96
0.96
0.96
0.96
0.93
0.89
0.89
0.88
0.96
0.96
0.96
0.95
0.95
0.79
0.96
0.96
0.96
0.95
0.95
0.92
0.92
0.89
0.96
0.96
0.96
0.95
0.95
0.90
0.90
0.85
0.95
0.95
0.95
0.94
0.94
0.81
0.95
0.94
0.94
0.93
0.92
0.84
0.79
0.73
0.69
0.93
0.93
0.93
0.92
0.91
0.86
0.82
0.79
0.71
0.68
0.77
0.94
0.94
0.94
0.91
0.92
0.83
0.75
0.74
0.95
0.96
0.96
0.95
0.95
0.93
0.93
0.90
0.96
0.96
0.96
0.94
0.95
0.82
0.75
0.65
0.74
0.96
0.96
0.95
0.96
0.94
0.95
0.94
0.94
0.94
0.94
0.93
