98.12
98.12
98.12
98.12
98.12
98.12
98.12
98.12
98.12
98.12
98.12
98.12
98.12
98.12
98.12
97.31
97.31
97.31
97.31
97.31
97.31
97.31
97.31
97.31
96.50
96.50
96.50
96.50
96.50
96.50
98.06
98.06
98.06
98.06
98.06
98.06
98.06
98.06
98.06
98.06
98.06
98.44
98.44
98.44
98.44
98.44
98.44
98.44
98.44
97.81
97.81
97.81
97.81
97.81
97.31
97.31
97.31
97.31
97.31
97.31
97.31
97.31
97.31
96.81
96.81
96.81
96.81
96.81
95.81
95.81
95.81
95.81
95.81
95.81
95.81
95.81
95.81
89.25
89.25
89.25
89.25
80.75
80.75
80.75
80.75
80.75
80.75
81.62
81.62
81.62
81.62
82.06
82.06
82.06
82.06
82.06
82.06
82.06
84.44
84.44
84.44
84.44
84.44
84.44
93.00
93.00
93.00
93.00
95.44
95.44
95.44
95.44
96.94
96.94
96.94
96.94
96.94
96.94
96.94
96.94
97.25
97.25
97.25
97.25
97.25
97.25
97.25
97.25
97.62
97.62
97.62
97.62
97.62
97.62
97.62
97.62
97.62
97.62
97.62
