0.29
0.30
0.29
0.27
0.28
0.25
0.28
0.26
0.29
0.30
0.29
0.27
0.28
0.26
0.25
0.28
0.27
0.29
0.26
0.24
0.24
0.24
0.24
0.26
0.27
0.29
0.27
0.25
0.28
0.25
0.23
0.24
0.13
0.25
0.27
0.25
0.23
0.23
0.26
0.27
0.26
0.25
0.25
0.24
0.23
0.26
0.26
0.27
0.26
0.24
0.25
0.23
0.24
0.25
0.28
0.24
0.22
0.23
0.08
0.12
0.24
0.26
0.23
0.22
0.21
0.21
0.13
0.12
0.27
0.28
0.27
0.24
0.25
0.29
0.29
0.29
0.26
0.27
0.25
0.26
0.22
0.28
0.29
0.28
0.26
0.27
0.25
0.25
0.27
0.25
0.27
0.24
0.22
0.23
0.22
0.14
0.13
0.09
0.11
0.08
0.13
0.27
0.27
0.27
0.24
0.25
0.23
0.26
0.17
0.17
0.17
0.20
0.26
0.27
0.26
0.24
0.24
0.23
0.26
0.33
0.22
0.25
0.28
0.25
0.23
0.23
0.19
0.24
0.25
0.24
0.22
0.23
0.22
0.23
0.18
0.12
0.26
0.27
0.26
0.24
0.24
0.23
0.20
0.20
0.16
0.19
0.20
0.26
0.27
0.26
0.24
0.24
0.23
0.22
0.25
