0.84
0.84
0.84
0.82
0.83
0.74
0.68
0.68
0.84
0.84
0.84
0.82
0.83
0.85
0.85
0.85
0.83
0.84
0.79
0.78
0.85
0.85
0.85
0.83
0.83
0.82
0.82
0.81
0.80
0.80
0.76
0.71
0.71
0.80
0.80
0.80
0.77
0.79
0.70
0.64
0.62
0.59
0.58
0.82
0.82
0.82
0.79
0.80
0.73
0.69
0.67
0.64
0.81
0.80
0.80
0.78
0.78
0.73
0.68
0.68
0.78
0.78
0.78
0.76
0.77
0.78
0.78
0.78
0.75
0.76
0.70
0.78
0.77
0.76
0.75
0.73
0.72
0.69
0.70
0.78
0.77
0.77
0.75
0.75
0.71
0.70
0.68
0.74
0.73
0.74
0.71
0.72
0.69
0.69
0.67
0.67
0.67
0.63
0.65
0.67
0.67
0.66
0.62
0.63
0.57
0.57
0.56
0.51
0.62
0.64
0.61
0.57
0.58
0.53
0.48
0.50
0.49
0.61
0.61
0.58
0.62
0.54
0.63
0.63
0.62
0.60
0.61
0.58
0.57
0.50
0.43
0.60
0.60
0.60
0.55
0.57
0.51
0.52
0.39
0.52
0.53
0.52
0.53
0.46
0.50
0.41
0.46
0.32
0.46
0.53
0.51
0.52
0.47
0.50
0.43
0.40
0.47
0.55
0.53
0.55
0.50
0.53
0.45
0.46
0.52
0.51
0.52
0.46
0.49
0.41
