0.87
0.86
0.86
0.85
0.84
0.80
0.79
0.82
0.82
0.82
0.79
0.78
0.77
0.77
0.76
0.74
0.73
0.71
0.64
0.60
0.76
0.76
0.76
0.73
0.75
0.69
0.67
0.69
0.78
0.78
0.78
0.74
0.75
0.69
0.66
0.55
0.50
0.78
0.78
0.79
0.76
0.78
0.70
0.70
0.81
0.82
0.82
0.80
0.80
0.72
0.83
0.83
0.84
0.82
0.83
0.80
0.78
0.79
0.77
0.77
0.86
0.86
0.86
0.84
0.84
0.81
0.80
0.78
0.77
0.87
0.87
0.87
0.86
0.86
0.85
0.83
0.83
0.83
0.83
0.80
0.89
0.89
0.89
0.88
0.88
0.83
0.82
0.92
0.92
0.92
0.91
0.91
0.89
0.89
0.92
0.92
0.91
0.89
0.90
0.79
0.71
0.69
0.69
0.68
0.92
0.92
0.91
0.90
0.89
0.82
0.77
0.73
0.68
0.91
0.90
0.89
0.88
0.87
0.78
0.91
0.91
0.92
0.90
0.92
0.83
0.79
0.79
