0.53
0.51
0.53
0.47
0.50
0.43
0.46
0.49
0.52
0.49
0.43
0.46
0.41
0.37
0.34
0.36
0.33
0.48
0.48
0.49
0.42
0.45
0.34
0.36
0.33
0.53
0.51
0.53
0.50
0.57
0.57
0.58
0.52
0.55
0.49
0.39
0.49
0.60
0.60
0.60
0.55
0.56
0.45
0.46
0.67
0.65
0.67
0.64
0.76
0.77
0.77
0.75
0.75
0.68
0.74
0.76
0.77
0.77
0.74
0.75
0.70
0.70
0.70
0.73
0.73
0.73
0.71
0.71
0.67
0.65
0.66
0.69
0.68
0.68
0.66
0.67
0.71
0.70
0.71
0.69
0.69
0.65
0.65
0.66
0.73
0.72
0.73
0.71
0.71
0.67
0.65
0.64
0.58
0.73
0.73
0.73
0.71
0.70
0.66
0.64
0.61
0.57
0.72
0.72
0.72
0.70
0.70
0.66
0.69
0.68
0.69
0.66
0.68
0.63
0.78
0.79
0.79
0.77
0.78
0.71
0.67
0.57
0.63
0.84
0.85
0.85
0.83
0.84
0.80
0.79
0.86
0.87
0.87
0.86
0.86
0.85
0.82
0.83
0.81
0.80
0.89
0.89
0.89
0.88
0.88
0.91
0.90
0.91
0.89
0.89
0.80
0.75
0.66
0.72
0.92
0.92
0.92
0.91
0.90
0.90
0.90
0.90
0.90
0.88
0.85
0.85
0.90
0.90
0.90
0.90
0.89
0.89
0.88
0.87
0.87
0.87
0.86
0.85
0.82
0.82
0.80
0.84
0.84
0.84
0.83
0.82
0.79
0.77
0.66
0.52
0.49
0.69
0.79
0.78
0.79
0.77
0.77
0.71
0.67
0.69
0.77
0.76
0.76
0.75
0.74
0.72
0.69
0.69
0.70
0.70
0.70
0.67
0.67
0.64
0.62
