0.59
0.61
0.61
0.52
0.56
0.43
0.44
0.45
0.80
0.80
0.81
0.75
0.77
0.70
0.68
0.61
0.51
0.91
0.91
0.92
0.89
0.91
0.78
0.93
0.94
0.94
0.93
0.94
0.95
0.95
0.95
0.94
0.95
0.91
0.85
0.85
0.95
0.96
0.95
0.95
0.95
0.94
0.91
0.91
0.96
0.96
0.96
0.96
0.96
0.95
0.95
0.95
0.95
0.95
0.94
0.94
0.92
0.89
0.88
0.94
0.94
0.93
0.93
0.92
0.88
0.84
0.83
0.82
0.93
0.93
0.92
0.91
0.91
0.88
0.85
0.86
0.93
0.93
0.93
0.92
0.93
0.93
0.94
0.92
0.93
0.86
0.87
0.95
0.95
0.94
0.94
0.94
0.90
0.86
0.86
0.87
0.94
0.94
0.94
0.94
0.93
0.93
0.90
0.90
0.90
0.90
0.89
0.93
0.93
0.93
0.92
0.92
0.88
0.81
0.80
0.81
0.81
0.92
0.92
0.92
0.91
0.90
0.90
0.91
0.89
0.90
0.83
0.80
0.74
0.56
0.53
0.72
0.91
0.90
0.90
0.90
0.88
0.86
0.86
0.85
0.84
0.82
0.79
0.78
0.76
0.86
0.86
0.87
0.85
0.90
0.90
0.90
0.89
0.89
0.90
0.90
0.90
0.88
0.89
0.78
0.81
0.91
0.91
0.92
0.91
0.93
0.93
0.93
0.92
0.92
0.80
0.94
0.94
0.94
0.93
0.94
0.95
0.95
0.94
0.93
0.93
0.75
0.74
0.94
0.94
0.94
0.93
0.92
0.92
0.92
0.90
0.91
0.84
0.81
0.79
0.76
0.92
0.92
0.91
0.91
0.90
0.90
0.90
