0.96
0.96
0.96
0.95
0.95
0.95
0.93
0.93
0.93
0.93
0.90
0.92
0.96
0.96
0.95
0.96
0.94
0.95
0.94
0.94
0.93
0.93
0.93
0.95
0.94
0.94
0.93
0.93
0.80
0.67
0.64
0.93
0.92
0.92
0.90
0.91
0.78
0.73
0.68
0.53
0.47
0.65
0.91
0.91
0.90
0.88
0.88
0.89
0.89
0.86
0.88
0.72
0.73
0.89
0.90
0.89
0.85
0.90
0.89
0.88
0.87
0.86
0.82
0.80
0.90
0.91
0.91
0.88
0.89
0.82
0.75
0.74
0.74
0.75
0.91
0.91
0.90
0.88
0.88
0.77
0.71
0.70
0.67
0.91
0.91
0.92
0.91
0.94
0.94
0.95
0.94
0.94
0.90
0.85
0.84
0.95
0.95
0.95
0.94
0.95
0.85
0.85
0.95
0.95
0.96
0.95
0.95
0.90
0.85
0.82
0.66
0.61
0.77
0.96
0.96
0.96
0.95
0.95
0.92
0.92
0.96
0.96
0.96
0.95
0.95
0.91
0.89
0.86
0.76
0.74
0.83
0.95
0.95
0.95
0.93
0.94
0.84
0.78
0.66
0.74
0.94
0.94
0.94
0.92
0.93
0.76
0.69
0.64
0.61
0.96
0.96
0.96
0.96
0.96
0.95
0.93
0.93
0.96
0.96
0.96
0.95
0.95
0.95
0.95
0.95
0.94
0.94
0.90
0.82
0.83
