0.94
0.94
0.94
0.94
0.93
0.93
0.92
0.92
0.92
0.92
0.88
0.91
0.95
0.95
0.95
0.94
0.94
0.93
0.91
0.95
0.95
0.95
0.94
0.94
0.93
0.89
0.89
0.90
0.90
0.84
0.88
0.95
0.95
0.95
0.95
0.95
0.93
0.91
0.90
0.96
0.96
0.96
0.95
0.95
0.93
0.92
0.96
0.96
0.95
0.95
0.95
0.89
0.89
0.83
0.94
0.94
0.94
0.93
0.92
0.92
0.92
0.91
0.92
0.81
0.70
0.72
0.93
0.93
0.92
0.92
0.90
0.91
0.91
0.90
0.90
0.90
0.89
0.89
0.82
0.75
0.75
0.75
0.76
0.72
0.88
0.88
0.87
0.87
0.85
0.84
0.83
0.86
0.85
0.84
0.83
0.82
0.75
0.71
0.64
0.58
0.82
0.82
0.81
0.77
0.83
0.80
0.76
0.76
0.66
0.69
0.64
0.53
0.65
0.76
0.75
0.77
0.72
0.73
0.64
0.63
0.83
0.84
0.84
0.80
0.82
0.68
0.89
0.90
0.91
0.89
0.90
0.94
0.94
0.94
0.93
0.94
0.90
0.91
0.96
0.96
0.96
0.96
0.97
0.97
0.97
0.96
0.96
0.95
0.95
0.96
0.96
0.96
0.96
0.96
0.95
0.93
0.92
0.96
0.96
0.95
0.95
0.93
0.93
0.93
0.91
0.94
0.93
0.93
0.92
0.93
0.92
0.92
0.91
0.92
0.86
0.83
0.76
0.70
0.93
0.93
0.93
0.91
0.91
0.86
0.79
0.79
0.95
0.95
0.95
0.94
0.95
0.89
0.89
0.96
0.96
0.96
0.95
0.95
0.94
0.94
0.96
0.96
0.96
0.96
0.96
0.93
0.87
0.86
0.95
0.95
0.95
0.95
0.94
0.91
0.91
