0.97
0.97
0.97
0.96
0.96
0.95
0.93
0.91
0.81
0.80
0.88
0.96
0.96
0.96
0.96
0.96
0.94
0.94
0.91
0.97
0.97
0.97
0.97
0.97
0.96
0.95
0.94
0.97
0.97
0.97
0.97
0.97
0.94
0.84
0.83
0.97
0.97
0.97
0.96
0.96
0.94
0.86
0.85
0.96
0.96
0.96
0.96
0.95
0.94
0.89
0.88
0.95
0.95
0.95
0.95
0.94
0.93
0.93
0.93
0.93
0.92
0.90
0.90
0.89
0.90
0.86
0.89
0.75
0.70
0.58
0.65
0.87
0.87
0.88
0.86
0.87
0.82
0.82
0.93
0.93
0.93
0.92
0.93
0.90
0.87
0.86
0.94
0.94
0.93
0.93
0.92
0.93
0.92
0.92
0.91
0.92
0.84
0.80
0.77
0.74
0.94
0.94
0.94
0.92
0.93
0.88
0.95
0.95
0.95
0.94
0.94
0.93
0.94
0.94
0.93
0.92
0.92
0.74
0.72
0.95
0.95
0.95
0.93
0.95
0.80
0.75
0.73
0.70
0.96
0.96
0.96
0.95
0.95
0.78
0.76
0.96
0.96
0.96
0.96
