0.89
0.89
0.89
0.87
0.88
0.91
0.91
0.91
0.91
0.91
0.91
0.92
0.92
0.91
0.91
0.91
0.89
0.91
0.87
0.87
0.92
0.92
0.92
0.91
0.91
0.94
0.94
0.94
0.94
0.93
0.95
0.94
0.94
0.93
0.93
0.93
0.94
0.94
0.94
0.93
0.93
0.90
0.88
0.86
0.95
0.95
0.95
0.95
0.94
0.94
0.92
0.92
0.95
0.95
0.95
0.95
0.95
0.94
0.93
0.93
0.92
0.93
0.92
0.96
0.96
0.96
0.95
0.95
0.92
0.87
0.87
0.88
0.87
0.89
0.87
0.88
0.87
0.97
0.97
0.97
0.97
0.97
0.97
0.97
0.97
0.97
0.98
0.98
0.98
0.98
0.97
0.97
0.94
0.94
0.94
0.95
0.96
0.94
0.95
0.95
0.98
0.98
0.97
0.97
0.97
0.96
0.95
0.94
0.98
0.97
0.97
0.97
0.95
0.96
0.94
0.92
0.88
0.88
0.90
0.97
0.97
0.96
0.97
0.96
0.97
0.97
0.95
0.92
0.91
0.94
0.96
0.96
0.95
0.95
0.92
0.94
0.93
0.93
