0.96
0.96
0.96
0.96
0.96
0.93
0.93
0.96
0.96
0.96
0.96
0.96
0.95
0.94
0.94
0.96
0.96
0.96
0.95
0.96
0.87
0.81
0.78
0.75
0.96
0.96
0.97
0.96
0.96
0.94
0.94
0.96
0.96
0.96
0.96
0.96
0.95
0.94
0.93
0.93
0.93
0.90
0.92
0.96
0.96
0.96
0.96
0.96
0.95
0.94
0.93
0.93
0.97
0.97
0.97
0.96
0.96
0.96
0.96
0.96
0.95
0.96
0.91
0.86
0.82
0.71
0.66
0.77
0.96
0.96
0.96
0.96
0.95
0.96
0.94
0.94
0.96
0.96
0.95
0.94
0.94
0.77
0.78
0.95
0.95
0.95
0.94
0.94
0.84
0.78
0.70
0.65
0.95
0.95
0.95
0.92
0.94
0.66
0.95
0.95
0.95
0.93
0.94
0.81
0.75
0.68
0.61
0.96
0.96
0.96
0.96
0.96
0.95
0.93
0.92
0.92
0.92
0.88
0.91
0.96
0.96
0.96
0.96
0.96
0.95
0.93
0.92
0.96
0.96
0.96
0.96
0.95
0.95
0.95
0.95
0.94
0.95
0.94
0.94
0.93
0.92
0.88
0.82
0.84
0.95
0.95
0.95
0.94
0.95
0.92
0.87
0.87
0.85
0.86
0.84
0.96
0.96
0.96
0.95
0.96
0.94
0.90
0.90
0.96
0.96
0.96
0.96
0.96
0.92
0.96
0.96
0.96
0.96
0.96
0.88
0.73
0.73
0.96
0.96
0.96
0.96
0.96
0.96
0.96
0.96
0.96
0.96
0.95
0.93
0.92
0.96
0.96
0.96
0.96
0.96
0.95
0.91
0.90
0.96
0.96
0.96
0.96
0.95
0.93
0.88
0.87
