0.76
0.78
0.77
0.74
0.75
0.72
0.73
0.79
0.71
0.70
0.66
0.64
0.60
0.68
0.67
0.73
0.78
0.76
0.63
0.74
0.70
0.72
0.68
0.63
0.65
0.51
0.47
0.61
0.63
0.57
0.56
0.53
0.43
0.62
0.64
0.61
0.59
0.58
0.68
0.70
0.71
0.69
0.73
0.73
0.73
0.66
0.69
0.61
0.61
0.63
0.58
0.78
0.80
0.80
0.76
0.77
0.70
0.68
0.68
0.78
0.80
0.80
0.77
0.78
0.72
0.82
0.84
0.81
0.80
0.78
0.85
0.81
0.82
0.81
0.79
0.79
0.77
0.74
0.75
0.74
0.73
0.67
0.72
0.81
0.81
0.79
0.80
0.76
0.82
0.81
0.81
0.82
0.82
0.79
0.78
0.77
0.76
0.73
0.72
0.68
0.63
0.64
0.72
0.71
0.73
0.67
0.71
0.60
0.72
0.72
0.72
0.67
0.69
0.60
0.67
0.66
0.65
0.61
0.61
0.58
0.54
0.59
0.59
0.61
0.57
0.67
0.66
0.66
0.62
0.62
0.53
0.55
0.68
0.67
0.68
0.64
0.65
0.60
0.67
0.66
0.67
0.63
0.65
0.54
0.55
0.54
0.68
0.67
0.68
0.64
0.66
0.74
0.74
0.75
0.72
0.74
0.67
0.67
0.65
0.77
0.78
0.78
0.76
0.77
0.73
0.72
0.80
0.80
0.80
0.79
0.79
0.77
0.74
0.74
0.73
0.73
0.71
0.70
0.81
0.81
0.81
0.79
0.80
0.78
0.83
0.84
0.84
0.81
0.82
0.70
0.69
0.68
0.86
0.86
0.86
0.84
0.85
0.78
0.76
0.70
0.68
0.84
0.84
0.83
0.82
0.81
0.77
0.73
0.73
0.83
0.82
0.81
0.81
0.79
0.76
0.77
0.80
0.80
0.79
0.78
0.76
0.74
0.74
0.74
0.75
0.71
0.74
0.66
0.61
0.62
0.72
0.72
0.72
0.72
