0.91
0.91
0.91
0.89
0.90
0.79
0.78
0.76
0.91
0.92
0.92
0.91
0.91
0.89
0.88
0.91
0.91
0.91
0.90
0.90
0.87
0.86
0.88
0.88
0.87
0.87
0.86
0.85
0.84
0.84
0.85
0.85
0.84
0.83
0.82
0.77
0.85
0.84
0.84
0.82
0.82
0.78
0.74
0.75
0.85
0.85
0.86
0.84
0.88
0.88
0.89
0.87
0.88
0.81
0.79
0.73
0.61
0.58
0.71
0.90
0.90
0.90
0.89
0.89
0.88
0.87
0.90
0.90
0.89
0.89
0.87
0.88
0.85
0.86
0.89
0.89
0.90
0.88
0.89
0.81
0.77
0.75
0.71
0.91
0.91
0.91
0.90
0.90
0.82
0.86
0.91
0.91
0.91
0.91
0.91
0.87
0.89
0.89
0.90
0.90
0.89
0.90
0.88
0.86
0.86
0.85
0.86
0.84
0.91
0.91
0.90
0.91
0.89
0.90
0.89
0.89
0.89
0.89
0.88
0.88
0.89
0.87
0.87
0.88
0.86
0.87
0.79
0.78
0.90
0.90
0.89
0.89
0.87
0.88
0.88
0.88
0.87
0.86
0.86
0.84
0.88
0.88
0.87
0.87
0.84
0.86
0.83
0.83
0.85
0.83
0.82
0.80
0.76
0.73
0.75
0.69
0.66
0.68
0.62
0.70
0.70
0.72
0.63
0.67
0.58
0.52
0.56
0.68
0.68
0.69
0.61
0.63
0.57
0.80
0.81
0.81
0.79
0.86
0.86
0.87
0.84
0.86
0.76
0.76
0.90
0.90
0.91
0.89
0.91
0.83
0.86
