0.94
0.95
0.95
0.94
0.95
0.89
0.94
0.95
0.96
0.94
0.96
0.88
0.90
0.87
0.96
0.97
0.97
0.97
0.97
0.96
0.95
0.95
0.96
0.96
0.96
0.96
0.96
0.94
0.94
0.95
0.96
0.96
0.95
0.96
0.92
0.93
0.96
0.96
0.97
0.96
0.97
0.92
0.88
0.88
0.96
0.97
0.96
0.97
0.96
0.96
0.96
0.96
0.95
0.95
0.87
0.83
0.81
0.95
0.96
0.95
0.96
0.95
0.95
0.93
0.92
0.92
0.93
0.95
0.96
0.95
0.96
0.94
0.96
0.96
0.94
0.96
0.96
0.94
0.95
0.91
0.92
0.86
0.88
0.88
0.94
0.93
0.92
0.92
0.89
0.93
0.93
0.93
0.91
0.94
0.93
0.92
0.90
0.93
0.93
0.93
0.91
0.92
0.83
0.80
0.74
0.72
0.92
0.92
0.92
0.90
0.92
