0.98
0.98
0.98
0.97
0.97
0.94
0.91
0.89
0.86
0.84
0.85
0.98
0.98
0.98
0.97
0.97
0.96
0.94
0.94
0.92
0.93
0.98
0.98
0.98
0.98
0.98
0.98
0.97
0.99
0.99
0.98
0.98
0.98
0.95
0.99
0.99
0.98
0.98
0.98
0.98
0.99
0.99
0.99
0.98
0.99
0.97
0.96
0.95
0.95
0.94
0.99
0.99
0.99
0.99
0.99
0.98
0.98
0.99
0.99
0.99
0.99
0.99
0.99
0.99
0.98
0.99
0.99
0.99
0.99
0.99
0.99
0.98
0.98
0.98
0.98
0.98
0.99
0.99
0.99
0.99
0.99
0.98
0.97
0.97
0.99
0.99
0.99
0.99
0.98
0.98
0.96
0.94
0.94
0.95
0.99
0.99
0.99
0.98
0.99
0.97
0.94
0.93
0.94
0.99
0.99
0.99
0.99
0.99
0.99
0.99
0.99
0.99
0.97
0.95
0.93
0.92
0.99
0.99
0.99
0.99
0.99
0.99
0.99
0.98
0.99
0.99
0.99
0.98
0.98
0.89
0.79
0.81
0.76
0.98
0.99
0.99
0.98
0.98
0.98
0.96
0.96
0.95
0.99
0.99
0.98
0.98
0.98
0.97
0.96
0.94
0.94
0.98
0.98
0.98
0.98
0.98
0.98
0.98
0.97
0.98
0.80
0.73
0.80
0.98
0.98
0.98
0.98
0.98
0.98
0.98
0.98
0.98
0.98
0.97
0.97
0.89
0.85
0.86
0.83
0.98
0.98
0.98
0.96
0.97
0.88
0.82
0.75
0.83
0.98
0.98
0.98
0.98
0.98
0.97
0.97
0.98
0.98
0.97
0.98
0.95
0.98
0.98
0.98
0.97
0.97
0.97
