0.47
0.47
0.47
0.42
0.44
0.37
0.41
0.43
0.42
0.37
0.40
0.32
0.30
0.45
0.43
0.45
0.40
0.43
0.36
0.51
0.49
0.51
0.46
0.48
0.40
0.63
0.63
0.64
0.60
0.62
0.57
0.71
0.71
0.73
0.69
0.71
0.77
0.77
0.77
0.76
0.75
0.75
0.74
0.77
0.77
0.77
0.75
0.76
0.68
0.72
0.78
0.78
0.78
0.76
0.75
0.67
0.75
0.77
0.77
0.77
0.75
0.75
0.68
0.71
0.74
0.73
0.73
0.71
0.71
0.65
0.65
0.69
0.68
0.69
0.66
0.66
0.62
0.59
0.60
0.64
0.63
0.64
0.61
0.62
0.58
0.58
0.57
0.57
0.57
0.52
0.54
0.52
0.53
0.51
0.52
0.49
0.54
0.53
0.54
0.50
0.52
0.45
0.45
0.52
0.51
0.52
0.48
0.50
0.43
0.44
0.42
0.49
0.50
0.50
0.45
0.47
0.42
0.36
0.42
0.53
0.52
0.52
0.46
0.49
0.43
0.47
0.35
0.55
0.53
0.55
0.53
