0.90
0.90
0.89
0.90
0.87
0.89
0.89
0.89
0.86
0.87
0.76
0.69
0.69
0.65
0.65
0.65
0.87
0.87
0.85
0.85
0.82
0.83
0.82
0.80
0.79
0.76
0.78
0.79
0.79
0.75
0.75
0.70
0.65
0.66
0.63
0.60
0.64
0.73
0.74
0.75
0.71
0.74
0.69
0.69
0.61
0.54
0.50
0.65
0.68
0.74
0.71
0.68
0.69
0.63
0.69
0.62
0.60
0.58
0.45
0.42
0.50
0.56
0.62
0.54
0.52
0.50
0.52
0.48
0.57
0.61
0.67
0.37
0.59
0.71
0.73
0.67
0.68
0.63
0.67
0.65
0.65
0.53
0.48
0.69
0.72
0.74
0.73
0.70
0.71
0.62
0.62
0.70
0.74
0.72
0.68
0.71
0.65
0.71
0.80
0.69
0.71
0.70
0.67
0.69
0.70
0.73
0.70
0.69
0.68
0.70
0.69
0.74
0.77
0.77
0.74
0.57
0.71
0.54
0.54
0.50
0.46
0.42
0.50
0.53
0.63
0.71
0.66
0.72
0.63
0.75
0.75
0.71
0.71
0.68
0.70
0.68
0.77
0.78
0.68
0.69
0.66
0.63
0.61
0.61
0.59
0.62
