0.96
0.96
0.95
0.95
0.94
0.94
0.91
0.90
0.96
0.96
0.96
0.96
0.95
0.95
0.93
0.93
0.94
0.94
0.94
0.93
0.93
0.89
0.85
0.84
0.86
0.93
0.93
0.92
0.93
0.91
0.92
0.90
0.90
0.92
0.91
0.90
0.90
0.88
0.90
0.90
0.88
0.89
0.85
0.87
0.87
0.86
0.85
0.84
0.84
0.80
0.79
0.80
0.79
0.86
0.86
0.85
0.84
0.82
0.86
0.87
0.84
0.83
0.79
0.77
0.72
0.71
0.71
0.70
0.84
0.84
0.83
0.80
0.82
0.82
0.82
0.80
0.80
0.82
0.83
0.82
0.80
0.79
0.77
0.75
0.70
0.63
0.59
0.72
0.68
0.82
0.66
0.64
0.57
0.48
0.42
0.52
0.63
0.75
0.80
0.71
0.78
0.67
0.77
0.80
0.79
0.74
0.77
0.69
0.66
0.68
0.75
0.77
0.81
0.81
0.80
0.82
0.85
0.85
0.82
0.85
0.80
0.78
0.78
0.78
0.81
0.84
0.84
0.81
0.82
0.77
0.74
0.73
0.64
0.58
0.72
