0.93
0.93
0.93
0.92
0.92
0.88
0.85
0.80
0.75
0.93
0.93
0.93
0.92
0.93
0.85
0.81
0.74
0.66
0.93
0.93
0.93
0.93
0.92
0.92
0.92
0.91
0.93
0.93
0.92
0.92
0.91
0.88
0.83
0.83
0.92
0.92
0.91
0.90
0.90
0.84
0.79
0.82
0.92
0.92
0.92
0.92
0.91
0.90
0.90
0.88
0.92
0.91
0.91
0.90
0.89
0.87
0.84
0.78
0.73
0.91
0.91
0.90
0.89
0.90
0.90
0.89
0.89
0.87
0.82
0.81
0.79
0.89
0.88
0.89
0.86
0.87
0.79
0.72
0.75
0.91
0.91
0.91
0.90
0.89
0.89
0.85
0.86
0.87
0.87
0.81
0.86
0.92
0.92
0.91
0.91
0.88
0.87
0.81
0.82
0.86
0.81
0.82
0.80
0.80
0.80
0.91
0.91
0.90
0.88
0.89
0.79
0.71
0.72
0.91
0.91
0.91
0.90
0.89
0.92
0.92
0.91
0.91
0.89
0.88
0.84
0.83
0.84
0.85
0.90
0.89
0.89
0.87
0.88
0.76
0.72
0.64
0.58
