0.98
0.98
0.98
0.96
0.97
0.83
0.98
0.97
0.98
0.97
0.97
0.92
0.91
0.83
0.96
0.96
0.97
0.95
0.97
0.87
0.84
0.82
0.78
0.73
0.76
0.97
0.97
0.97
0.97
0.96
0.97
0.97
0.97
0.95
0.95
0.96
0.95
0.95
0.93
0.91
0.89
0.88
0.97
0.97
0.97
0.97
0.96
0.96
0.96
0.96
0.96
0.96
0.95
0.96
0.91
0.87
0.85
0.87
0.97
0.97
0.97
0.96
0.96
0.89
0.86
0.84
0.78
0.74
0.77
0.96
0.96
0.97
0.96
0.97
0.97
0.97
0.96
0.97
0.89
0.85
0.83
0.76
0.71
0.78
0.96
0.96
0.96
0.96
0.96
0.96
0.96
0.96
0.95
0.94
0.91
0.91
0.91
0.91
0.86
0.90
0.95
0.95
0.96
0.95
0.95
0.93
0.93
0.94
0.94
0.94
0.93
0.94
0.91
0.91
0.93
0.92
0.91
0.92
0.90
0.89
0.89
0.88
0.89
0.87
0.91
0.91
0.90
0.89
0.89
0.87
0.82
0.86
