0.86
0.86
0.85
0.84
0.84
0.82
0.83
0.72
0.85
0.86
0.85
0.84
0.84
0.84
0.83
0.83
0.83
0.82
0.83
0.82
0.82
0.81
0.80
0.79
0.81
0.81
0.81
0.80
0.81
0.77
0.75
0.75
0.80
0.80
0.81
0.78
0.80
0.71
0.70
0.68
0.81
0.81
0.81
0.79
0.80
0.76
0.81
0.81
0.82
0.80
0.81
0.80
0.78
0.78
0.82
0.82
0.82
0.81
0.80
0.81
0.79
0.79
0.79
0.78
0.78
0.77
0.75
0.74
0.72
0.71
0.79
0.79
0.79
0.78
0.78
0.79
0.79
0.79
0.77
0.77
0.72
0.68
0.59
0.64
0.80
0.80
0.80
0.78
0.79
0.75
0.81
0.81
0.81
0.80
0.80
0.80
0.80
0.80
0.79
0.79
0.76
0.73
0.81
0.81
0.81
0.80
0.80
0.78
0.75
0.76
0.83
0.83
0.83
0.82
0.82
0.80
0.79
0.70
0.63
0.63
0.72
0.84
0.84
0.85
0.83
0.84
0.81
0.80
0.85
0.85
0.86
0.84
0.85
0.82
0.80
0.80
0.79
0.80
0.74
0.74
0.87
0.87
0.87
0.86
0.86
0.85
0.84
