0.91
0.90
0.89
0.87
0.85
0.80
0.71
0.72
0.85
0.86
0.85
0.81
0.82
0.66
0.61
0.76
0.80
0.78
0.72
0.75
0.53
0.86
0.87
0.86
0.81
0.82
0.68
0.60
0.70
0.86
0.87
0.86
0.84
0.83
0.77
0.91
0.92
0.92
0.89
0.91
0.72
0.70
0.89
0.91
0.88
0.87
0.84
0.79
0.71
0.74
0.77
0.80
0.84
0.78
0.81
0.79
0.92
0.92
0.92
0.91
0.92
0.83
0.79
0.74
0.79
0.92
0.92
0.92
0.91
0.90
0.84
0.84
0.80
0.92
0.92
0.92
0.91
0.91
0.85
0.81
0.73
0.66
0.90
0.90
0.90
0.89
0.89
0.87
0.86
0.85
0.91
0.91
0.91
0.90
0.89
0.86
0.86
0.91
0.91
0.91
0.89
0.90
0.81
0.74
0.76
0.92
0.92
0.91
0.91
0.89
0.86
0.85
0.92
0.92
0.92
0.90
0.90
0.76
0.71
0.63
0.56
0.83
0.82
0.78
0.76
0.73
0.70
0.69
0.63
0.57
