0.95
0.95
0.95
0.95
0.95
0.92
0.92
0.96
0.96
0.96
0.96
0.96
0.95
0.95
0.95
0.94
0.94
0.87
0.74
0.75
0.78
0.71
0.86
0.71
0.83
0.72
0.96
0.96
0.96
0.95
0.95
0.91
0.86
0.81
0.72
0.97
0.97
0.97
0.96
0.97
0.88
0.84
0.97
0.97
0.97
0.97
0.97
0.91
0.89
0.97
0.97
0.97
0.97
0.97
0.97
0.97
0.95
0.97
0.97
0.96
0.96
0.96
0.85
0.80
0.72
0.66
0.96
0.96
0.95
0.95
0.94
0.83
0.79
0.94
0.94
0.94
0.94
0.93
0.91
0.89
0.93
0.93
0.92
0.92
0.90
0.85
0.92
0.92
0.92
0.91
0.90
0.85
0.86
0.93
0.93
0.92
0.92
0.89
0.91
0.91
0.91
0.88
0.90
0.75
0.72
0.68
0.55
0.50
0.65
0.91
0.92
0.92
0.89
0.91
0.78
0.68
0.68
0.94
0.95
0.94
0.94
0.93
0.91
0.90
0.95
0.95
0.95
0.94
0.95
0.91
0.88
0.88
0.97
0.97
0.97
0.96
0.97
0.97
0.97
0.97
0.96
0.96
0.96
0.95
0.96
0.96
0.96
0.95
0.95
0.90
0.81
0.83
0.96
0.95
0.95
0.95
0.94
0.93
0.92
0.95
0.95
0.94
0.94
0.93
0.87
0.78
0.75
0.95
0.95
0.95
0.94
0.94
0.90
0.95
0.95
0.95
0.94
0.94
0.86
0.94
0.94
0.94
0.93
0.94
0.90
0.87
0.81
0.71
0.93
0.93
0.93
0.93
0.93
0.91
0.88
0.88
0.94
0.94
0.94
0.93
0.93
0.91
0.91
0.89
0.94
0.94
0.94
0.93
0.94
0.89
0.90
0.95
0.95
0.95
0.95
0.95
0.95
0.95
0.94
0.94
0.94
0.94
0.94
0.94
0.94
0.95
0.95
0.94
0.94
0.93
0.92
0.92
0.91
0.91
0.87
0.91
0.96
0.96
0.96
0.96
0.96
0.93
0.97
0.97
0.97
0.96
0.96
0.80
0.62
0.63
0.97
0.97
0.97
0.97
0.96
0.96
0.96
0.95
0.96
0.96
0.96
0.96
0.96
0.96
0.95
0.95
0.94
0.93
0.90
0.87
0.94
0.93
0.92
0.90
0.93
0.93
0.93
0.91
0.92
0.85
0.78
0.78
