0.90
0.90
0.91
0.88
0.90
0.80
0.92
0.92
0.92
0.92
0.91
0.88
0.88
0.92
0.92
0.92
0.92
0.91
0.91
0.89
0.89
0.88
0.89
0.80
0.88
0.93
0.94
0.94
0.92
0.93
0.88
0.85
0.83
0.81
0.95
0.95
0.95
0.94
0.94
0.91
0.91
0.95
0.95
0.95
0.93
0.94
0.79
0.72
0.58
0.67
0.95
0.95
0.95
0.95
0.93
0.94
0.91
0.91
0.92
0.93
0.93
0.91
0.92
0.92
0.94
0.95
0.95
0.94
0.94
0.92
0.88
0.88
0.87
0.88
0.80
0.86
0.95
0.95
0.94
0.94
0.93
0.93
0.93
0.93
0.93
0.93
0.91
0.92
0.79
0.74
0.66
0.59
0.93
0.93
0.93
0.91
0.92
0.84
0.78
0.75
0.76
0.74
0.94
0.94
0.94
0.93
0.96
0.96
0.96
0.95
0.96
0.93
0.90
0.86
0.81
0.96
0.96
0.96
0.96
0.96
0.95
0.94
0.94
0.96
0.96
0.96
0.96
0.96
0.94
0.91
0.91
0.91
0.92
0.96
0.96
0.96
0.96
0.96
0.95
0.92
0.92
0.95
0.95
0.95
0.94
0.95
0.85
0.78
0.73
0.72
0.96
0.96
0.95
0.95
0.95
0.92
0.92
0.94
0.94
0.94
0.93
0.93
0.85
0.79
0.74
0.54
0.49
0.70
0.94
0.93
0.93
0.93
0.92
0.92
0.92
0.91
0.90
0.90
0.87
0.84
0.80
0.64
0.63
0.80
0.90
0.90
0.90
0.88
0.89
0.78
0.91
0.91
0.92
0.89
0.91
0.79
0.69
0.71
