0.98
0.98
0.98
0.97
0.97
0.98
0.97
0.97
0.97
0.97
0.96
0.95
0.91
0.97
0.97
0.97
0.96
0.97
0.94
0.91
0.92
0.98
0.98
0.98
0.97
0.97
0.96
0.92
0.91
0.97
0.97
0.97
0.97
0.96
0.93
0.89
0.87
0.75
0.70
0.82
0.97
0.96
0.96
0.96
0.96
0.77
0.97
0.97
0.97
0.96
0.96
0.88
0.80
0.73
0.79
0.97
0.97
0.97
0.97
0.96
0.96
0.94
0.93
0.93
0.93
0.88
0.92
0.97
0.97
0.97
0.96
0.97
0.94
0.91
0.90
0.97
0.97
0.97
0.97
0.97
0.95
0.95
0.97
0.97
0.97
0.97
0.97
0.96
0.92
0.92
0.92
0.91
0.85
0.90
0.97
0.97
0.97
0.96
0.97
0.86
0.79
0.71
0.65
0.97
0.97
0.97
0.97
0.97
0.98
0.98
0.98
0.98
0.97
0.97
0.97
0.96
0.95
0.95
0.95
0.97
0.97
0.97
0.96
0.96
0.85
0.97
0.96
0.96
0.95
0.95
0.76
0.97
0.96
0.96
0.95
0.95
0.88
0.78
0.78
0.97
0.97
0.97
0.97
0.97
0.97
0.97
0.97
0.97
0.96
0.96
0.95
0.97
0.97
0.97
0.97
0.97
0.84
0.86
