0.57
0.57
0.59
0.52
0.56
0.49
0.61
0.61
0.62
0.55
0.57
0.53
0.73
0.73
0.72
0.69
0.67
0.67
0.65
0.64
0.64
0.58
0.60
0.56
0.67
0.65
0.67
0.60
0.62
0.58
0.75
0.75
0.77
0.71
0.75
0.62
0.66
0.85
0.86
0.87
0.84
0.86
0.91
0.91
0.91
0.90
0.91
0.87
0.82
0.82
0.90
0.89
0.87
0.88
0.82
0.88
0.92
0.92
0.90
0.91
0.86
0.91
0.90
0.90
0.89
0.88
0.88
0.79
0.85
0.85
0.84
0.82
0.81
0.75
0.73
0.72
0.84
0.84
0.84
0.81
0.81
0.72
0.84
0.84
0.84
0.83
0.82
0.81
0.82
0.82
0.79
0.81
0.74
0.73
0.74
0.84
0.84
0.85
0.82
0.84
0.79
0.87
0.88
0.88
0.87
0.88
0.84
0.83
0.83
0.90
0.91
0.91
0.90
0.90
0.87
0.88
0.90
0.90
0.90
0.89
0.89
0.90
0.89
0.89
0.89
0.88
0.88
0.85
0.90
0.90
0.91
0.89
0.90
0.84
0.92
0.92
0.92
0.92
0.92
0.90
0.89
0.93
0.92
0.92
0.91
0.91
0.84
0.81
0.78
0.76
