0.86
0.86
0.86
0.85
0.85
0.80
0.77
0.72
0.69
0.87
0.87
0.86
0.85
0.84
0.81
0.78
0.80
0.88
0.88
0.89
0.87
0.88
0.90
0.91
0.91
0.89
0.91
0.85
0.85
0.92
0.93
0.93
0.92
0.93
0.88
0.86
0.86
0.95
0.95
0.95
0.94
0.95
0.84
0.86
0.97
0.97
0.97
0.97
0.97
0.96
0.96
0.98
0.98
0.98
0.98
0.98
0.95
0.88
0.89
0.85
0.88
0.93
0.92
0.92
0.91
0.99
0.99
0.99
0.99
0.99
0.98
0.96
0.96
0.95
0.93
0.94
0.95
0.94
0.94
0.99
0.99
0.99
0.99
0.99
0.99
0.98
0.98
0.98
0.98
0.98
0.99
0.99
0.99
0.99
0.99
0.92
0.98
0.98
0.98
0.98
0.98
0.97
0.97
0.94
0.92
0.98
0.98
0.98
0.98
0.98
0.95
0.95
0.98
0.98
0.98
0.97
0.97
0.91
0.87
0.88
0.86
0.98
0.98
0.98
0.97
0.96
0.90
0.83
0.84
0.83
0.78
0.82
0.84
0.83
0.82
0.98
0.98
0.98
0.98
0.98
0.98
0.98
0.98
0.98
0.98
0.98
0.97
0.97
0.95
0.94
0.92
0.98
0.98
0.98
0.98
0.97
0.93
0.97
0.97
0.96
0.96
0.96
0.96
0.95
0.94
0.94
0.94
0.94
0.93
0.93
0.83
0.82
0.79
0.92
0.93
0.93
0.92
0.93
0.88
0.90
0.96
0.96
0.96
0.96
0.96
0.96
0.95
0.94
0.93
0.96
0.96
0.95
0.96
0.92
0.95
0.95
0.93
0.93
0.93
0.93
0.92
0.91
0.89
0.89
0.92
0.92
0.91
0.91
0.90
0.90
0.90
0.90
0.89
0.90
0.89
0.89
0.88
0.88
0.88
0.87
0.87
0.86
0.85
0.85
0.84
0.85
0.81
0.83
0.87
0.87
0.87
0.86
0.87
0.88
0.87
0.88
0.87
0.87
0.87
0.88
0.90
0.89
0.83
0.83
0.83
0.82
0.82
0.82
0.82
0.77
0.79
0.79
0.76
0.82
0.82
0.82
0.80
0.81
0.74
0.70
0.60
0.85
0.85
0.84
0.84
0.84
0.86
0.87
0.87
0.88
0.83
0.83
0.82
0.82
0.81
0.84
0.84
0.81
0.84
