0.97
0.97
0.97
0.97
0.97
0.97
0.97
0.97
0.96
0.95
0.94
0.97
0.96
0.96
0.96
0.96
0.97
0.96
0.96
0.95
0.96
0.95
0.94
0.96
0.95
0.95
0.95
0.94
0.93
0.91
0.90
0.83
0.82
0.87
0.95
0.95
0.95
0.94
0.94
0.84
0.82
0.96
0.96
0.96
0.95
0.95
0.92
0.85
0.85
0.94
0.94
0.95
0.93
0.95
0.88
0.87
0.96
0.96
0.95
0.95
0.95
0.92
0.92
0.88
0.95
0.95
0.95
0.94
0.94
0.84
0.77
0.75
0.71
0.95
0.95
0.95
0.94
0.94
0.89
0.84
0.84
0.96
0.96
0.96
0.95
0.95
0.92
0.91
0.97
0.97
0.97
0.96
0.97
0.96
0.96
0.96
0.96
0.96
0.95
0.94
0.93
0.87
0.87
0.90
0.96
0.96
0.96
0.95
0.95
0.84
0.84
0.97
0.97
0.97
0.97
0.97
0.96
0.96
0.95
0.95
0.95
0.94
0.97
0.97
0.97
0.97
0.97
0.96
0.91
0.91
0.91
0.93
0.96
0.96
0.96
0.95
0.96
0.86
0.79
0.71
0.64
0.96
0.96
0.96
0.96
0.96
0.98
0.98
0.98
0.97
0.97
0.96
0.92
0.92
0.97
0.97
0.97
0.96
0.96
0.94
0.93
0.97
0.97
0.97
0.96
0.96
0.85
0.98
0.98
0.98
0.98
0.98
0.98
0.98
0.98
0.98
0.98
0.85
0.77
0.75
0.73
0.98
0.98
0.97
0.98
0.97
0.97
0.96
0.96
0.95
0.95
0.93
0.94
0.98
0.98
0.98
0.97
0.97
0.95
0.96
0.97
0.97
0.97
0.97
0.97
0.95
0.94
0.91
0.92
0.97
0.97
0.97
0.97
0.97
0.95
0.95
0.96
0.96
0.96
0.95
0.96
0.88
0.82
0.79
0.76
0.96
0.96
0.96
0.95
0.97
0.97
0.97
0.97
0.97
0.97
0.97
0.97
0.97
0.97
0.96
0.95
0.97
0.97
0.97
0.97
0.97
0.96
0.95
0.95
0.94
0.95
