0.97
0.97
0.97
0.96
0.97
0.89
0.85
0.82
0.81
0.97
0.97
0.97
0.97
0.96
0.96
0.95
0.94
0.97
0.97
0.97
0.96
0.97
0.92
0.85
0.84
0.84
0.85
0.97
0.97
0.97
0.96
0.95
0.94
0.90
0.91
0.84
0.79
0.82
0.96
0.96
0.96
0.96
0.98
0.98
0.98
0.97
0.98
0.96
0.93
0.91
0.92
0.98
0.98
0.98
0.98
0.98
0.97
0.96
0.98
0.98
0.98
0.98
0.98
0.97
0.97
0.98
0.98
0.98
0.98
0.98
0.96
0.96
0.98
0.98
0.98
0.98
0.98
0.98
0.96
0.96
0.98
0.98
0.98
0.98
0.98
0.95
0.95
0.89
0.97
0.97
0.97
0.97
0.97
0.96
0.95
0.95
0.94
0.94
0.97
0.96
0.96
0.95
0.95
0.95
0.95
0.95
0.94
0.93
0.88
0.88
0.88
0.87
0.87
0.95
0.95
0.95
0.94
0.93
0.93
0.91
0.95
0.95
0.95
0.94
0.94
0.90
0.82
0.82
0.96
0.96
0.96
0.95
0.96
0.87
0.96
0.96
0.96
0.96
0.94
0.94
0.94
0.91
0.92
0.74
0.63
0.58
0.57
0.55
0.95
0.95
0.95
0.94
0.94
0.76
