0.93
0.93
0.92
0.92
0.91
0.89
0.87
0.85
0.85
0.92
0.91
0.91
0.90
0.90
0.83
0.79
0.71
0.67
0.93
0.93
0.93
0.93
0.92
0.92
0.92
0.93
0.90
0.92
0.80
0.75
0.69
0.53
0.48
0.66
0.95
0.95
0.95
0.94
0.95
0.93
0.92
0.96
0.96
0.96
0.96
0.96
0.89
0.98
0.98
0.98
0.98
0.97
0.97
0.96
0.96
0.95
0.95
0.92
0.94
0.98
0.97
0.97
0.97
0.97
0.95
0.95
0.91
0.96
0.96
0.96
0.96
0.95
0.95
0.95
0.95
0.94
0.93
0.93
0.93
0.92
0.92
0.90
0.86
0.86
0.86
0.86
0.85
0.95
0.95
0.95
0.95
0.94
0.94
0.92
0.92
0.91
0.91
0.91
0.95
0.95
0.94
0.95
0.93
0.95
0.94
0.93
0.93
0.93
0.92
0.92
0.90
0.84
0.87
0.94
0.94
0.94
0.93
0.93
0.85
0.84
0.94
0.94
0.95
0.94
0.94
0.90
0.95
0.95
0.95
0.95
0.95
0.93
0.92
0.95
0.95
0.95
0.93
0.95
0.80
0.73
0.70
0.66
0.96
0.96
0.96
0.95
0.96
0.90
