0.36
0.38
0.37
0.36
0.49
0.50
0.50
0.47
0.57
0.57
0.57
0.53
0.73
0.73
0.75
0.68
0.72
0.87
0.89
0.89
0.87
0.88
0.84
0.82
0.80
0.67
0.64
0.80
0.90
0.91
0.92
0.89
0.91
0.84
0.92
0.93
0.93
0.93
0.94
0.94
0.94
0.92
0.93
0.87
0.82
0.84
0.93
0.93
0.94
0.92
0.93
0.85
0.81
0.84
0.95
0.95
0.95
0.94
0.95
0.92
0.92
0.96
0.96
0.95
0.95
0.95
0.92
0.91
0.95
0.95
0.95
0.94
0.94
0.95
0.95
0.95
0.93
0.94
0.83
0.76
0.70
0.62
0.94
0.95
0.94
0.94
0.93
0.93
0.91
0.91
0.91
0.91
0.87
0.90
0.94
0.95
0.94
0.94
0.92
0.95
0.95
0.95
0.94
0.94
0.93
0.86
0.76
0.76
0.94
0.93
0.93
0.92
0.92
0.94
0.94
0.93
0.93
0.91
0.94
0.95
0.95
0.95
0.95
0.94
0.94
0.92
0.92
0.92
0.93
0.94
0.94
0.92
0.90
0.91
0.90
0.89
0.88
0.86
0.80
0.81
0.87
0.88
0.86
0.82
0.85
0.85
0.84
0.80
0.81
0.71
0.64
0.65
0.88
0.89
0.89
0.86
0.86
0.81
0.76
0.77
0.90
0.90
0.91
0.86
0.90
0.76
0.66
0.67
0.93
0.94
0.94
0.93
0.94
0.94
0.94
0.95
0.94
0.94
0.92
0.91
0.95
0.95
0.95
0.94
0.95
0.86
0.81
0.76
0.68
0.95
0.95
0.95
0.95
0.94
0.90
0.89
0.95
0.95
0.94
0.93
0.95
0.95
0.95
0.95
0.94
0.92
0.88
0.89
0.95
0.96
0.95
0.94
0.95
0.72
0.95
0.95
0.95
0.94
0.95
0.95
0.95
0.95
0.94
0.95
0.96
0.96
0.96
0.96
0.95
0.96
0.94
0.94
0.94
0.94
0.94
0.93
0.93
0.93
