0.96
0.96
0.96
0.96
0.96
0.93
0.93
0.96
0.96
0.96
0.96
0.95
0.93
0.93
0.90
0.93
0.93
0.92
0.90
0.89
0.77
0.72
0.68
0.65
0.91
0.91
0.91
0.88
0.89
0.75
0.95
0.95
0.95
0.95
0.94
0.94
0.91
0.91
0.95
0.95
0.95
0.94
0.96
0.96
0.95
0.95
0.94
0.94
0.92
0.92
0.95
0.95
0.95
0.94
0.94
0.92
0.91
0.94
0.94
0.93
0.91
0.93
0.93
0.92
0.91
0.91
0.86
0.80
0.81
0.80
0.79
0.78
0.92
0.92
0.92
0.90
0.89
0.88
0.85
0.86
0.79
0.84
0.80
0.80
0.79
0.77
0.63
0.78
0.90
0.89
0.87
0.87
0.82
0.84
0.79
0.78
0.80
0.80
0.86
0.86
0.85
0.84
0.83
0.80
0.84
0.85
0.84
0.79
0.80
0.70
0.65
0.75
0.85
0.87
0.86
0.83
0.84
0.75
0.72
0.67
0.62
0.90
0.91
0.91
0.88
0.90
0.94
0.95
0.95
0.94
0.94
0.93
0.92
0.91
0.92
0.95
0.95
0.95
0.95
0.95
0.94
0.91
0.91
0.91
0.91
0.87
0.90
0.96
0.96
0.96
0.95
0.95
0.92
0.92
0.94
0.94
0.95
0.93
0.94
0.83
0.76
0.79
0.95
0.95
0.94
0.93
0.93
0.74
0.74
0.71
0.93
0.93
0.93
0.91
0.92
0.78
0.94
0.94
0.95
0.93
0.94
0.96
0.96
0.96
0.95
0.96
0.95
0.95
0.93
0.94
0.94
0.94
0.94
0.94
0.92
0.92
0.94
0.94
0.94
0.92
0.94
0.86
0.82
0.79
0.66
0.62
0.75
0.95
0.95
0.96
0.94
0.95
0.90
0.85
0.83
0.71
0.68
0.79
0.96
0.96
0.95
0.95
0.95
0.93
0.89
0.89
0.93
0.94
0.94
0.93
0.93
0.92
0.90
0.90
0.89
0.89
0.85
0.88
0.94
0.95
0.95
0.94
0.94
0.91
0.90
0.84
0.96
0.96
0.96
0.95
0.95
0.95
0.95
0.94
0.94
0.94
0.93
0.93
0.93
0.92
0.93
0.87
0.84
0.79
0.67
0.65
0.76
0.95
0.95
0.95
0.94
0.95
0.92
0.87
0.87
0.95
0.95
0.95
0.95
0.94
0.94
0.93
0.92
0.93
0.93
0.93
0.92
0.92
0.88
0.87
0.79
0.93
0.93
0.93
0.91
0.93
0.84
0.78
0.82
0.95
0.95
0.95
0.95
0.94
0.94
0.91
0.91
