0.98
0.98
0.98
0.98
0.98
0.96
0.96
0.98
0.98
0.98
0.98
0.98
0.98
0.98
0.98
0.98
0.98
0.97
0.96
0.96
0.99
0.99
0.99
0.99
0.99
0.99
0.99
0.99
0.99
0.98
0.98
0.98
0.98
0.98
0.98
0.98
0.97
0.98
0.97
0.97
0.98
0.98
0.98
0.97
0.98
0.88
0.83
0.81
0.79
0.75
0.77
0.99
0.99
0.99
0.99
0.98
0.98
0.98
0.98
0.98
0.98
0.98
0.98
0.97
0.97
0.97
0.98
0.97
0.97
0.97
0.96
0.98
0.98
0.98
0.98
0.97
0.97
0.96
0.95
0.92
0.92
0.95
0.98
0.98
0.98
0.97
0.98
0.98
0.98
0.98
0.98
0.97
0.95
0.94
0.93
0.99
0.99
0.98
0.99
0.98
0.98
0.98
0.98
0.98
0.98
0.98
0.98
0.98
0.98
0.98
0.98
0.98
0.98
0.98
0.97
0.97
0.98
0.98
0.98
0.98
0.98
0.95
0.94
0.95
0.98
0.98
0.99
0.98
0.98
0.98
0.98
0.98
0.98
0.98
0.97
0.96
0.98
0.98
0.98
0.97
0.98
0.74
0.74
0.98
0.98
0.98
0.98
0.98
0.96
0.96
0.98
0.98
0.98
0.98
0.98
0.97
0.95
0.94
0.90
0.89
0.93
0.98
0.98
0.98
0.98
0.97
0.98
0.97
0.96
0.96
0.95
0.94
0.94
0.94
0.94
