0.98
0.98
0.98
0.98
0.98
0.98
0.97
0.97
0.98
0.98
0.98
0.98
0.98
0.97
0.97
0.96
0.98
0.98
0.98
0.98
0.98
0.97
0.97
0.97
0.96
0.96
0.95
0.95
0.97
0.97
0.96
0.97
0.96
0.96
0.94
0.94
0.93
0.93
0.93
0.97
0.97
0.97
0.97
0.96
0.95
0.94
0.94
0.96
0.96
0.95
0.95
0.95
0.94
0.93
0.93
0.93
0.94
0.94
0.94
0.94
0.94
0.95
0.95
0.94
0.95
0.93
0.95
0.95
0.94
0.95
0.94
0.93
0.94
0.92
0.91
0.89
0.89
0.85
0.83
0.86
0.92
0.92
0.91
0.92
0.90
0.93
0.91
0.91
0.91
0.93
0.92
0.91
0.91
0.88
0.89
0.87
0.85
0.81
0.79
0.83
0.91
0.91
0.91
0.89
0.90
0.85
0.83
0.80
0.76
0.73
0.78
0.93
0.94
0.94
0.93
0.94
0.92
0.90
0.91
0.95
0.95
0.95
0.94
0.95
0.92
0.92
0.96
0.96
0.96
0.96
0.97
0.97
0.97
0.97
0.97
0.98
0.98
0.98
0.98
0.98
0.97
0.97
0.98
0.98
0.98
0.98
0.98
0.99
0.99
0.99
0.99
0.98
0.98
0.98
0.98
0.98
0.98
0.98
0.98
0.98
0.98
0.97
0.98
0.98
0.98
0.98
0.97
0.97
0.97
0.97
0.97
0.96
0.95
0.93
0.93
0.88
0.88
0.91
0.96
0.96
0.96
0.96
0.95
0.94
0.92
0.91
0.91
0.92
0.96
0.96
0.96
0.96
0.98
0.98
0.98
0.98
0.98
0.96
0.94
0.94
0.93
0.98
0.98
0.98
0.98
0.98
0.98
0.98
0.97
0.98
0.98
0.98
0.98
0.98
0.97
0.96
0.96
0.98
0.98
0.98
0.98
0.98
0.98
0.98
0.98
0.97
0.97
0.95
0.97
0.99
0.99
0.98
0.98
0.98
0.97
0.95
0.93
0.87
0.86
0.89
0.98
0.98
0.98
0.98
0.98
0.87
0.80
0.78
0.74
0.68
0.71
0.99
0.99
0.98
0.98
0.98
0.98
0.98
0.98
0.97
0.97
0.88
0.82
0.78
0.83
