0.92
0.93
0.92
0.92
0.92
0.90
0.87
0.87
0.90
0.90
0.90
0.89
0.89
0.88
0.86
0.86
0.85
0.85
0.79
0.84
0.90
0.90
0.89
0.89
0.88
0.89
0.88
0.88
0.88
0.87
0.87
0.86
0.85
0.81
0.80
0.78
0.83
0.82
0.81
0.80
0.77
0.75
0.70
0.72
0.72
0.71
0.71
0.67
0.67
0.64
0.63
0.53
0.45
0.41
0.58
0.58
0.58
0.58
0.51
0.55
0.48
0.42
0.45
0.44
0.48
0.42
0.57
0.56
0.58
0.56
0.51
0.52
0.51
0.45
0.49
0.42
0.47
0.49
0.41
0.52
0.50
0.52
0.49
0.61
0.60
0.61
0.54
0.58
0.50
0.77
0.77
0.78
0.75
0.76
0.72
0.76
0.76
0.78
0.75
0.76
0.70
0.70
0.67
0.82
0.82
0.81
0.81
0.79
0.82
0.81
0.81
0.81
0.81
0.78
0.76
0.79
0.79
0.79
0.78
0.77
0.75
0.73
0.72
0.79
0.79
0.79
0.78
0.78
0.75
0.74
0.72
0.81
0.81
0.82
0.80
0.81
0.76
0.73
0.73
0.86
0.87
0.86
0.86
0.86
0.86
0.84
0.85
0.84
0.84
0.82
0.89
0.89
0.90
0.88
0.90
0.84
0.83
0.90
0.90
0.91
0.89
0.90
0.87
0.84
0.85
0.84
0.85
0.78
0.82
0.93
0.93
0.93
0.92
0.92
0.90
0.85
0.85
0.93
0.93
0.93
0.91
0.92
0.79
0.74
0.72
0.67
0.93
0.93
0.92
0.91
0.93
0.93
0.93
0.93
0.92
0.89
0.89
0.92
0.92
0.92
0.90
0.90
0.83
0.78
0.78
0.76
0.89
0.89
0.88
0.87
0.87
0.80
0.77
0.71
0.56
0.52
0.70
0.89
0.88
0.89
0.86
0.87
0.79
0.73
0.73
