0.96
0.96
0.96
0.95
0.95
0.83
0.86
0.97
0.97
0.97
0.96
0.97
0.93
0.90
0.89
0.89
0.97
0.97
0.97
0.97
0.97
0.95
0.95
0.90
0.98
0.97
0.98
0.97
0.97
0.94
0.89
0.84
0.78
0.98
0.98
0.98
0.97
0.97
0.96
0.96
0.97
0.97
0.97
0.97
0.97
0.95
0.93
0.92
0.92
0.97
0.97
0.97
0.97
0.97
0.96
0.93
0.92
0.96
0.96
0.96
0.96
0.96
0.95
0.93
0.93
0.92
0.92
0.89
0.91
0.95
0.95
0.95
0.94
0.94
0.92
0.89
0.87
0.88
0.94
0.94
0.94
0.93
0.92
0.91
0.88
0.88
0.94
0.93
0.93
0.93
0.95
0.95
0.95
0.94
0.95
0.82
0.76
0.68
0.61
0.96
0.96
0.96
0.95
0.95
0.96
0.96
0.96
0.96
0.95
0.94
0.94
0.96
0.96
0.96
0.96
0.97
0.97
0.97
0.96
0.97
0.94
0.91
0.89
0.84
0.98
0.98
0.98
0.97
0.97
0.95
0.95
0.98
0.98
0.98
0.97
0.97
0.98
0.98
0.98
0.97
0.97
0.94
0.94
0.89
0.97
0.97
0.97
0.97
0.97
0.96
0.94
0.93
0.96
0.96
0.96
0.96
0.95
0.94
0.92
0.92
0.93
0.93
0.93
0.91
0.92
0.80
0.75
0.71
0.68
0.94
0.93
0.93
0.92
0.92
0.79
0.94
0.94
0.94
0.93
0.93
0.93
0.92
0.92
0.93
0.93
0.94
0.91
0.93
0.81
0.73
0.72
0.96
0.96
0.96
0.96
0.95
0.95
0.92
0.93
0.93
0.95
0.94
0.93
0.93
0.93
0.96
0.96
0.96
0.95
0.96
0.81
0.81
0.96
0.96
0.96
0.96
0.96
0.96
0.95
0.94
0.94
0.94
0.96
0.96
0.96
0.95
0.95
0.93
0.92
0.96
0.96
0.96
0.96
0.95
0.96
0.94
0.94
0.94
0.93
0.93
0.92
0.92
0.92
0.95
0.95
0.94
0.93
0.93
0.84
0.87
0.94
0.94
0.94
0.93
0.95
0.96
0.95
0.95
0.95
0.95
0.94
0.93
