0.93
0.93
0.94
0.93
0.94
0.90
0.88
0.83
0.77
0.94
0.94
0.94
0.94
0.93
0.93
0.93
0.88
0.94
0.94
0.94
0.92
0.93
0.86
0.79
0.73
0.94
0.94
0.93
0.94
0.92
0.93
0.92
0.92
0.91
0.92
0.91
0.93
0.92
0.91
0.91
0.89
0.84
0.80
0.76
0.75
0.91
0.90
0.90
0.88
0.88
0.73
0.73
0.88
0.89
0.89
0.87
0.87
0.80
0.78
0.76
0.90
0.90
0.88
0.89
0.86
0.89
0.88
0.87
0.87
0.86
0.84
0.82
0.74
0.68
0.61
0.84
0.83
0.81
0.82
0.76
0.83
0.81
0.81
0.81
0.82
0.79
0.72
0.72
0.72
0.68
0.68
0.64
0.68
0.67
0.68
0.66
0.72
0.71
0.72
0.70
0.78
0.78
0.79
0.75
0.77
0.68
0.70
0.85
0.85
0.85
0.83
0.82
0.85
0.86
0.86
0.87
0.84
0.86
0.77
0.70
0.71
0.90
0.90
0.90
0.89
0.89
0.88
0.87
0.90
0.90
0.91
0.89
0.91
0.83
0.80
0.74
0.77
0.93
0.93
0.93
0.93
0.93
0.93
0.92
0.91
0.91
0.91
0.91
0.94
0.94
0.94
0.92
0.94
0.75
0.76
0.95
0.96
0.95
0.95
0.95
0.94
0.94
0.95
0.95
0.95
0.94
0.94
0.87
0.93
0.93
0.92
0.92
0.89
0.87
0.83
0.81
0.82
0.88
0.87
0.86
0.86
0.81
0.84
0.80
0.80
0.85
0.84
0.85
0.82
0.83
0.75
0.73
0.66
0.60
0.91
0.92
0.92
0.91
0.92
0.88
0.87
0.93
0.94
0.94
0.92
0.93
0.83
0.80
0.74
0.65
