0.81
0.81
0.81
0.79
0.79
0.74
0.81
0.80
0.80
0.78
0.77
0.75
0.73
0.80
0.79
0.78
0.76
0.75
0.70
0.67
0.71
0.76
0.76
0.74
0.73
0.70
0.65
0.64
0.70
0.69
0.70
0.64
0.67
0.76
0.76
0.74
0.71
0.69
0.66
0.64
0.58
0.52
0.72
0.70
0.71
0.67
0.73
0.73
0.74
0.71
0.79
0.79
0.79
0.77
0.78
0.75
0.73
0.79
0.79
0.79
0.77
0.77
0.73
0.69
0.71
0.80
0.80
0.80
0.78
0.77
0.77
0.74
0.76
0.75
0.77
0.71
0.80
0.80
0.80
0.77
0.77
0.70
0.80
0.79
0.79
0.77
0.77
0.70
0.66
0.64
0.60
0.80
0.79
0.80
0.78
0.78
0.75
0.75
0.72
0.81
0.81
0.80
0.79
0.78
0.77
0.74
0.74
0.81
0.81
0.80
0.79
0.78
0.74
0.71
0.64
0.59
0.81
0.80
0.80
0.78
0.77
0.74
0.69
0.70
0.78
0.79
0.76
0.74
0.70
0.66
0.60
0.62
0.60
0.69
0.70
0.65
0.70
0.64
0.78
0.78
0.78
0.75
0.74
0.69
0.67
0.60
0.53
0.81
0.81
0.81
0.78
0.79
0.73
0.69
0.72
0.79
0.78
0.79
0.76
0.76
0.69
0.65
0.61
0.58
0.77
0.77
0.77
0.75
0.75
0.68
0.78
0.78
0.78
0.76
0.77
0.73
0.71
0.70
0.78
0.78
0.78
0.76
0.76
0.71
0.68
0.61
0.56
0.76
0.75
0.76
0.74
0.74
0.70
0.67
0.60
0.56
0.78
0.77
0.78
0.76
0.77
0.73
0.73
0.71
0.78
0.78
0.78
0.76
0.77
0.70
0.69
0.67
0.77
0.76
0.77
0.75
0.75
0.70
0.67
0.61
0.64
0.77
0.77
0.77
0.75
0.76
0.68
0.80
0.80
0.80
0.78
0.79
0.75
0.72
0.67
0.69
0.80
0.80
0.80
0.79
0.79
0.78
0.77
0.76
