0.90
0.90
0.89
0.88
0.88
0.82
0.78
0.76
0.72
0.90
0.90
0.90
0.89
0.90
0.86
0.83
0.82
0.84
0.92
0.92
0.90
0.92
0.89
0.89
0.88
0.87
0.86
0.85
0.78
0.71
0.71
0.69
0.70
0.67
0.85
0.84
0.85
0.83
0.84
0.80
0.88
0.88
0.87
0.89
0.86
0.90
0.90
0.90
0.90
0.90
0.88
0.90
0.89
0.88
0.86
0.88
0.83
0.90
0.90
0.90
0.83
0.81
0.81
0.79
0.78
0.72
0.65
0.67
0.79
0.78
0.78
0.76
0.76
0.75
0.72
0.71
0.68
0.68
0.67
0.65
0.59
0.73
0.73
0.74
0.67
0.69
0.58
0.61
0.61
0.61
0.57
0.59
0.54
0.55
0.58
0.57
0.57
0.51
0.53
0.42
0.42
0.42
0.64
0.63
0.63
0.58
0.60
0.54
0.56
0.46
0.42
0.60
0.59
0.59
0.56
0.58
0.58
0.58
0.55
0.57
0.50
0.52
0.62
0.63
0.62
0.56
0.58
0.53
0.51
0.52
0.47
0.46
0.50
0.64
0.65
0.64
0.60
0.61
0.52
0.53
0.61
0.62
0.63
0.58
0.62
0.55
0.52
0.55
0.52
0.52
0.52
0.61
0.62
0.64
0.59
0.64
0.58
0.61
0.68
0.69
0.71
0.71
0.65
0.70
0.60
0.66
0.74
0.72
0.72
0.70
0.67
0.68
0.65
0.64
0.72
0.69
0.67
0.66
0.64
0.62
0.66
0.64
0.64
0.61
0.60
0.58
0.57
0.56
0.50
0.62
0.61
0.62
0.57
0.60
0.54
0.55
0.58
0.52
0.60
0.59
0.60
0.56
0.58
0.55
0.65
0.64
0.68
0.61
0.67
0.59
0.60
0.73
0.74
0.77
0.70
0.76
0.64
0.58
0.63
0.74
0.77
0.79
0.72
0.79
0.66
0.60
0.64
0.61
0.64
0.56
0.78
0.79
0.81
0.77
0.80
0.74
0.72
0.81
0.83
0.85
0.80
0.85
0.83
0.85
0.86
0.82
0.86
0.79
0.76
0.78
0.77
0.78
0.73
0.85
0.87
0.88
0.85
0.88
0.79
0.81
0.80
