0.32
0.33
0.33
0.30
0.31
0.28
0.32
0.43
0.44
0.43
0.41
0.42
0.36
0.30
0.51
0.51
0.52
0.48
0.51
0.40
0.43
0.41
0.57
0.57
0.59
0.55
0.58
0.52
0.54
0.64
0.64
0.66
0.62
0.65
0.59
0.59
0.73
0.73
0.73
0.70
0.72
0.68
0.64
0.66
0.72
0.73
0.73
0.70
0.73
0.66
0.63
0.64
0.61
0.62
0.51
0.58
0.75
0.76
0.75
0.73
0.73
0.73
0.72
0.70
0.75
0.75
0.76
0.74
0.74
0.72
0.70
0.71
0.68
0.67
0.68
0.65
0.68
0.64
0.71
0.70
0.71
0.68
0.70
0.67
0.69
0.70
0.75
0.75
0.75
0.74
0.78
0.79
0.79
0.77
0.78
0.75
0.78
0.82
0.83
0.83
0.81
0.81
0.77
0.76
0.74
0.80
0.80
0.80
0.79
0.78
0.80
0.79
0.79
0.78
0.78
0.77
0.77
0.76
0.76
0.76
0.74
0.74
0.71
0.71
0.76
0.76
0.76
0.75
0.74
0.73
0.73
0.72
0.71
0.72
0.70
0.70
0.66
0.62
0.56
0.58
0.55
0.74
0.74
0.74
0.72
0.72
0.69
0.65
0.66
0.70
0.69
0.69
0.67
0.67
0.63
0.60
0.61
0.58
0.59
0.58
0.70
0.69
0.69
0.67
0.66
0.64
0.64
0.62
0.62
0.62
0.62
0.60
0.60
0.57
0.57
0.51
0.47
0.56
0.56
0.56
0.55
0.55
0.53
0.53
0.48
0.47
0.48
0.45
0.45
0.39
0.41
0.38
