0.88
0.87
0.87
0.86
0.85
0.88
0.83
0.83
0.83
0.81
0.81
0.76
0.73
0.74
0.82
0.82
0.82
0.80
0.79
0.74
0.83
0.83
0.83
0.82
0.87
0.87
0.87
0.86
0.86
0.83
0.82
0.79
0.78
0.88
0.88
0.88
0.86
0.88
0.75
0.75
0.89
0.89
0.89
0.87
0.88
0.83
0.81
0.79
0.78
0.89
0.88
0.89
0.87
0.88
0.80
0.73
0.73
0.90
0.90
0.90
0.88
0.90
0.79
0.90
0.90
0.91
0.89
0.90
0.86
0.86
0.92
0.92
0.92
0.91
0.91
0.89
0.92
0.92
0.92
0.91
0.91
0.87
0.87
0.93
0.93
0.92
0.91
0.91
0.86
0.86
0.92
0.92
0.92
0.91
0.90
0.82
0.85
0.92
0.92
0.93
0.90
0.92
0.78
0.74
0.69
0.54
0.49
0.65
0.92
0.92
0.91
0.91
0.90
0.88
0.84
0.85
0.91
0.90
0.90
0.89
0.88
0.84
0.85
0.88
0.87
0.88
0.86
0.86
0.81
0.81
0.87
0.87
0.87
0.86
0.85
0.87
0.87
0.87
0.87
0.85
0.86
0.80
0.78
0.71
0.72
0.87
0.87
0.88
0.86
0.87
0.86
0.88
0.87
0.88
0.86
0.87
0.81
0.79
0.75
0.74
0.87
0.87
0.87
0.85
0.86
0.79
0.77
0.72
0.70
0.87
0.87
0.87
0.86
0.89
0.89
0.89
0.88
0.88
0.83
0.83
