0.43
0.45
0.45
0.41
0.44
0.40
0.38
0.40
0.37
0.40
0.39
0.44
0.44
0.44
0.40
0.43
0.36
0.48
0.47
0.48
0.44
0.47
0.42
0.45
0.47
0.41
0.48
0.47
0.48
0.44
0.45
0.41
0.43
0.35
0.34
0.45
0.45
0.45
0.42
0.44
0.40
0.44
0.46
0.48
0.47
0.42
0.44
0.38
0.34
0.51
0.52
0.51
0.46
0.49
0.41
0.36
0.57
0.56
0.57
0.52
0.54
0.49
0.51
0.41
0.37
0.62
0.61
0.63
0.56
0.60
0.53
0.77
0.77
0.79
0.73
0.76
0.67
0.62
0.66
0.85
0.86
0.86
0.84
0.85
0.78
0.78
0.89
0.90
0.90
0.88
0.90
0.80
0.76
0.69
0.61
0.93
0.93
0.93
0.92
0.93
0.85
0.85
0.80
0.95
0.95
0.95
0.93
0.94
0.82
0.82
0.95
0.95
0.95
0.93
0.94
0.79
0.75
0.72
0.70
0.95
0.95
0.95
0.94
0.95
0.89
0.85
0.86
0.96
0.96
0.95
0.95
0.95
0.88
0.87
0.82
0.96
0.96
0.96
0.96
0.95
0.93
0.88
0.88
0.95
0.95
0.95
0.95
0.93
0.94
0.92
0.90
0.85
0.85
0.89
0.95
0.95
0.95
0.94
0.96
0.96
0.96
0.95
0.95
0.90
0.87
0.82
0.78
0.96
0.96
0.96
0.95
0.95
0.83
0.78
0.70
0.63
0.97
0.97
0.97
0.96
0.96
0.96
0.93
0.93
0.96
0.96
0.96
0.96
0.96
0.88
0.84
0.77
0.70
0.96
0.96
0.95
0.96
0.95
0.95
0.95
0.94
0.94
0.94
0.94
0.94
0.94
0.94
0.93
0.93
0.89
0.86
0.81
0.73
0.92
0.92
0.90
0.91
0.89
0.89
0.90
0.87
0.86
0.86
0.85
0.85
0.77
0.72
0.75
0.83
0.83
0.82
0.81
0.80
0.75
0.82
0.82
0.82
0.82
0.87
0.88
0.88
0.87
0.87
0.84
0.82
0.87
0.88
0.88
0.86
0.87
0.85
0.82
0.83
0.82
0.84
0.79
0.87
0.87
0.86
0.85
0.80
0.75
0.87
0.88
0.88
0.86
0.86
0.84
0.80
0.82
0.82
0.84
0.71
0.78
