0.91
0.90
0.88
0.88
0.85
0.78
0.74
0.69
0.65
0.92
0.92
0.92
0.90
0.91
0.81
0.77
0.76
0.75
0.92
0.92
0.91
0.90
0.89
0.86
0.85
0.82
0.78
0.91
0.91
0.90
0.89
0.89
0.83
0.78
0.72
0.65
0.90
0.90
0.91
0.89
0.90
0.82
0.76
0.77
0.77
0.77
0.64
0.74
0.90
0.90
0.90
0.89
0.88
0.85
0.86
0.79
0.90
0.89
0.89
0.87
0.88
0.78
0.70
0.70
0.89
0.89
0.89
0.87
0.88
0.82
0.90
0.90
0.89
0.88
0.87
0.78
0.77
0.87
0.86
0.86
0.84
0.83
0.78
0.73
0.76
0.85
0.85
0.86
0.83
0.84
0.78
0.72
0.73
0.89
0.90
0.90
0.89
0.89
0.85
0.81
0.81
0.90
0.90
0.90
0.88
0.90
0.82
0.79
0.72
0.65
0.90
0.90
0.89
0.88
0.88
0.81
0.73
0.74
0.88
0.88
0.88
0.86
0.86
0.81
0.79
0.73
0.61
0.60
0.70
0.84
0.83
0.83
0.82
0.81
0.79
0.76
0.75
0.82
0.81
0.80
0.79
0.77
0.73
0.73
0.73
0.72
0.72
0.69
0.69
0.63
0.61
0.59
0.55
0.64
0.63
0.64
0.59
0.62
0.56
0.56
0.49
0.42
0.60
0.58
0.60
0.58
0.47
0.48
0.47
0.40
0.44
0.36
0.27
0.31
0.31
0.37
0.27
0.50
0.53
0.51
0.45
0.48
0.42
0.42
0.33
0.63
0.62
0.64
0.58
0.61
0.55
0.61
0.61
0.63
0.55
0.60
0.49
0.74
0.74
0.76
0.70
0.72
0.66
0.65
0.58
0.48
