0.91
0.91
0.91
0.90
0.90
0.86
0.81
0.81
0.91
0.91
0.92
0.90
0.91
0.88
0.84
0.84
0.84
0.85
0.75
0.82
0.92
0.92
0.92
0.92
0.92
0.91
0.89
0.89
0.88
0.88
0.85
0.88
0.92
0.93
0.93
0.92
0.92
0.91
0.91
0.93
0.93
0.93
0.93
0.93
0.87
0.94
0.94
0.94
0.94
0.94
0.95
0.95
0.94
0.94
0.89
0.89
0.95
0.95
0.95
0.95
0.94
0.94
0.94
0.94
0.94
0.94
0.90
0.87
0.80
0.71
0.95
0.95
0.94
0.94
0.94
0.94
0.94
0.94
0.93
0.93
0.92
0.92
0.90
0.89
0.82
0.82
0.87
0.94
0.94
0.94
0.94
0.94
0.95
0.95
0.95
0.94
0.94
0.90
0.90
0.94
0.94
0.94
0.93
0.94
0.93
0.93
0.91
0.89
0.87
0.75
0.77
0.94
0.95
0.94
0.94
0.94
0.93
0.90
0.90
0.89
0.89
0.85
0.88
0.95
0.95
0.95
0.95
0.96
0.96
0.96
0.95
0.95
0.95
0.93
0.93
0.93
0.93
0.89
0.92
0.96
0.96
0.96
0.96
0.96
0.95
0.91
0.91
0.91
0.91
0.83
0.90
0.96
0.96
0.96
0.95
0.96
0.87
0.82
0.80
0.78
0.97
0.97
0.97
0.96
0.96
0.97
0.97
0.97
0.96
0.96
0.94
0.91
0.89
0.76
0.73
0.86
0.96
0.96
0.96
0.96
0.96
0.94
0.94
0.90
