0.87
0.87
0.86
0.86
0.85
0.84
0.83
0.85
0.85
0.86
0.84
0.84
0.81
0.78
0.78
0.88
0.88
0.89
0.88
0.88
0.87
0.87
0.89
0.90
0.91
0.88
0.90
0.71
0.70
0.91
0.92
0.93
0.91
0.92
0.87
0.84
0.85
0.93
0.94
0.94
0.93
0.93
0.83
0.94
0.94
0.94
0.94
0.93
0.92
0.88
0.88
0.89
0.94
0.95
0.94
0.94
0.92
0.89
0.80
0.83
0.88
0.84
0.89
0.84
0.86
0.85
0.95
0.95
0.94
0.95
0.93
0.94
0.92
0.92
0.91
0.92
0.91
0.94
0.94
0.93
0.92
0.92
0.92
0.91
0.92
0.90
0.91
0.89
0.89
0.88
0.89
0.88
0.89
0.89
0.89
0.88
0.88
0.88
0.86
0.86
0.86
0.86
0.83
0.84
0.88
0.88
0.88
0.87
0.87
0.80
0.77
0.71
0.56
0.53
0.68
0.86
0.87
0.87
0.84
0.85
0.76
0.84
0.84
0.84
0.82
0.82
0.82
0.82
0.80
0.79
0.77
0.75
0.70
0.74
0.81
0.81
0.81
0.79
0.78
0.81
0.80
0.81
0.78
0.79
0.71
0.68
0.58
0.51
0.86
0.86
0.87
0.84
0.87
0.76
0.71
0.68
0.63
0.89
0.90
0.90
0.88
0.89
0.81
0.84
0.92
0.93
0.93
0.92
0.93
0.87
0.87
0.82
0.93
0.94
0.94
0.93
0.94
0.92
0.91
0.94
0.94
0.94
0.94
0.93
0.91
0.85
0.85
0.94
0.94
0.94
0.93
0.92
0.91
0.88
0.86
0.86
0.93
0.93
0.93
0.92
0.91
0.87
0.83
0.80
0.79
0.92
0.92
0.92
0.91
0.91
0.89
0.90
0.90
0.91
0.89
0.90
0.75
0.77
0.91
0.91
0.92
0.90
0.91
0.83
0.75
0.75
0.93
0.94
0.93
0.93
0.92
0.93
0.91
0.91
0.91
0.91
0.88
0.90
0.93
0.93
0.92
0.91
0.91
0.75
0.78
0.92
0.92
0.92
0.91
0.91
0.86
0.82
0.77
0.80
