0.96
0.96
0.96
0.96
0.96
0.94
0.94
0.91
0.96
0.96
0.96
0.95
0.96
0.94
0.96
0.96
0.96
0.96
0.95
0.94
0.92
0.92
0.95
0.95
0.94
0.95
0.92
0.94
0.93
0.91
0.90
0.89
0.87
0.83
0.82
0.82
0.78
0.79
0.71
0.73
0.86
0.88
0.88
0.85
0.87
0.74
0.85
0.88
0.87
0.82
0.85
0.61
0.87
0.89
0.89
0.85
0.87
0.75
0.68
0.77
0.86
0.88
0.85
0.87
0.81
0.90
0.88
0.88
0.90
0.89
0.84
0.88
0.91
0.91
0.90
0.88
0.88
0.81
0.77
0.75
0.92
0.92
0.90
0.90
0.87
0.87
0.81
0.81
0.90
0.90
0.90
0.88
0.89
0.78
0.75
0.67
0.90
0.90
0.90
0.88
0.89
0.83
0.80
0.82
0.89
0.89
0.89
0.88
0.90
0.90
0.90
0.90
0.89
0.88
0.87
0.87
0.89
0.89
0.89
0.88
0.88
0.82
0.77
0.78
0.91
0.91
0.91
0.90
0.91
0.91
0.91
0.90
0.91
0.86
0.81
0.81
0.92
0.92
0.92
0.90
0.91
0.73
0.73
0.70
0.92
0.92
0.91
0.91
0.90
0.87
0.90
0.90
0.89
0.88
0.88
0.89
0.86
0.87
0.81
0.86
0.83
0.84
0.87
0.85
0.84
0.82
0.83
0.83
0.85
0.84
0.83
0.79
0.82
0.81
0.80
0.78
0.76
0.71
0.68
0.58
0.45
0.41
0.62
0.75
0.75
0.73
0.72
0.69
0.66
0.74
0.68
0.70
0.67
0.64
0.65
0.57
0.58
0.57
0.52
