0.41
0.43
0.42
0.37
0.40
0.35
0.39
0.33
0.26
0.22
0.31
0.43
0.44
0.43
0.38
0.41
0.33
0.34
0.31
0.43
0.43
0.43
0.38
0.41
0.32
0.33
0.30
0.54
0.53
0.54
0.52
0.68
0.68
0.69
0.66
0.78
0.79
0.80
0.76
0.78
0.69
0.81
0.82
0.83
0.81
0.82
0.77
0.76
0.76
0.86
0.86
0.87
0.85
0.86
0.87
0.87
0.88
0.86
0.88
0.80
0.77
0.79
0.90
0.91
0.91
0.90
0.90
0.86
0.86
0.83
0.90
0.90
0.90
0.89
0.89
0.84
0.81
0.76
0.70
0.91
0.91
0.91
0.90
0.91
0.85
0.80
0.81
0.92
0.93
0.93
0.92
0.92
0.91
0.89
0.89
0.89
0.89
0.88
0.94
0.94
0.94
0.93
0.94
0.92
0.91
0.95
0.96
0.96
0.95
0.95
0.93
0.89
0.90
0.90
0.91
0.93
0.90
0.91
0.90
0.95
0.95
0.95
0.95
0.94
0.93
0.90
0.89
0.89
0.95
0.95
0.94
0.95
0.94
0.93
0.93
0.93
0.93
0.92
0.92
0.92
0.89
0.86
0.86
0.85
0.86
0.84
0.92
0.92
0.90
0.92
0.88
0.91
0.90
0.89
0.90
0.90
0.89
0.88
0.87
0.85
0.86
0.80
0.82
0.77
0.77
0.84
0.82
0.82
0.80
0.79
0.74
0.67
0.69
0.84
0.84
0.84
0.82
0.82
0.79
0.78
0.85
0.88
0.87
0.83
0.84
0.73
0.64
0.68
0.70
0.79
0.81
0.75
0.79
0.76
0.91
0.91
0.92
0.90
0.92
0.93
0.93
0.94
0.93
0.96
0.96
0.96
0.96
0.97
0.97
0.97
0.97
0.97
0.97
0.97
0.97
0.96
0.96
0.92
0.83
0.83
