0.93
0.94
0.94
0.92
0.94
0.95
0.95
0.94
0.95
0.93
0.93
0.90
0.91
0.91
0.91
0.92
0.90
0.91
0.91
0.94
0.95
0.95
0.92
0.95
0.77
0.80
0.96
0.96
0.96
0.95
0.96
0.96
0.96
0.96
0.96
0.96
0.96
0.96
0.96
0.95
0.96
0.95
0.95
0.96
0.96
0.95
0.95
0.95
0.91
0.91
0.95
0.95
0.95
0.93
0.94
0.89
0.87
0.82
0.81
0.96
0.96
0.95
0.96
0.94
0.96
0.95
0.95
0.95
0.95
0.94
0.94
0.90
0.90
0.87
0.95
0.96
0.96
0.95
0.95
0.93
0.93
0.93
0.92
0.93
0.90
0.92
0.80
0.76
0.69
0.75
0.94
0.95
0.95
0.94
0.94
0.92
0.89
0.90
0.89
0.90
0.89
0.97
0.97
0.97
0.97
0.96
0.97
0.96
0.96
0.97
0.97
0.97
0.96
0.97
0.97
0.97
0.97
0.97
0.93
0.93
0.97
0.97
0.97
0.96
0.96
0.96
0.96
0.96
0.95
0.95
0.91
0.86
0.86
0.96
0.97
0.96
0.95
0.96
0.89
0.83
0.85
0.77
0.69
0.79
0.95
0.95
0.96
0.93
0.95
0.85
0.78
0.85
0.97
0.97
0.97
0.97
0.97
0.96
0.94
0.94
0.97
0.97
0.97
0.97
0.97
0.95
0.94
0.92
0.90
0.98
0.98
0.98
0.98
0.98
0.96
0.94
0.93
0.89
0.88
0.91
0.98
0.98
0.98
0.97
0.98
0.92
0.89
0.87
0.83
0.80
0.82
0.96
0.96
0.96
0.96
0.96
0.96
0.95
0.95
0.95
0.95
0.95
0.95
0.95
0.93
0.94
0.93
0.93
0.94
0.93
0.94
0.92
0.92
0.92
0.92
0.92
0.90
0.92
0.83
0.78
0.79
0.74
0.93
0.94
0.94
0.93
0.95
0.94
0.94
0.93
0.93
0.89
0.87
0.86
0.82
0.80
0.81
0.92
0.91
0.91
0.91
0.90
0.91
0.91
0.91
0.91
0.91
0.91
0.89
0.89
0.89
0.93
0.94
0.93
0.94
0.92
0.93
0.93
0.93
0.93
0.93
0.92
0.93
0.89
0.89
0.93
0.93
0.93
0.91
0.93
0.86
0.84
0.79
0.80
0.94
0.93
0.90
0.93
0.86
0.91
0.88
0.88
