0.95
0.95
0.95
0.95
0.94
0.94
0.93
0.94
0.94
0.93
0.93
0.92
0.91
0.88
0.88
0.88
0.88
0.93
0.93
0.92
0.93
0.91
0.91
0.91
0.91
0.90
0.91
0.87
0.86
0.91
0.91
0.91
0.89
0.89
0.84
0.83
0.91
0.91
0.91
0.90
0.91
0.87
0.85
0.81
0.76
0.74
0.79
0.92
0.93
0.93
0.91
0.92
0.87
0.87
0.95
0.95
0.95
0.94
0.94
0.91
0.90
0.95
0.95
0.94
0.94
0.93
0.93
0.93
0.94
0.93
0.93
0.92
0.91
0.88
0.82
0.81
0.93
0.93
0.93
0.91
0.92
0.83
0.79
0.77
0.94
0.95
0.95
0.92
0.94
0.82
0.79
0.71
0.94
0.94
0.94
0.92
0.92
0.83
0.75
0.75
0.94
0.94
0.94
0.93
0.93
0.85
0.85
0.93
0.93
0.93
0.90
0.91
0.92
0.93
0.93
0.92
0.92
0.90
0.91
0.85
0.93
0.94
0.94
0.93
0.94
0.92
0.91
0.94
0.94
0.94
0.94
0.94
0.91
0.94
0.94
0.94
0.94
0.92
0.94
0.92
0.92
0.93
0.94
0.93
0.92
0.92
0.92
0.94
0.95
0.94
0.94
0.94
0.94
0.93
0.92
0.92
0.92
0.91
0.95
0.95
0.95
0.94
0.94
0.94
0.93
0.93
0.94
0.94
0.94
0.93
0.92
0.89
0.89
0.85
0.93
0.93
0.92
0.92
0.90
0.89
0.88
0.86
0.90
0.90
0.89
0.87
0.85
0.83
0.81
0.80
0.75
0.76
0.71
0.70
0.84
0.83
0.84
0.81
0.82
0.71
0.76
0.75
0.75
0.73
0.74
0.71
0.71
0.80
0.80
0.81
0.77
0.79
0.70
0.66
0.69
0.85
0.86
0.86
0.83
0.85
0.74
0.90
0.91
0.91
0.89
0.91
0.82
0.77
0.73
0.77
0.93
0.93
0.94
0.92
0.93
0.89
0.87
0.86
0.87
0.94
0.94
0.94
0.94
0.93
0.93
0.92
0.92
0.94
0.94
0.94
0.93
0.94
0.88
0.84
0.83
0.81
0.93
0.93
0.94
0.92
0.93
0.79
0.93
0.93
0.94
0.94
0.95
0.95
0.95
0.95
0.95
0.94
0.94
0.93
0.95
0.95
0.94
0.94
0.94
0.91
0.89
0.86
0.82
0.93
0.92
0.93
0.90
0.92
0.79
0.74
0.62
0.70
