0.92
0.93
0.93
0.92
0.92
0.84
0.93
0.93
0.93
0.93
0.92
0.92
0.90
0.90
0.90
0.90
0.89
0.92
0.92
0.92
0.91
0.92
0.86
0.83
0.77
0.70
0.93
0.93
0.93
0.92
0.93
0.93
0.94
0.94
0.93
0.93
0.92
0.90
0.90
0.89
0.90
0.89
0.93
0.93
0.92
0.92
0.91
0.91
0.91
0.91
0.89
0.90
0.82
0.78
0.68
0.59
0.91
0.91
0.91
0.91
0.90
0.91
0.91
0.91
0.91
0.89
0.90
0.88
0.89
0.89
0.88
0.88
0.87
0.90
0.90
0.90
0.88
0.88
0.71
0.71
0.88
0.88
0.89
0.86
0.87
0.78
0.72
0.66
0.88
0.88
0.87
0.87
0.85
0.86
0.85
0.85
0.86
0.86
0.87
0.84
0.85
0.74
0.67
0.71
0.88
0.88
0.87
0.87
0.86
0.83
0.78
0.78
0.88
0.88
0.88
0.86
0.87
0.80
0.76
0.69
0.62
0.87
0.88
0.88
0.86
0.87
0.79
0.90
0.90
0.90
0.89
0.92
0.92
0.92
0.92
0.92
0.89
0.89
0.92
0.92
0.92
0.92
0.92
0.90
0.88
0.91
0.91
0.91
0.90
0.90
0.85
0.83
0.79
0.65
0.63
0.78
0.92
0.92
0.92
0.91
0.91
0.93
0.94
0.94
0.93
0.95
0.95
0.94
0.94
0.94
0.94
0.93
0.92
0.92
0.92
0.88
0.92
0.94
0.94
0.94
0.92
0.93
0.86
0.80
0.75
0.56
0.51
0.73
0.93
0.94
0.94
0.93
0.95
0.95
0.95
0.95
0.95
0.94
0.94
0.93
0.95
0.95
0.95
0.95
0.95
0.92
0.91
0.95
0.95
0.95
0.94
0.94
0.81
0.80
0.94
0.94
0.94
0.93
0.93
0.93
0.91
0.91
0.90
0.90
0.90
0.92
0.92
0.91
0.91
0.90
0.86
0.80
0.80
0.90
0.90
0.89
0.89
0.88
0.88
0.87
0.87
0.86
0.86
0.85
0.85
0.85
0.85
0.84
0.84
0.80
0.77
0.69
0.55
0.52
0.69
0.85
0.85
0.85
0.84
0.88
0.88
0.89
0.86
0.88
0.81
0.78
0.70
0.51
0.48
0.70
0.92
0.92
0.92
0.91
0.92
0.89
0.87
0.85
0.68
0.69
0.83
0.93
0.93
0.93
0.93
0.93
0.91
0.90
0.95
0.95
0.95
0.94
0.94
0.93
0.89
0.89
0.89
0.89
0.95
0.95
0.95
0.94
0.94
0.89
0.78
0.77
0.95
0.95
0.95
0.95
0.95
