0.92
0.93
0.92
0.92
0.91
0.91
0.92
0.92
0.90
0.91
0.85
0.81
0.83
0.91
0.91
0.91
0.90
0.89
0.88
0.87
0.91
0.91
0.91
0.89
0.90
0.78
0.91
0.92
0.92
0.90
0.91
0.84
0.80
0.81
0.95
0.96
0.95
0.95
0.94
0.94
0.91
0.92
0.91
0.94
0.94
0.95
0.93
0.95
0.79
0.79
0.96
0.97
0.97
0.96
0.96
0.94
0.94
0.96
0.96
0.96
0.96
0.96
0.95
0.94
0.96
0.95
0.95
0.94
0.94
0.75
0.96
0.96
0.96
0.96
0.97
0.97
0.97
0.97
0.97
0.97
0.95
0.95
0.94
0.95
0.96
0.95
0.95
0.95
0.98
0.98
0.98
0.98
0.98
0.96
0.97
0.97
0.97
0.97
0.96
0.93
0.92
0.97
0.97
0.97
0.96
0.96
0.89
0.90
0.98
0.98
0.98
0.98
0.98
0.95
0.92
0.92
0.98
0.98
0.98
0.98
0.98
0.97
0.94
0.94
0.98
0.98
0.98
0.98
0.98
0.98
0.98
0.98
0.98
0.95
0.94
0.98
0.98
0.98
0.98
0.98
0.97
0.96
0.96
0.98
0.98
0.98
0.98
0.98
0.92
0.86
0.80
0.76
0.98
0.98
0.98
0.98
0.98
0.91
0.75
0.75
0.65
0.69
0.87
0.79
0.84
0.79
0.98
0.98
0.98
0.98
0.98
0.96
0.94
0.93
0.92
0.98
0.98
0.98
0.98
0.98
0.97
0.94
0.93
0.98
0.98
0.98
0.98
0.98
0.97
0.96
0.96
0.95
0.95
0.94
0.94
0.98
0.98
0.98
0.97
0.97
0.93
0.84
0.83
0.97
0.97
0.97
0.97
0.97
0.97
0.96
0.95
0.94
0.94
0.93
0.94
