0.68
0.67
0.67
0.64
0.65
0.65
0.64
0.60
0.61
0.57
0.54
0.56
0.59
0.58
0.59
0.54
0.56
0.47
0.49
0.48
0.54
0.53
0.54
0.51
0.52
0.46
0.48
0.46
0.50
0.48
0.50
0.48
0.47
0.47
0.47
0.45
0.45
0.43
0.45
0.39
0.39
0.47
0.47
0.47
0.45
0.46
0.42
0.45
0.41
0.33
0.30
0.42
0.47
0.46
0.47
0.43
0.44
0.38
0.39
0.43
0.42
0.43
0.39
0.40
0.36
0.40
0.32
0.39
0.45
0.43
0.45
0.43
0.47
0.47
0.47
0.42
0.44
0.39
0.43
0.41
0.36
0.54
0.54
0.55
0.50
0.53
0.42
0.44
0.61
0.59
0.62
0.55
0.58
0.50
0.52
0.70
0.70
0.71
0.67
0.69
0.63
0.60
0.58
0.53
0.78
0.79
0.79
0.77
0.78
0.72
0.68
0.68
0.82
0.82
0.83
0.80
0.82
0.78
0.85
0.85
0.86
0.83
0.85
0.77
0.77
0.87
0.88
0.87
0.87
0.86
0.84
0.83
0.85
0.85
0.85
0.83
0.83
0.78
0.74
0.69
0.73
0.67
0.88
0.88
0.89
0.86
0.88
0.74
0.90
0.91
0.90
0.88
0.88
0.77
0.77
0.90
0.91
0.90
0.89
0.91
0.91
0.91
0.90
0.89
0.88
0.87
0.93
0.93
0.93
0.92
0.91
0.89
0.85
0.87
0.92
0.93
0.92
0.92
0.91
0.84
0.83
0.92
0.92
0.92
0.91
0.91
0.88
0.87
0.89
0.89
0.89
0.85
0.87
0.75
0.72
0.71
0.67
0.88
0.88
0.88
0.86
0.91
0.91
0.90
0.90
0.88
0.87
0.83
0.83
0.83
0.84
0.81
0.88
0.88
0.88
0.86
0.86
0.86
0.88
0.88
0.88
0.86
0.87
0.78
0.75
0.72
0.69
0.86
0.86
0.86
0.85
0.85
0.80
0.80
0.85
0.85
0.85
0.84
0.87
0.87
0.87
0.86
0.86
0.85
0.85
0.84
0.86
0.86
0.86
0.83
0.84
0.75
0.69
0.70
0.85
0.85
0.84
0.84
0.82
0.79
0.82
0.81
0.81
0.81
0.79
0.78
0.71
0.79
0.79
0.79
0.77
0.76
0.75
0.72
0.73
