0.92
0.92
0.92
0.91
0.92
0.88
0.87
0.86
0.91
0.92
0.92
0.90
0.91
0.86
0.85
0.92
0.93
0.93
0.91
0.92
0.86
0.83
0.81
0.73
0.69
0.77
0.94
0.94
0.95
0.93
0.94
0.90
0.87
0.83
0.80
0.95
0.95
0.95
0.94
0.95
0.91
0.86
0.86
0.94
0.94
0.94
0.93
0.94
0.92
0.91
0.95
0.95
0.95
0.92
0.95
0.77
0.71
0.66
0.64
0.95
0.95
0.96
0.95
0.95
0.90
0.90
0.96
0.96
0.95
0.95
0.94
0.91
0.91
0.88
0.95
0.94
0.94
0.92
0.93
0.78
0.72
0.63
0.58
0.94
0.94
0.94
0.93
0.93
0.89
0.95
0.95
0.95
0.95
0.94
0.94
0.92
0.92
0.94
0.94
0.93
0.92
0.92
0.86
0.82
0.76
0.71
0.93
0.93
0.93
0.91
0.92
0.85
0.79
0.83
0.95
0.95
0.95
0.94
0.94
0.87
0.81
0.75
0.69
0.96
0.96
0.96
0.96
0.95
0.95
0.94
0.94
0.94
0.94
0.94
0.96
0.96
0.96
0.95
0.95
0.94
0.92
0.92
0.96
0.96
0.96
0.96
0.96
0.95
0.92
0.92
0.92
0.91
0.91
0.97
0.97
0.97
0.96
0.97
0.95
0.95
0.92
0.97
0.97
0.97
0.97
0.97
0.95
0.92
0.91
0.97
0.97
0.97
0.96
0.96
0.94
0.94
0.91
0.96
0.96
0.96
0.96
0.95
0.93
0.89
0.90
0.95
0.95
0.94
0.95
0.93
0.94
0.94
0.93
0.92
0.92
0.91
0.91
0.90
0.89
0.89
0.88
0.87
0.86
0.85
0.84
0.85
0.83
0.85
0.85
0.83
0.82
0.80
0.80
0.76
0.77
0.87
0.87
0.88
0.84
0.87
0.74
0.70
0.57
0.66
0.87
0.87
0.88
0.84
0.87
0.76
0.70
0.71
0.86
0.87
0.88
0.83
0.88
0.73
0.67
0.71
0.90
0.91
0.92
0.89
0.91
0.92
0.92
0.92
0.90
0.91
0.79
0.74
0.67
0.92
0.93
0.93
0.91
0.93
0.76
0.94
0.95
0.95
0.94
0.95
0.94
0.94
0.94
0.93
0.92
0.88
0.88
0.80
0.93
0.93
0.93
0.92
0.91
0.88
0.82
0.82
0.94
0.94
0.94
0.93
0.93
0.87
0.94
0.94
0.94
0.92
