0.97
0.96
0.96
0.96
0.95
0.93
0.89
0.85
0.80
0.96
0.96
0.96
0.96
0.95
0.94
0.94
0.95
0.95
0.95
0.93
0.94
0.81
0.74
0.70
0.68
0.95
0.95
0.95
0.95
0.95
0.93
0.89
0.89
0.89
0.88
0.82
0.87
0.96
0.96
0.96
0.96
0.95
0.95
0.94
0.92
0.96
0.96
0.96
0.96
0.97
0.97
0.96
0.96
0.96
0.90
0.86
0.81
0.77
0.97
0.97
0.97
0.96
0.97
0.97
0.97
0.96
0.96
0.93
0.93
0.96
0.96
0.96
0.96
0.95
0.97
0.97
0.96
0.95
0.95
0.88
0.79
0.76
0.96
0.96
0.96
0.94
0.94
0.82
0.76
0.71
0.65
0.97
0.97
0.96
0.96
0.97
0.97
0.97
0.96
0.97
0.92
0.91
0.97
0.97
0.97
0.96
0.96
0.89
0.89
0.97
0.97
0.97
0.96
0.97
0.72
0.97
0.97
0.98
0.97
0.97
0.93
0.93
0.98
0.98
0.98
0.97
0.97
0.97
0.97
0.97
0.97
0.97
0.97
0.97
0.97
0.97
0.91
0.97
0.97
0.97
0.97
0.97
0.95
0.95
0.92
0.97
0.97
0.97
0.97
0.97
0.95
0.95
0.93
0.97
0.97
0.97
0.97
0.96
0.96
0.96
0.95
0.95
0.95
0.95
0.93
0.92
0.94
0.94
0.93
0.93
0.92
0.84
0.93
0.93
0.93
0.92
0.92
0.88
0.84
0.76
0.69
0.95
0.95
0.95
0.95
0.96
0.96
0.96
0.96
0.96
0.96
0.96
0.96
0.96
0.96
0.94
0.94
0.96
0.96
0.96
0.95
0.95
0.82
0.82
0.97
0.96
0.96
0.96
0.95
0.95
0.95
0.94
0.96
0.96
0.96
0.95
0.95
0.93
0.89
0.89
0.96
0.96
0.95
0.95
0.95
0.93
0.93
0.95
0.95
0.95
0.95
0.94
0.92
0.92
0.93
0.93
0.93
0.93
0.94
0.94
0.95
0.94
0.94
0.91
0.90
0.96
0.96
0.96
0.96
0.95
0.95
0.95
0.93
0.94
0.95
0.95
0.95
0.94
0.94
0.88
0.79
0.79
0.94
0.94
0.94
0.93
0.94
0.83
0.73
0.73
0.95
0.95
0.96
0.95
0.95
0.92
0.91
0.88
0.96
0.96
0.95
0.95
0.95
0.95
0.95
0.94
0.94
0.94
0.94
0.92
0.93
0.80
0.74
0.70
0.67
0.94
0.94
0.94
0.93
0.94
0.82
0.73
0.81
0.96
0.96
0.96
0.95
0.96
0.96
0.96
0.95
0.96
0.94
0.95
0.93
0.93
