0.51
0.54
0.54
0.45
0.50
0.41
0.44
0.33
0.66
0.67
0.68
0.59
0.62
0.46
0.44
0.85
0.86
0.88
0.80
0.86
0.68
0.62
0.55
0.92
0.93
0.92
0.91
0.91
0.81
0.80
0.77
0.94
0.94
0.94
0.93
0.94
0.88
0.88
0.84
0.94
0.94
0.94
0.93
0.93
0.90
0.88
0.86
0.75
0.73
0.82
0.94
0.94
0.94
0.92
0.93
0.79
0.74
0.68
0.62
0.94
0.94
0.93
0.94
0.92
0.92
0.89
0.89
0.89
0.89
0.86
0.87
0.95
0.95
0.94
0.95
0.92
0.94
0.93
0.93
0.93
0.93
0.92
0.92
0.92
0.92
0.90
0.90
0.75
0.93
0.93
0.93
0.92
0.94
0.94
0.95
0.93
0.94
0.86
0.86
0.81
0.94
0.95
0.94
0.94
0.93
0.93
0.91
0.95
0.95
0.96
0.94
0.95
0.81
0.80
0.96
0.96
0.96
0.95
0.96
0.76
0.75
0.70
0.97
0.97
0.97
0.97
0.97
0.97
0.97
0.97
0.97
0.92
0.93
0.97
0.97
0.97
0.97
0.97
0.95
0.90
0.90
0.97
0.97
0.97
0.97
0.97
0.98
0.98
0.98
0.97
0.98
0.94
0.86
0.85
0.97
0.97
0.97
0.97
0.97
0.92
0.88
0.97
0.97
0.97
0.96
0.96
0.94
0.94
0.95
0.95
0.95
0.95
0.94
0.93
0.90
0.89
0.89
0.95
0.95
0.95
0.94
0.95
0.84
0.78
0.75
0.71
0.97
0.97
0.97
0.96
0.97
0.88
0.88
0.81
0.97
0.97
0.97
0.97
0.97
0.94
0.93
0.97
0.97
0.97
0.97
0.97
0.96
0.94
0.93
0.97
0.97
0.97
0.96
0.96
0.95
0.93
0.92
0.95
0.95
0.95
0.95
0.94
0.93
0.92
0.94
0.94
0.93
0.92
0.91
0.77
0.77
0.73
0.94
0.93
0.93
0.92
0.92
0.90
0.86
0.86
0.85
0.85
0.83
0.94
0.94
0.93
0.92
0.92
0.86
0.77
0.76
0.92
0.92
0.93
0.90
0.92
0.81
0.75
0.79
0.92
0.92
0.93
0.90
0.92
0.77
0.72
0.62
0.56
0.92
0.93
0.93
0.91
0.93
0.83
0.77
0.82
0.93
0.93
0.94
0.92
0.94
0.88
0.87
0.88
0.95
0.95
0.95
0.95
0.95
0.92
0.92
0.94
0.94
0.94
0.93
0.94
0.85
0.77
0.78
0.94
0.94
0.94
0.92
0.94
0.81
0.76
0.73
0.70
0.95
0.95
0.95
0.95
0.95
0.93
0.93
0.95
0.95
0.94
0.94
0.93
0.88
0.94
0.93
0.94
0.92
0.93
0.81
0.74
0.70
0.66
0.94
0.94
0.94
0.93
0.94
0.85
0.84
0.95
0.95
0.94
0.95
0.94
0.94
0.93
0.93
0.94
0.94
0.94
0.94
0.93
0.90
0.87
0.86
0.85
0.95
0.95
0.95
0.94
0.94
0.92
0.92
0.95
0.95
0.96
0.94
0.95
0.85
0.80
0.73
0.66
0.96
0.96
0.96
0.95
0.95
0.92
0.96
0.96
0.96
0.96
0.96
0.94
0.92
0.92
