0.79
0.80
0.80
0.77
0.79
0.69
0.69
0.78
0.79
0.79
0.76
0.77
0.72
0.68
0.69
0.80
0.80
0.81
0.78
0.80
0.72
0.68
0.66
0.64
0.81
0.81
0.81
0.78
0.79
0.72
0.71
0.69
0.81
0.81
0.81
0.79
0.80
0.80
0.80
0.79
0.79
0.76
0.77
0.76
0.82
0.83
0.82
0.79
0.80
0.72
0.67
0.68
0.64
0.65
0.53
0.62
0.81
0.81
0.81
0.79
0.79
0.71
0.71
0.81
0.81
0.81
0.79
0.80
0.73
0.70
0.64
0.56
0.51
0.64
0.80
0.81
0.81
0.79
0.79
0.83
0.83
0.83
0.81
0.82
0.76
0.73
0.68
0.60
0.57
0.67
0.82
0.82
0.82
0.80
0.80
0.75
0.75
0.72
0.83
0.83
0.82
0.81
0.80
0.74
0.73
0.81
0.81
0.81
0.79
0.79
0.79
0.78
0.78
0.77
0.75
0.73
0.73
0.71
0.77
0.77
0.76
0.74
0.73
0.68
0.72
0.71
0.71
0.68
0.68
0.65
0.63
0.64
0.69
0.68
0.68
0.65
0.65
0.60
0.59
0.50
0.43
0.61
0.59
0.61
0.53
0.57
0.56
0.56
0.56
0.51
0.53
0.47
0.49
0.47
0.44
0.56
0.54
0.56
0.52
0.54
0.49
0.49
0.42
0.32
0.28
0.42
0.57
0.56
0.57
0.53
0.56
0.50
0.51
0.42
0.38
0.58
0.57
0.58
0.52
0.55
0.48
0.49
0.39
0.30
0.26
0.41
0.60
0.59
0.61
0.58
0.66
0.66
0.67
0.62
0.64
0.59
0.73
0.73
0.75
0.70
0.72
0.65
0.62
0.53
0.46
0.78
0.79
0.80
0.77
0.79
0.73
0.73
0.70
0.81
0.82
0.83
0.80
0.82
0.81
0.81
0.81
0.79
0.80
0.77
0.74
0.75
0.82
0.82
0.82
0.80
0.81
0.73
0.76
0.81
0.80
0.79
0.77
0.74
0.72
0.71
0.63
0.78
0.78
0.76
0.75
0.72
0.70
0.67
0.59
0.51
0.47
0.61
0.76
0.76
0.76
0.73
0.74
0.68
0.66
0.57
0.64
0.74
0.74
0.75
0.71
0.73
0.68
0.66
0.75
0.76
0.77
0.72
0.75
0.69
0.65
0.67
0.62
0.64
0.52
0.59
0.77
0.77
0.77
0.74
0.74
0.73
0.71
0.73
0.78
0.78
0.79
0.76
0.79
0.78
0.78
0.76
0.75
0.73
0.70
0.67
0.62
0.76
0.76
0.76
0.73
0.74
0.69
0.65
0.65
0.76
0.75
0.75
0.72
0.72
0.67
0.64
0.62
0.59
0.74
0.76
0.73
0.71
0.69
0.64
0.59
0.62
0.60
0.72
0.72
0.69
0.70
0.70
0.76
0.76
0.76
0.74
0.73
0.72
0.72
0.70
0.77
0.77
0.77
0.74
0.74
0.70
0.66
0.65
0.63
