0.66
0.65
0.66
0.63
0.64
0.60
0.58
0.48
0.56
0.73
0.72
0.73
0.70
0.71
0.65
0.65
0.76
0.76
0.76
0.74
0.76
0.67
0.67
0.79
0.79
0.79
0.77
0.77
0.80
0.77
0.77
0.78
0.76
0.77
0.70
0.66
0.66
0.78
0.78
0.79
0.77
0.78
0.76
0.74
0.75
0.73
0.73
0.72
0.70
0.80
0.80
0.80
0.78
0.78
0.75
0.73
0.63
0.56
0.54
0.68
0.81
0.81
0.81
0.79
0.80
0.74
0.71
0.72
0.80
0.80
0.80
0.77
0.78
0.67
0.67
0.82
0.82
0.81
0.80
0.79
0.75
0.72
0.65
0.58
0.55
0.65
0.79
0.79
0.79
0.77
0.77
0.74
0.72
0.72
0.70
0.70
0.66
0.82
0.82
0.81
0.80
0.79
0.75
0.72
0.70
0.67
0.81
0.81
0.81
0.79
0.78
0.70
0.80
0.79
0.79
0.77
0.77
0.68
0.68
0.66
0.80
0.80
0.80
0.77
0.77
0.72
0.69
0.61
0.51
0.47
0.61
0.76
0.76
0.76
0.73
0.74
0.70
0.67
0.67
0.75
0.75
0.75
0.72
0.72
0.70
0.70
0.73
0.72
0.72
0.67
0.72
0.73
0.72
0.69
0.71
0.71
0.74
0.74
0.74
0.71
0.73
0.68
0.68
0.73
0.72
0.71
0.67
0.67
0.62
0.61
0.49
0.37
0.33
0.53
0.72
0.72
0.71
0.69
0.77
0.77
0.78
0.74
0.76
0.67
0.67
0.77
0.77
0.78
0.74
0.76
0.70
0.69
0.70
0.78
0.78
0.79
0.75
0.77
0.73
0.71
0.79
0.79
0.79
0.77
0.77
0.72
0.72
0.79
0.79
0.79
0.77
0.78
0.70
0.70
0.77
0.77
0.77
0.75
0.75
0.68
0.79
0.79
0.80
0.78
0.79
0.76
0.74
0.74
0.71
0.72
0.67
0.66
0.78
0.78
0.78
0.76
0.77
0.82
0.82
0.82
0.80
0.81
0.77
0.77
0.81
0.81
0.82
0.80
0.81
0.83
0.83
0.83
0.81
0.81
0.76
0.72
0.72
0.84
0.84
0.84
0.82
0.82
0.76
0.82
0.82
0.82
0.81
0.80
0.83
0.82
0.81
0.81
0.80
0.80
0.76
0.74
0.70
0.70
0.79
0.79
0.79
0.77
0.76
0.79
0.76
0.76
0.76
0.75
0.74
