0.96
0.96
0.96
0.95
0.96
0.86
0.96
0.96
0.96
0.96
0.95
0.94
0.96
0.96
0.95
0.95
0.94
0.91
0.96
0.95
0.95
0.95
0.95
0.92
0.92
0.96
0.96
0.96
0.96
0.95
0.96
0.96
0.96
0.96
0.96
0.96
0.96
0.96
0.96
0.96
0.96
0.93
0.88
0.87
0.96
0.96
0.96
0.96
0.95
0.95
0.94
0.93
0.93
0.94
0.90
0.93
0.96
0.96
0.95
0.95
0.93
0.91
0.86
0.84
0.85
0.94
0.94
0.93
0.91
0.92
0.91
0.91
0.89
0.87
0.83
0.77
0.70
0.65
0.91
0.91
0.90
0.89
0.88
0.80
0.80
0.95
0.95
0.95
0.94
0.95
0.95
0.95
0.95
0.94
0.94
0.92
0.90
0.96
0.96
0.96
0.94
0.95
0.80
0.75
0.67
0.74
0.96
0.96
0.96
0.96
0.96
0.96
0.96
0.95
0.96
0.96
0.96
0.96
0.96
0.95
0.96
0.96
0.96
0.96
0.95
0.95
0.93
0.92
0.97
0.97
0.97
0.96
0.96
0.94
0.90
0.89
0.96
0.96
0.94
0.95
0.91
0.94
0.91
0.91
0.92
0.92
0.91
0.92
0.92
0.92
0.88
0.90
0.92
0.92
0.93
0.92
0.96
0.96
0.96
0.95
0.96
0.91
0.89
0.86
0.82
0.97
0.97
0.97
0.96
0.97
0.91
0.88
0.86
0.86
0.97
0.97
0.97
0.97
0.97
0.96
0.96
0.97
0.97
0.97
0.96
0.97
0.74
0.75
0.97
0.97
0.97
0.96
0.97
0.97
0.97
0.97
0.96
0.96
0.85
0.77
0.69
0.61
0.97
0.97
0.97
0.97
0.97
0.97
0.97
0.97
0.97
0.95
0.88
0.88
0.89
0.91
0.95
0.92
0.93
0.92
0.97
0.97
0.97
0.97
0.97
0.95
0.97
0.97
0.97
0.96
0.96
0.93
0.97
0.97
0.97
0.96
0.96
0.96
0.96
0.96
0.96
0.95
0.96
0.94
0.94
0.94
0.95
0.95
0.93
0.94
0.94
0.96
0.96
0.96
0.95
0.95
0.93
0.93
0.92
0.91
0.91
0.84
0.82
0.77
0.72
0.90
0.90
0.88
0.87
0.85
0.80
0.79
0.74
0.69
0.82
0.81
0.78
0.75
0.73
