0.91
0.90
0.90
0.90
0.88
0.89
0.86
0.86
0.89
0.88
0.87
0.87
0.85
0.85
0.80
0.80
0.81
0.82
0.74
0.79
0.87
0.87
0.86
0.84
0.83
0.79
0.76
0.69
0.56
0.52
0.70
0.85
0.85
0.84
0.83
0.81
0.77
0.71
0.71
0.84
0.83
0.83
0.81
0.80
0.84
0.84
0.84
0.82
0.83
0.77
0.73
0.75
0.82
0.82
0.82
0.81
0.80
0.79
0.79
0.82
0.82
0.82
0.79
0.80
0.73
0.70
0.69
0.65
0.81
0.81
0.81
0.79
0.79
0.74
0.71
0.69
0.67
0.81
0.81
0.80
0.80
0.77
0.77
0.73
0.73
0.80
0.79
0.79
0.76
0.76
0.69
0.65
0.63
0.61
0.76
0.77
0.75
0.73
0.72
0.67
0.62
0.64
0.60
0.62
0.59
0.78
0.76
0.76
0.74
0.72
0.69
0.67
0.61
0.76
0.75
0.76
0.73
0.76
0.76
0.76
0.73
0.73
0.66
0.67
0.65
0.77
0.77
0.78
0.73
0.76
0.67
0.65
0.54
0.41
0.38
0.57
0.80
0.80
0.82
0.77
0.80
0.71
0.66
0.68
0.80
0.81
0.81
0.79
0.79
0.79
0.76
0.76
0.78
0.76
0.74
0.76
0.85
0.86
0.85
0.83
0.81
0.79
0.73
0.73
0.73
0.72
0.71
0.84
0.84
0.83
0.80
0.79
0.72
0.66
0.66
0.85
0.85
0.87
0.83
0.86
0.72
0.72
0.89
0.90
0.89
0.88
0.87
0.85
0.83
0.84
0.92
0.92
0.93
0.91
0.92
0.81
0.94
0.94
0.94
0.93
0.93
0.92
0.91
0.89
0.93
0.93
0.93
0.92
0.93
0.83
0.94
0.94
0.94
0.93
0.93
0.92
0.89
0.89
0.93
0.93
0.93
0.92
0.92
0.86
0.86
0.82
0.92
0.92
0.91
0.90
0.89
0.85
0.82
0.82
0.81
0.90
0.90
0.90
0.88
0.88
0.82
0.75
0.76
0.80
0.81
0.82
0.77
0.80
0.78
0.90
0.90
0.89
0.89
0.87
0.88
0.89
0.88
0.88
0.86
0.87
0.79
0.75
0.71
0.68
0.88
0.88
0.88
0.87
0.86
0.84
0.82
0.77
0.73
0.86
0.85
0.85
0.82
0.83
0.82
0.83
0.80
0.80
0.73
0.70
0.61
0.67
0.82
0.81
0.81
0.78
0.84
0.84
0.84
0.82
0.83
0.76
0.75
0.73
0.87
0.87
0.87
0.86
0.86
0.85
0.82
0.83
0.88
0.88
0.88
0.87
0.88
0.86
0.85
