0.80
0.79
0.78
0.77
0.75
0.71
0.67
0.58
0.45
0.40
0.59
0.75
0.75
0.74
0.71
0.70
0.66
0.63
0.63
0.67
0.70
0.66
0.62
0.60
0.56
0.50
0.53
0.50
0.62
0.62
0.58
0.63
0.53
0.74
0.74
0.73
0.69
0.69
0.63
0.58
0.59
0.79
0.79
0.80
0.78
0.78
0.74
0.72
0.63
0.57
0.53
0.67
0.80
0.81
0.81
0.78
0.80
0.75
0.73
0.64
0.58
0.82
0.83
0.83
0.81
0.82
0.83
0.82
0.81
0.81
0.80
0.77
0.78
0.78
0.79
0.73
0.73
0.83
0.82
0.83
0.81
0.81
0.80
0.81
0.81
0.81
0.79
0.80
0.81
0.81
0.81
0.80
0.79
0.78
0.76
0.77
0.77
0.77
0.76
0.75
0.71
0.68
0.69
0.75
0.75
0.75
0.72
0.71
0.64
0.63
0.66
0.64
0.66
0.59
0.60
0.52
0.42
0.46
0.61
0.60
0.61
0.52
0.55
0.45
0.37
0.40
0.37
0.44
0.32
0.34
0.57
0.57
0.57
0.50
0.53
0.45
0.39
0.41
0.40
0.45
0.36
0.43
0.55
0.45
0.43
0.42
0.41
0.35
0.36
0.35
0.35
0.33
0.26
0.28
0.28
0.59
0.58
0.60
0.53
0.56
0.48
0.50
0.62
0.63
0.62
0.58
0.59
0.53
0.48
0.43
0.41
0.41
0.68
0.69
0.69
0.64
0.65
0.58
0.58
0.46
0.58
0.73
0.73
0.74
0.69
0.72
0.65
0.71
0.71
0.71
0.67
0.68
0.65
0.64
0.76
0.76
0.75
0.73
0.70
0.70
0.68
0.48
0.37
0.32
0.58
0.82
0.82
0.82
0.79
0.80
0.74
0.71
0.67
0.66
0.62
0.85
0.85
0.85
0.83
0.83
0.80
0.77
0.74
0.70
0.85
0.85
0.85
0.84
0.84
0.83
0.81
0.82
0.80
0.81
0.77
0.83
0.82
0.82
0.81
0.81
0.76
0.82
0.82
0.82
0.80
0.80
0.75
0.69
0.61
0.82
0.82
0.82
0.80
0.81
0.79
0.77
0.78
0.82
0.82
0.82
0.81
0.81
0.81
0.81
0.81
0.78
0.79
0.75
0.72
0.81
0.81
0.82
0.80
0.80
0.75
0.76
0.83
0.83
0.83
0.81
0.82
0.73
0.72
0.71
0.83
0.83
0.83
0.82
0.82
0.84
0.84
0.84
0.83
0.84
0.79
0.78
0.72
0.64
0.62
0.70
0.85
0.86
0.85
0.84
0.84
0.84
0.82
0.83
0.82
0.83
0.79
0.85
0.84
0.84
0.82
0.81
0.78
0.76
0.69
0.64
0.83
0.82
0.82
0.80
0.79
0.76
0.74
0.75
