0.96
0.95
0.94
0.94
0.92
0.90
0.91
0.94
0.93
0.92
0.91
0.91
0.87
0.80
0.78
0.79
0.80
0.94
0.94
0.94
0.94
0.93
0.91
0.94
0.94
0.94
0.92
0.94
0.83
0.79
0.72
0.57
0.51
0.69
0.95
0.95
0.95
0.95
0.95
0.92
0.87
0.87
0.87
0.87
0.96
0.96
0.96
0.96
0.96
0.96
0.96
0.95
0.95
0.95
0.92
0.92
0.95
0.95
0.95
0.94
0.95
0.91
0.91
0.88
0.95
0.95
0.95
0.95
0.95
0.94
0.92
0.92
0.93
0.94
0.94
0.92
0.93
0.93
0.96
0.96
0.96
0.96
0.95
0.95
0.95
0.94
0.94
0.93
0.84
0.78
0.71
0.77
0.95
0.94
0.94
0.94
0.93
0.95
0.95
0.95
0.94
0.95
0.95
0.95
0.94
0.95
0.86
0.80
0.71
0.76
0.95
0.95
0.95
0.94
0.95
0.85
0.95
0.95
0.95
0.95
0.94
0.95
0.95
0.94
0.94
0.93
0.94
0.93
0.93
0.90
0.89
0.94
0.94
0.93
0.93
0.91
0.92
0.91
0.90
0.89
0.88
0.77
0.80
0.91
0.91
0.92
0.91
0.92
0.92
0.92
0.91
0.91
0.83
0.86
0.91
0.91
0.92
0.89
0.91
0.77
0.81
0.94
0.94
0.94
0.94
0.94
0.93
0.91
0.91
0.90
0.91
0.94
0.94
0.93
0.93
0.92
0.93
0.92
0.92
0.91
0.91
0.87
0.82
0.83
0.93
0.94
0.94
0.93
0.93
0.90
0.84
0.84
0.85
0.85
0.78
0.83
0.95
0.95
0.95
0.95
0.95
0.94
0.92
0.92
0.92
0.92
0.91
0.95
0.95
0.94
0.94
0.92
0.93
0.89
0.89
0.89
0.90
0.82
0.88
0.94
0.94
0.94
0.94
0.95
0.95
0.95
0.94
0.95
0.87
0.88
0.96
0.97
0.97
0.96
0.96
0.96
0.96
0.94
0.97
0.97
0.97
0.96
0.97
0.95
0.95
0.97
0.97
0.97
0.96
0.96
0.95
0.97
0.97
0.97
0.97
0.96
0.96
0.96
0.96
0.96
0.96
0.96
0.96
0.96
0.95
0.94
0.91
0.90
0.93
0.95
0.95
0.95
0.93
0.95
0.81
0.76
0.69
0.64
