0.96
0.96
0.96
0.96
0.95
0.95
0.94
0.94
0.93
0.93
0.93
0.94
0.94
0.94
0.94
0.93
0.93
0.90
0.89
0.93
0.92
0.91
0.91
0.90
0.72
0.88
0.87
0.87
0.86
0.85
0.73
0.86
0.85
0.85
0.83
0.83
0.78
0.74
0.66
0.55
0.51
0.67
0.85
0.85
0.85
0.83
0.83
0.78
0.74
0.75
0.87
0.88
0.88
0.86
0.88
0.81
0.79
0.74
0.76
0.92
0.92
0.92
0.91
0.92
0.89
0.87
0.87
0.94
0.94
0.94
0.93
0.94
0.91
0.87
0.87
0.94
0.94
0.94
0.94
0.93
0.92
0.89
0.89
0.89
0.89
0.81
0.88
0.93
0.93
0.93
0.92
0.92
0.84
0.93
0.93
0.93
0.92
0.92
0.86
0.85
0.83
0.93
0.93
0.93
0.93
0.92
0.89
0.88
0.90
0.90
0.91
0.88
0.90
0.76
0.72
0.66
0.50
0.44
0.64
0.90
0.90
0.90
0.88
0.89
0.81
0.77
0.71
0.54
0.50
0.69
0.90
0.89
0.89
0.88
0.88
0.91
0.91
0.91
0.90
0.91
0.88
0.86
0.86
0.93
0.93
0.92
0.92
0.92
0.90
0.88
0.87
0.75
0.75
0.86
0.92
0.91
0.91
0.89
0.89
0.88
0.88
0.87
0.86
0.80
0.92
0.92
0.93
0.91
0.93
0.88
0.88
0.93
0.94
0.94
0.93
0.94
0.91
0.90
0.95
0.95
0.95
0.94
0.94
0.92
0.92
0.89
0.95
0.95
0.95
0.95
0.95
0.93
0.93
0.95
0.96
0.95
0.95
0.95
0.94
0.92
0.91
0.94
0.94
0.94
0.93
0.92
0.88
0.79
0.79
0.93
0.93
0.93
0.92
0.92
0.86
0.83
0.76
0.70
0.93
0.93
0.93
0.92
0.92
0.89
0.85
0.87
0.95
0.95
0.95
0.94
0.95
0.88
0.83
0.82
0.80
0.95
0.95
0.95
0.94
0.94
0.91
0.91
0.96
0.96
0.95
0.95
0.95
0.95
0.93
0.92
0.95
0.95
0.95
0.94
0.94
0.88
0.94
0.94
0.94
0.93
0.94
0.91
0.90
0.94
0.94
0.94
0.94
0.94
0.91
0.94
0.95
0.95
0.94
0.94
0.93
0.91
0.91
0.92
0.92
0.92
0.89
0.90
0.90
0.94
0.94
0.94
0.94
0.94
0.92
0.89
0.89
0.95
0.95
0.95
0.94
0.94
0.79
0.95
0.95
0.95
0.95
0.94
0.93
0.90
0.89
0.95
0.95
0.93
0.94
0.91
0.94
0.93
0.93
0.92
0.92
0.92
0.90
0.89
0.86
0.86
0.80
0.77
0.85
0.85
0.85
0.82
0.87
0.88
0.88
0.85
0.87
0.79
0.92
0.93
0.93
0.91
0.92
0.84
0.80
0.78
0.81
0.94
0.94
0.94
0.93
0.94
0.94
0.94
0.92
0.93
0.85
0.81
0.76
0.79
0.95
0.95
0.94
0.94
0.93
0.93
0.89
0.89
0.94
0.93
0.93
0.91
0.92
0.80
0.75
0.67
0.72
0.90
0.90
0.90
0.89
0.89
0.85
0.84
0.89
0.89
0.89
0.88
0.90
0.89
0.89
0.88
0.88
