0.87
0.87
0.88
0.85
0.87
0.80
0.89
0.90
0.90
0.89
0.90
0.85
0.83
0.79
0.69
0.68
0.79
0.90
0.90
0.90
0.89
0.89
0.88
0.91
0.91
0.91
0.90
0.91
0.91
0.91
0.91
0.90
0.91
0.86
0.81
0.82
0.91
0.91
0.91
0.89
0.90
0.85
0.83
0.78
0.72
0.90
0.90
0.90
0.89
0.90
0.90
0.90
0.90
0.89
0.89
0.83
0.80
0.73
0.55
0.52
0.71
0.89
0.89
0.89
0.87
0.88
0.84
0.82
0.80
0.77
0.87
0.87
0.87
0.86
0.86
0.82
0.79
0.79
0.88
0.87
0.87
0.86
0.86
0.79
0.85
0.86
0.86
0.84
0.85
0.79
0.77
0.73
0.70
0.85
0.85
0.84
0.83
0.82
0.82
0.82
0.81
0.81
0.79
0.79
0.72
0.75
0.74
0.75
0.72
0.72
0.71
0.71
0.71
0.68
0.68
0.64
0.59
0.60
0.54
0.54
0.55
0.70
0.69
0.70
0.66
0.67
0.60
0.62
0.65
0.65
0.64
0.61
0.61
0.59
0.56
0.56
0.68
0.68
0.68
0.62
0.63
0.57
0.53
0.56
0.53
0.55
0.48
0.50
0.72
0.72
0.74
0.71
0.80
0.80
0.80
0.78
0.77
0.72
0.72
0.80
0.81
0.81
0.79
0.78
0.78
0.75
0.78
0.78
0.79
0.70
0.75
0.81
0.81
0.82
0.79
0.80
0.74
0.70
0.71
0.68
0.69
0.58
0.65
0.84
0.85
0.85
0.83
0.84
0.78
0.75
0.68
0.61
0.87
0.88
0.88
0.86
0.87
0.86
0.86
0.86
0.86
0.85
0.86
0.84
0.83
0.87
0.88
0.88
0.87
0.87
0.88
0.89
0.89
0.88
0.87
0.87
0.81
0.79
0.78
0.75
0.86
0.86
0.86
0.84
0.84
0.78
0.75
0.67
0.53
0.49
0.66
0.84
0.84
0.84
0.82
0.87
0.86
0.86
0.86
0.84
0.86
0.84
0.85
0.84
0.83
0.84
0.82
0.82
0.72
0.73
0.83
0.83
0.82
0.81
0.80
0.81
0.79
0.78
0.77
0.76
0.73
0.70
0.67
0.63
0.61
0.71
0.69
0.70
0.65
0.65
0.64
0.65
0.60
0.61
0.57
0.56
0.57
0.63
0.61
0.62
0.58
0.60
0.55
0.55
0.48
0.40
0.65
0.63
0.65
0.60
0.62
0.60
0.64
0.64
0.63
0.60
0.62
0.57
0.52
0.53
0.59
0.59
0.59
0.54
0.57
0.43
0.45
0.62
0.60
0.62
0.60
0.62
0.61
0.62
0.59
0.61
0.57
0.61
0.60
0.60
0.58
0.59
0.52
0.53
0.52
0.63
0.61
0.62
0.57
0.60
0.51
0.57
0.65
0.64
0.65
0.61
0.63
0.58
0.54
0.57
0.69
0.67
0.68
0.64
0.64
0.57
0.61
0.69
0.68
0.69
0.64
0.64
0.59
0.53
0.56
0.78
0.78
0.78
0.76
0.76
0.73
0.69
0.70
0.66
0.66
0.64
0.81
0.81
0.81
0.80
