0.95
0.95
0.95
0.93
0.94
0.78
0.71
0.57
0.68
0.96
0.96
0.96
0.95
0.96
0.90
0.82
0.82
0.97
0.97
0.97
0.96
0.96
0.92
0.92
0.96
0.96
0.96
0.96
0.96
0.77
0.97
0.97
0.97
0.97
0.96
0.95
0.93
0.91
0.88
0.96
0.96
0.96
0.96
0.96
0.92
0.84
0.84
0.97
0.97
0.97
0.97
0.97
0.94
0.90
0.89
0.90
0.97
0.97
0.96
0.96
0.95
0.94
0.94
0.91
0.97
0.97
0.97
0.96
0.98
0.98
0.98
0.97
0.97
0.90
0.86
0.83
0.74
0.70
0.75
0.97
0.97
0.97
0.97
0.97
0.96
0.97
0.97
0.97
0.96
0.96
0.95
0.92
0.91
0.91
0.91
0.86
0.90
0.97
0.97
0.96
0.96
0.96
0.95
0.92
0.90
0.91
0.97
0.97
0.97
0.97
0.97
0.98
0.98
0.97
0.97
0.96
0.94
0.92
0.86
0.85
0.90
0.98
0.98
0.98
0.97
0.98
0.96
0.95
0.98
0.98
0.98
0.98
0.98
0.97
0.97
0.94
0.98
0.98
0.98
0.98
0.98
0.97
0.96
0.96
0.95
0.95
0.93
0.95
0.98
0.98
0.98
0.97
0.98
0.95
0.95
0.98
0.98
0.98
0.98
0.97
0.97
0.96
0.96
0.96
0.96
0.96
0.96
0.96
0.95
0.93
0.89
0.84
0.97
0.97
0.96
0.97
0.96
0.96
0.96
0.95
0.95
0.95
0.94
0.96
0.95
0.95
0.95
0.94
0.88
0.95
0.94
0.93
0.93
0.90
0.88
0.90
0.87
0.86
0.87
0.84
0.84
0.85
0.85
0.82
0.83
0.83
0.84
0.79
0.82
0.70
0.85
0.85
0.86
0.81
0.84
0.72
0.65
0.65
0.91
0.91
0.92
0.90
0.91
0.87
0.86
0.83
0.78
0.76
0.81
0.94
0.94
0.95
0.93
0.95
0.91
0.89
0.95
0.95
0.96
0.95
0.95
0.96
0.96
0.96
0.96
0.96
0.94
0.94
0.91
0.98
0.98
0.98
0.97
0.97
0.96
0.92
0.92
0.92
0.95
0.96
0.95
0.95
0.95
0.98
0.98
0.98
0.98
0.98
0.97
0.97
0.95
0.98
0.98
0.98
0.98
0.98
0.97
0.95
0.91
0.98
0.98
0.98
0.98
0.97
0.96
0.93
0.92
0.98
0.98
0.98
0.97
0.98
0.98
0.98
0.97
0.97
0.90
0.90
0.84
0.97
0.97
0.97
0.97
0.97
0.96
0.92
0.92
0.92
0.93
0.98
0.98
0.98
0.97
0.97
0.78
0.97
0.97
0.97
0.97
0.97
0.96
0.95
0.93
0.87
0.86
0.90
0.98
0.98
0.98
0.97
0.97
0.96
0.93
0.92
0.92
0.98
0.98
0.98
0.98
0.98
0.96
0.92
0.92
0.93
0.94
0.95
0.94
0.94
0.94
0.98
0.98
0.98
0.97
0.98
0.93
0.93
0.86
0.98
0.98
0.98
0.98
0.98
0.94
0.92
0.98
0.98
0.98
0.98
0.98
0.94
0.89
0.85
0.87
0.98
0.98
0.98
0.98
0.98
0.98
0.98
0.98
0.98
0.98
0.96
0.95
0.98
0.98
0.98
0.98
0.98
0.98
0.98
0.97
0.97
0.93
0.93
