0.85
0.86
0.85
0.84
0.82
0.80
0.77
0.79
0.82
0.80
0.79
0.79
0.79
0.79
0.86
0.86
0.86
0.85
0.85
0.80
0.77
0.77
0.88
0.88
0.87
0.87
0.85
0.83
0.79
0.81
0.82
0.82
0.81
0.80
0.80
0.80
0.85
0.84
0.84
0.83
0.82
0.77
0.84
0.83
0.83
0.82
0.82
0.82
0.80
0.78
0.78
0.86
0.87
0.87
0.85
0.86
0.80
0.83
0.86
0.86
0.86
0.85
0.85
0.83
0.80
0.81
0.79
0.80
0.76
0.87
0.87
0.87
0.86
0.86
0.89
0.85
0.85
0.86
0.84
0.86
0.82
0.82
0.86
0.86
0.86
0.85
0.84
0.85
0.85
0.82
0.82
0.83
0.80
0.83
0.76
0.73
0.73
0.82
0.83
0.82
0.81
0.81
0.83
0.82
0.83
0.83
0.83
0.80
0.80
0.80
0.80
0.81
0.79
0.80
0.83
0.84
0.83
0.82
0.81
0.80
0.78
0.80
0.82
0.79
0.77
0.78
0.77
0.78
0.84
0.83
0.84
0.82
0.83
0.75
0.71
0.72
0.85
0.85
0.85
0.84
0.83
0.84
0.84
0.83
0.87
0.86
0.86
0.86
0.84
0.86
0.85
0.85
0.87
0.87
0.88
0.87
0.89
0.90
0.90
0.88
0.89
0.86
0.89
0.89
0.90
0.88
0.89
0.85
0.83
0.78
0.70
0.69
0.78
0.91
0.91
0.92
0.90
0.92
0.89
0.87
0.88
0.87
0.87
0.86
0.94
0.95
0.94
0.94
0.92
0.92
0.87
0.89
0.92
0.89
0.89
0.88
0.88
0.88
0.95
0.95
0.94
0.94
0.94
0.93
0.93
0.92
0.92
0.92
0.91
0.91
0.88
0.87
0.83
0.78
0.77
0.82
0.89
0.89
0.89
0.89
0.89
0.88
0.87
0.88
0.87
0.87
0.85
0.86
0.90
0.90
0.90
0.88
0.88
0.81
0.80
0.88
0.87
0.87
0.85
0.86
0.78
0.75
0.68
0.65
0.86
0.85
0.86
0.83
0.84
0.75
0.75
0.85
0.85
0.85
0.83
0.85
0.84
0.84
0.83
0.83
0.76
0.87
0.87
0.85
0.86
0.83
0.90
0.85
0.84
0.83
0.82
0.80
0.78
0.75
0.75
0.74
0.73
0.71
0.82
0.81
0.81
0.77
0.77
0.67
0.74
0.73
0.73
0.69
0.69
0.65
0.63
0.56
0.51
0.77
0.75
0.76
0.71
0.68
0.68
0.66
0.53
0.47
0.43
0.64
0.83
0.84
0.84
0.80
0.81
0.70
0.84
0.85
0.83
0.83
0.79
0.89
0.83
0.83
0.83
0.82
0.81
0.79
0.81
0.80
0.80
0.77
0.77
0.71
0.71
0.78
0.80
0.81
0.77
0.80
0.75
0.74
