0.89
0.89
0.88
0.87
0.86
0.78
0.81
0.87
0.86
0.84
0.85
0.80
0.85
0.83
0.83
0.75
0.72
0.73
0.68
0.66
0.62
0.71
0.70
0.70
0.64
0.65
0.59
0.55
0.56
0.63
0.63
0.64
0.56
0.59
0.52
0.45
0.52
0.64
0.67
0.67
0.56
0.63
0.41
0.41
0.72
0.72
0.73
0.67
0.70
0.63
0.59
0.62
0.81
0.81
0.81
0.79
0.78
0.79
0.76
0.77
0.80
0.80
0.80
0.77
0.77
0.74
0.72
0.84
0.85
0.85
0.82
0.83
0.74
0.70
0.60
0.67
0.87
0.88
0.89
0.88
0.91
0.92
0.92
0.91
0.90
0.88
0.87
0.92
0.92
0.92
0.90
0.91
0.80
0.76
0.69
0.53
0.48
0.69
0.92
0.93
0.93
0.91
0.93
0.78
0.80
0.95
0.95
0.95
0.95
0.94
0.93
0.92
0.90
0.95
0.95
0.95
0.94
0.94
0.92
0.88
0.88
0.88
0.88
0.82
0.87
0.95
0.95
0.94
0.94
0.93
0.89
0.90
0.92
0.92
0.91
0.90
0.90
0.77
0.76
0.73
0.92
0.91
0.91
0.90
0.90
0.86
0.83
0.84
0.92
0.92
0.91
0.89
0.93
0.93
0.92
0.91
0.91
0.86
0.80
0.80
0.94
0.94
0.94
0.91
0.94
0.77
0.72
0.65
0.59
0.94
0.94
0.94
0.93
0.93
0.82
0.77
0.71
0.64
0.94
0.94
0.92
0.92
0.90
0.84
0.82
0.79
0.91
0.91
0.90
0.88
0.87
0.77
0.90
0.89
0.90
0.88
0.89
0.80
0.89
0.89
0.89
0.88
0.87
0.85
0.81
0.81
0.86
0.85
0.86
0.83
0.85
0.75
0.69
0.73
0.90
0.90
0.90
0.89
0.89
0.86
0.83
0.82
0.82
0.91
0.91
0.91
0.91
0.89
0.89
0.85
0.85
0.91
0.90
0.90
0.89
0.89
0.80
0.80
0.89
0.89
0.89
0.88
0.88
0.82
0.78
0.76
0.73
0.90
0.91
0.91
0.90
0.93
0.93
0.93
0.91
0.92
0.85
0.81
0.78
0.77
0.94
0.94
0.94
0.93
0.93
0.82
0.95
0.95
0.95
0.95
0.94
0.94
0.93
0.93
0.92
0.93
0.90
0.92
0.94
0.94
0.94
0.94
0.94
0.91
0.91
0.94
0.94
0.93
0.93
0.92
0.89
0.92
0.92
0.91
0.90
0.90
0.89
0.89
0.88
0.86
0.78
0.88
0.87
0.87
0.85
0.84
0.75
0.74
0.72
0.86
0.86
0.87
0.84
0.87
0.76
0.72
0.68
0.64
0.89
0.89
0.90
0.88
0.89
0.84
0.83
0.91
0.92
0.91
0.91
0.90
0.91
0.89
0.89
0.90
0.91
0.90
0.91
0.91
0.91
0.89
0.90
0.82
0.77
0.70
0.62
0.91
0.91
0.90
0.89
0.88
0.81
0.78
0.71
0.64
0.89
0.89
0.88
0.88
0.87
0.84
0.78
0.79
0.87
0.87
0.87
0.84
0.85
0.76
0.71
0.68
0.65
0.88
0.89
0.87
0.88
0.85
0.89
0.88
0.88
0.89
0.89
0.84
0.89
