0.67
0.71
0.68
0.59
0.60
0.55
0.62
0.56
0.65
0.68
0.64
0.58
0.58
0.59
0.62
0.65
0.62
0.57
0.58
0.54
0.51
0.54
0.59
0.61
0.57
0.53
0.59
0.62
0.59
0.54
0.57
0.52
0.55
0.51
0.45
0.53
0.56
0.53
0.48
0.50
0.44
0.41
0.45
0.45
0.45
0.43
0.49
0.52
0.49
0.46
0.48
0.44
0.42
0.45
0.49
0.51
0.49
0.46
0.48
0.39
0.40
0.57
0.58
0.57
0.51
0.55
0.47
0.49
0.57
0.50
0.63
0.63
0.64
0.60
0.63
0.58
0.59
0.50
0.40
0.36
0.53
0.68
0.70
0.69
0.63
0.66
0.57
0.59
0.62
0.56
0.75
0.77
0.77
0.71
0.74
0.65
0.64
0.55
0.66
0.78
0.81
0.82
0.75
0.80
0.68
0.68
0.59
0.85
0.88
0.87
0.84
0.86
0.79
0.77
0.75
0.66
0.61
0.74
0.88
0.91
0.90
0.90
0.89
0.90
0.89
0.89
0.90
0.90
0.85
0.89
0.88
0.91
0.91
0.88
0.91
0.85
0.83
0.93
0.93
0.92
0.90
0.90
0.72
0.71
0.95
0.95
0.96
0.94
0.96
0.87
0.85
0.88
0.96
0.96
0.96
0.96
0.95
0.91
0.91
0.96
0.96
0.96
0.96
0.95
0.96
0.95
0.94
0.94
0.94
0.92
0.94
0.96
0.96
0.95
0.95
0.93
0.90
0.92
0.93
0.93
0.92
0.91
0.92
0.91
0.91
0.89
0.89
0.79
0.75
0.69
0.67
0.89
0.89
0.88
0.87
0.85
0.83
0.82
0.80
0.87
0.87
0.85
0.84
0.82
0.77
0.74
0.67
0.72
0.85
0.84
0.83
0.82
0.81
0.80
0.79
0.79
0.76
0.75
0.72
0.68
0.68
0.64
0.61
0.54
0.65
0.73
0.70
0.69
0.66
0.62
0.69
0.70
0.69
0.69
0.69
0.64
0.66
0.61
0.60
0.60
0.56
0.70
0.71
0.71
0.67
0.80
0.80
0.81
0.77
0.80
0.73
0.70
0.64
0.60
0.83
0.84
0.85
0.82
0.84
0.78
0.78
0.86
0.87
0.88
0.86
0.88
0.83
0.89
0.89
0.90
0.88
0.89
0.89
0.90
0.90
0.88
0.89
0.81
0.80
0.78
0.89
0.90
0.90
0.87
0.89
0.93
0.93
0.93
0.93
0.92
0.92
0.90
0.89
0.87
0.94
0.95
0.95
0.93
0.95
0.83
0.82
0.79
0.95
0.95
0.95
0.94
0.94
0.89
0.86
0.85
0.87
0.95
0.95
0.94
0.93
0.91
0.77
0.77
0.91
0.90
0.88
0.87
0.84
0.82
0.81
0.82
0.91
0.91
0.92
0.91
0.95
0.95
0.95
0.93
0.95
0.83
0.79
0.81
0.79
0.95
0.95
0.96
0.94
0.95
0.87
0.80
0.80
0.96
0.96
0.97
0.95
0.96
0.86
0.83
0.73
0.97
0.97
0.96
0.97
0.96
0.96
0.95
0.94
0.96
0.96
0.96
0.95
0.96
0.91
0.93
0.95
0.95
0.94
0.93
0.93
0.86
0.80
0.81
0.79
0.94
0.94
0.94
0.93
0.93
0.90
0.87
0.87
0.95
0.96
0.96
0.96
0.96
0.96
0.94
0.95
0.92
0.93
0.90
0.90
0.95
0.94
0.94
0.93
0.92
0.87
0.84
0.85
0.83
0.93
0.92
0.92
0.91
0.95
0.95
0.93
0.94
0.90
0.94
0.92
0.92
