0.94
0.94
0.94
0.93
0.94
0.89
0.88
0.95
0.95
0.95
0.93
0.94
0.80
0.74
0.72
0.68
0.95
0.95
0.95
0.94
0.94
0.93
0.91
0.91
0.90
0.90
0.89
0.93
0.93
0.93
0.92
0.93
0.83
0.77
0.69
0.75
0.94
0.94
0.94
0.93
0.94
0.95
0.95
0.95
0.93
0.94
0.81
0.75
0.65
0.73
0.94
0.94
0.94
0.94
0.94
0.93
0.91
0.90
0.90
0.90
0.89
0.93
0.93
0.93
0.92
0.93
0.94
0.94
0.94
0.94
0.94
0.89
0.84
0.86
0.95
0.95
0.95
0.94
0.94
0.91
0.85
0.84
0.94
0.94
0.94
0.94
0.93
0.91
0.87
0.87
0.94
0.94
0.93
0.93
0.92
0.87
0.83
0.78
0.73
0.93
0.93
0.92
0.92
0.91
0.90
0.88
0.88
0.93
0.93
0.92
0.91
0.91
0.86
0.79
0.80
0.79
0.79
0.57
0.78
0.93
0.93
0.93
0.92
0.91
0.93
0.93
0.93
0.91
0.94
0.94
0.93
0.92
0.92
0.87
0.83
0.80
0.72
0.69
0.79
0.94
0.94
0.94
0.93
0.93
0.91
0.89
0.95
0.95
0.95
0.94
0.94
0.87
0.88
0.95
0.95
0.95
0.94
0.95
0.96
0.96
0.96
0.96
0.95
0.93
0.86
0.86
0.96
0.96
0.96
0.95
0.96
0.83
0.83
0.96
0.96
0.96
0.96
0.96
0.93
0.90
0.86
0.80
0.96
0.96
0.94
0.95
0.92
0.94
0.93
0.92
0.92
0.89
0.90
0.77
0.74
0.63
0.69
0.94
0.94
0.94
0.93
0.93
0.88
0.84
0.84
0.93
0.93
0.92
0.91
0.90
0.77
0.76
0.74
0.93
0.93
0.92
0.92
0.90
0.88
0.89
0.90
0.90
0.89
0.88
0.87
0.88
0.88
0.88
0.87
0.91
0.91
0.91
0.90
0.90
0.85
0.86
0.93
0.93
0.93
0.92
0.92
0.84
0.80
0.76
0.62
0.56
0.74
0.94
0.95
0.95
0.94
0.94
0.91
0.91
0.96
0.96
0.96
0.95
0.96
0.91
0.91
0.96
0.96
0.96
0.96
0.96
0.94
0.91
0.90
0.97
0.97
0.97
0.97
0.97
0.96
0.95
0.95
0.94
0.94
0.91
0.93
0.97
0.97
0.97
0.97
0.97
0.95
0.91
0.90
0.97
0.97
0.97
0.97
0.96
0.96
0.94
0.92
0.88
0.96
0.96
0.96
0.96
0.95
0.95
0.94
0.93
0.90
0.89
0.92
0.95
0.95
0.95
0.95
0.94
0.94
0.92
0.90
0.91
0.94
0.94
0.93
0.93
0.92
0.93
0.91
0.91
0.94
0.94
0.93
0.93
0.92
0.92
0.89
0.89
0.94
0.93
0.93
0.93
0.92
0.90
0.85
0.85
0.90
0.89
0.87
0.88
0.83
0.82
0.75
0.72
0.76
0.73
0.89
0.89
0.88
0.86
0.90
0.91
0.90
0.89
0.91
0.92
0.92
0.90
0.91
0.93
0.93
0.93
0.92
0.92
0.89
0.82
0.81
0.83
0.82
0.92
0.92
0.93
0.91
0.92
0.86
0.82
0.75
0.68
0.93
0.93
0.93
0.93
0.93
0.90
0.90
0.93
0.93
0.93
0.92
0.92
0.89
0.84
0.85
0.93
0.93
0.93
0.91
0.92
0.81
0.75
0.65
0.71
