0.95
0.95
0.95
0.94
0.94
0.90
0.85
0.82
0.85
0.94
0.94
0.94
0.93
0.93
0.91
0.88
0.89
0.92
0.92
0.91
0.91
0.90
0.89
0.87
0.82
0.77
0.91
0.92
0.92
0.91
0.91
0.89
0.85
0.86
0.87
0.89
0.88
0.85
0.87
0.87
0.93
0.93
0.93
0.92
0.92
0.89
0.88
0.93
0.93
0.93
0.93
0.91
0.90
0.90
0.88
0.91
0.90
0.90
0.90
0.89
0.87
0.87
0.86
0.85
0.83
0.82
0.81
0.81
0.78
0.82
0.82
0.80
0.76
0.75
0.76
0.74
0.73
0.70
0.67
0.67
0.70
0.69
0.70
0.66
0.67
0.59
0.56
0.58
0.55
0.55
0.54
0.55
0.49
0.52
0.46
0.47
0.46
0.47
0.45
0.48
0.48
0.48
0.45
0.47
0.42
0.37
0.44
0.54
0.53
0.54
0.47
0.50
0.39
0.36
0.66
0.65
0.67
0.62
0.64
0.56
0.58
0.78
0.78
0.78
0.76
0.77
0.72
0.70
0.70
0.82
0.82
0.82
0.81
0.82
0.81
0.80
0.79
0.84
0.85
0.86
0.85
0.89
0.89
0.89
0.89
0.89
0.90
0.91
0.91
0.91
0.90
0.90
0.88
0.87
0.86
0.91
0.91
0.91
0.89
0.90
0.86
0.82
0.83
0.82
0.80
0.92
0.92
0.92
0.91
0.92
0.92
0.92
0.92
0.91
0.92
0.87
0.82
0.82
0.81
0.80
0.92
0.92
0.92
0.91
0.91
0.90
0.87
0.87
0.87
0.88
0.82
0.86
0.92
0.92
0.92
0.90
0.91
0.80
0.75
0.66
0.58
0.93
0.93
0.93
0.92
0.93
0.88
0.86
0.86
0.93
0.94
0.93
0.93
0.93
0.93
0.91
0.91
0.91
0.91
0.91
0.93
0.92
0.92
0.92
0.90
0.86
0.86
0.92
0.91
0.91
0.90
0.89
0.85
0.82
0.80
0.79
0.89
0.89
0.87
0.83
0.89
0.87
0.84
0.83
0.78
0.76
0.73
0.69
0.64
0.88
0.88
0.88
0.85
0.90
0.90
0.90
0.89
0.88
0.84
0.83
0.80
0.89
0.89
0.89
0.89
0.89
0.89
0.88
0.88
0.87
0.87
0.87
0.90
0.89
0.89
0.88
0.88
0.85
0.83
0.84
0.89
0.89
0.89
0.88
0.88
0.87
0.89
0.89
0.88
0.88
0.87
0.86
0.84
0.82
0.81
0.86
0.86
0.86
0.85
0.85
0.81
0.79
0.80
0.86
0.86
0.86
0.85
0.85
0.84
0.83
0.81
0.79
0.86
0.86
0.85
0.85
0.84
0.86
0.85
0.85
0.84
0.84
0.82
0.84
0.83
0.83
0.82
0.82
0.82
0.80
0.80
0.81
0.80
0.80
0.79
0.79
0.76
0.73
0.72
0.82
0.81
0.81
0.81
0.80
0.82
0.80
0.81
0.79
0.79
0.78
0.75
0.81
0.81
0.80
0.80
0.78
0.79
0.77
0.78
0.77
0.77
0.76
0.74
0.75
0.75
0.76
0.75
0.75
0.74
0.73
0.70
0.68
0.62
0.60
0.56
0.63
0.73
0.72
0.73
0.71
0.70
0.68
0.66
0.67
0.71
0.70
0.71
0.69
0.67
0.65
0.63
0.63
0.61
0.62
0.61
0.61
