0.42
0.45
0.44
0.40
0.44
0.40
0.32
0.36
0.49
0.50
0.49
0.45
0.47
0.46
0.48
0.49
0.48
0.44
0.47
0.42
0.39
0.41
0.38
0.41
0.30
0.38
0.49
0.50
0.49
0.44
0.47
0.41
0.46
0.34
0.33
0.59
0.57
0.59
0.53
0.56
0.51
0.53
0.53
0.47
0.69
0.69
0.71
0.64
0.69
0.59
0.58
0.47
0.39
0.82
0.83
0.83
0.81
0.82
0.75
0.88
0.88
0.89
0.87
0.88
0.81
0.80
0.91
0.92
0.92
0.91
0.92
0.87
0.85
0.81
0.65
0.64
0.80
0.93
0.94
0.94
0.93
0.94
0.90
0.90
0.88
0.95
0.95
0.95
0.95
0.94
0.94
0.94
0.94
0.94
0.94
0.88
0.88
0.94
0.94
0.93
0.94
0.91
0.93
0.91
0.91
0.91
0.91
0.82
0.91
0.90
0.90
0.90
0.88
0.87
0.87
0.87
0.85
0.86
0.77
0.79
0.90
0.90
0.90
0.89
0.89
0.88
0.85
0.85
0.91
0.91
0.91
0.90
0.90
0.87
0.85
0.83
0.75
0.74
0.81
0.91
0.91
0.90
0.89
0.88
0.82
0.77
0.70
0.64
0.87
0.86
0.86
0.84
0.86
0.86
0.86
0.85
0.84
0.84
0.82
0.77
0.75
0.83
0.83
0.83
0.81
0.81
0.77
0.76
0.85
0.85
0.86
0.84
0.85
0.80
0.76
0.76
0.90
0.91
0.90
0.90
0.89
0.88
0.86
0.86
0.86
0.87
0.88
0.89
0.88
0.85
0.85
0.72
0.64
0.66
0.62
0.69
0.76
0.70
0.75
0.68
0.87
0.87
0.87
0.86
0.86
0.83
0.79
0.79
0.80
0.80
0.76
0.77
0.91
0.91
0.90
0.90
0.88
0.89
0.85
0.85
0.89
0.88
0.87
0.85
0.84
0.76
0.73
0.65
0.59
0.87
0.86
0.87
0.86
0.91
0.91
0.91
0.90
0.90
0.92
0.92
0.93
0.91
0.92
0.87
0.84
0.79
0.73
0.94
0.95
0.95
0.94
0.94
0.93
0.92
0.92
0.92
0.92
0.91
0.95
0.95
0.95
0.95
0.94
0.93
0.89
0.88
0.95
0.95
0.96
0.95
0.96
0.96
0.96
0.95
0.96
0.89
0.85
0.84
0.84
0.96
0.96
0.96
0.96
0.96
0.95
0.93
0.92
0.96
0.96
0.96
0.96
0.95
0.93
0.85
0.86
0.88
0.82
0.87
0.84
0.85
0.83
0.96
0.96
0.96
0.95
0.95
0.84
0.84
0.77
0.95
0.95
0.95
0.94
0.95
0.85
0.81
0.78
0.76
0.95
0.95
0.95
0.95
0.96
0.96
0.95
0.95
0.95
0.94
0.92
0.91
0.92
0.91
0.88
0.91
0.94
0.94
0.94
0.93
0.94
0.88
0.84
0.80
0.82
0.94
0.94
0.93
0.93
0.92
0.92
0.89
0.89
0.91
0.91
0.91
0.91
0.90
0.90
0.89
0.88
0.88
0.88
0.85
0.87
0.88
0.88
0.87
0.86
0.85
0.83
0.79
0.80
0.80
0.81
0.78
0.86
0.85
0.83
0.83
0.78
0.80
0.76
0.73
0.71
0.81
0.81
0.82
0.79
0.80
0.73
0.68
0.69
0.64
0.65
0.50
0.62
0.84
0.84
0.85
0.83
0.85
0.79
0.75
0.75
0.89
0.89
0.89
0.88
0.89
0.85
0.84
0.90
0.91
0.91
0.89
0.90
0.85
0.78
0.79
0.80
0.81
0.68
0.79
0.93
0.94
0.94
0.93
0.93
0.94
0.94
0.94
0.93
0.94
0.87
0.87
0.94
0.94
0.94
0.93
0.93
0.86
0.83
0.76
0.70
0.94
0.94
0.94
0.93
0.94
0.93
0.93
0.91
0.91
0.79
0.75
0.68
0.62
0.94
0.94
0.94
0.93
0.95
0.95
0.95
0.94
0.94
0.84
0.80
0.74
0.68
0.96
0.96
0.96
0.96
0.96
0.93
0.88
0.88
0.95
0.96
0.96
0.95
0.95
0.90
0.86
0.81
0.72
