0.81
0.81
0.78
0.77
0.74
0.70
0.65
0.71
0.80
0.79
0.75
0.75
0.69
0.70
0.67
0.67
0.73
0.73
0.72
0.68
0.69
0.61
0.65
0.65
0.66
0.61
0.65
0.54
0.54
0.65
0.66
0.68
0.63
0.69
0.61
0.62
0.65
0.67
0.66
0.64
0.67
0.67
0.65
0.58
0.60
0.51
0.53
0.60
0.53
0.73
0.74
0.74
0.67
0.71
0.61
0.62
0.51
0.77
0.78
0.77
0.75
0.75
0.75
0.71
0.76
0.78
0.79
0.75
0.78
0.75
0.72
0.74
0.72
0.75
0.66
0.78
0.80
0.80
0.77
0.79
0.76
0.75
0.79
0.81
0.81
0.78
0.80
0.74
0.80
0.81
0.80
0.79
0.78
0.79
0.78
0.81
0.81
0.79
0.79
0.77
0.76
0.73
0.73
0.81
0.80
0.80
0.79
0.78
0.76
0.77
0.79
0.79
0.79
0.77
0.76
0.75
0.73
0.69
0.71
0.69
0.70
0.65
0.77
0.75
0.73
0.73
0.70
0.73
0.71
0.73
0.73
0.71
0.69
0.73
0.73
0.72
0.70
0.69
0.64
0.63
0.63
0.58
0.71
0.70
0.69
0.64
0.64
0.60
0.59
0.41
0.31
0.28
0.51
0.70
0.68
0.70
0.65
0.76
0.77
0.78
0.73
0.76
0.67
0.65
0.57
0.52
0.87
0.88
0.88
0.86
0.88
0.81
0.80
0.91
0.91
0.92
0.91
0.92
0.87
0.89
0.91
0.92
0.93
0.92
0.94
0.89
0.88
0.95
0.95
0.95
0.95
0.94
0.93
0.91
0.91
0.96
0.96
0.97
0.95
0.96
0.75
0.74
0.96
0.96
0.96
0.95
0.95
0.90
0.86
0.86
0.80
0.77
0.82
0.96
0.96
0.95
0.96
0.93
0.92
0.96
0.95
0.95
0.94
0.94
0.88
0.84
0.84
0.79
0.74
0.78
0.94
0.93
0.91
0.92
0.89
0.90
0.87
0.87
0.91
0.91
0.90
0.86
0.87
0.76
0.71
0.65
0.74
0.93
0.93
0.91
0.92
0.89
0.91
0.88
0.87
0.92
0.93
0.94
0.92
0.94
0.90
0.90
0.93
0.93
0.93
0.90
0.90
0.82
0.76
0.73
0.92
0.93
0.93
0.93
0.94
0.94
0.94
0.94
0.94
0.91
0.90
0.96
0.96
0.96
0.95
0.96
0.93
0.91
0.90
0.86
0.85
0.88
0.96
0.97
0.97
0.96
0.96
0.93
0.93
0.97
0.98
0.97
0.97
0.96
0.95
0.92
0.92
0.93
0.93
0.93
0.92
0.92
0.92
0.97
0.97
0.97
0.97
0.96
0.96
0.95
0.95
0.97
0.97
0.97
0.97
0.96
0.96
0.94
0.93
0.90
0.96
0.96
0.95
0.95
0.93
0.94
0.90
0.90
0.95
0.95
0.94
0.95
0.93
0.95
0.94
0.92
0.93
0.93
0.93
0.91
0.91
0.86
0.81
0.74
0.76
0.75
0.76
0.82
0.79
0.81
0.79
0.92
0.91
0.90
0.90
0.88
0.88
0.84
0.84
0.84
0.85
0.75
0.82
0.91
0.91
0.91
0.91
0.90
0.89
0.89
0.88
0.90
0.90
0.89
0.88
0.88
0.86
0.84
0.90
0.90
0.90
0.90
0.89
0.88
0.86
0.86
0.85
0.86
0.84
0.93
0.93
0.92
0.93
0.91
0.91
0.93
0.93
0.93
0.92
0.92
0.88
0.84
0.84
0.94
0.95
0.95
0.94
0.94
0.91
0.95
0.95
0.95
0.94
0.94
0.84
0.82
0.95
0.95
0.95
0.94
0.94
0.94
0.92
0.90
0.89
0.94
0.94
0.93
0.93
0.93
0.92
0.91
0.91
0.92
0.92
0.92
0.92
0.92
0.92
0.90
0.90
0.86
0.85
0.89
