0.98
0.98
0.98
0.97
0.97
0.95
0.90
0.90
0.98
0.98
0.97
0.97
0.97
0.97
0.96
0.95
0.97
0.97
0.97
0.97
0.96
0.94
0.91
0.92
0.90
0.97
0.97
0.97
0.97
0.96
0.95
0.94
0.93
0.98
0.98
0.98
0.96
0.97
0.85
0.78
0.76
0.68
0.61
0.72
0.98
0.98
0.98
0.98
0.98
0.96
0.96
0.96
0.98
0.98
0.98
0.98
0.98
0.93
0.85
0.85
0.98
0.98
0.98
0.98
0.98
0.98
0.98
0.98
0.98
0.98
0.98
0.98
0.97
0.96
0.96
0.98
0.98
0.98
0.97
0.97
0.90
0.86
0.76
0.98
0.98
0.98
0.98
0.98
0.95
0.91
0.88
0.91
0.98
0.98
0.98
0.98
0.99
0.99
0.99
0.99
0.99
0.98
0.96
0.92
0.99
0.99
0.99
0.99
0.99
0.98
0.96
0.95
0.96
0.99
0.99
0.99
0.99
0.99
0.99
0.98
0.98
0.99
0.99
0.99
0.98
0.99
0.97
0.97
0.98
0.98
0.98
0.97
0.98
0.98
0.98
0.98
0.98
0.97
0.96
0.96
0.95
0.95
0.93
0.94
0.97
0.96
0.96
0.96
0.96
0.95
0.96
0.96
0.96
0.93
0.95
0.89
0.93
0.93
0.91
0.92
0.89
0.88
0.91
0.89
0.89
0.86
0.83
0.90
0.89
0.87
0.85
0.82
0.75
0.79
0.83
0.88
0.91
0.84
0.92
0.83
0.83
0.89
0.92
0.92
0.90
0.92
0.88
0.88
0.93
0.95
0.96
0.92
0.96
0.83
0.84
0.95
0.96
0.95
0.95
0.94
0.88
0.87
0.84
0.97
0.96
0.95
0.95
0.94
0.89
0.83
0.84
0.86
0.95
0.95
0.93
0.92
0.91
0.85
0.82
0.81
0.83
0.93
0.93
0.93
0.93
0.94
0.95
0.95
0.94
0.95
0.96
0.96
0.97
0.95
0.97
0.87
0.87
0.87
0.98
0.98
0.98
0.98
0.98
0.97
0.97
0.98
0.98
0.99
0.98
0.98
0.98
0.98
0.98
0.98
0.98
0.98
0.97
0.98
0.98
0.98
0.98
0.98
0.98
0.98
0.97
0.98
0.97
0.97
0.97
0.97
0.90
0.91
0.97
0.97
0.96
0.96
0.94
0.92
0.92
0.89
0.94
0.93
0.93
0.91
0.92
0.86
0.89
0.93
0.91
0.88
0.88
0.83
0.83
0.82
0.80
0.89
0.89
0.90
0.86
0.89
0.81
0.76
0.90
0.91
0.91
0.87
0.89
0.77
0.70
0.72
0.93
0.93
0.94
0.93
0.93
0.91
0.93
0.85
