0.87
0.88
0.88
0.85
0.87
0.77
0.73
0.79
0.88
0.88
0.88
0.87
0.86
0.86
0.84
0.85
0.85
0.85
0.83
0.91
0.91
0.91
0.89
0.91
0.82
0.79
0.74
0.69
0.91
0.91
0.90
0.90
0.88
0.88
0.83
0.84
0.85
0.86
0.71
0.84
0.92
0.92
0.92
0.90
0.90
0.78
0.69
0.70
0.89
0.89
0.88
0.84
0.87
0.87
0.87
0.84
0.85
0.85
0.85
0.83
0.83
0.73
0.73
0.84
0.84
0.83
0.82
0.80
0.81
0.81
0.80
0.77
0.77
0.71
0.68
0.62
0.56
0.82
0.83
0.84
0.79
0.83
0.71
0.70
0.63
0.57
0.85
0.86
0.85
0.82
0.82
0.72
0.86
0.87
0.87
0.85
0.85
0.81
0.79
0.89
0.89
0.89
0.87
0.88
0.75
0.75
0.72
0.90
0.90
0.90
0.88
0.88
0.81
0.80
0.75
0.63
0.61
0.73
0.90
0.90
0.90
0.89
0.89
0.86
0.85
0.82
0.90
0.90
0.90
0.88
0.90
0.90
0.91
0.90
0.88
0.88
0.72
0.71
0.90
0.90
0.89
0.89
0.87
0.87
0.86
0.91
0.91
0.91
0.88
0.90
0.78
0.75
0.72
0.70
0.90
0.90
0.89
0.89
0.87
0.83
0.87
0.93
0.93
0.93
0.90
0.92
0.77
0.69
0.65
0.93
0.93
0.93
0.92
0.92
0.86
0.81
0.80
0.82
0.84
0.93
0.94
0.92
0.93
0.91
0.90
0.84
0.86
0.89
0.86
0.86
0.84
0.85
0.85
0.92
0.93
0.92
0.92
0.91
0.88
0.84
0.84
0.85
0.87
0.91
0.91
0.91
0.90
0.89
0.87
0.82
0.82
0.88
0.88
0.88
0.86
0.86
0.74
0.74
0.72
0.86
0.86
0.84
0.84
0.81
0.80
0.79
0.78
0.80
0.79
0.79
0.78
0.76
0.75
0.71
0.71
0.73
0.71
0.72
0.69
0.67
0.60
0.58
0.60
0.53
0.56
0.49
0.51
0.51
0.43
0.50
0.49
0.51
0.48
0.47
0.48
0.48
0.42
0.45
0.40
0.37
0.37
0.34
0.34
0.51
0.50
0.51
0.46
0.49
0.43
0.56
0.54
0.56
0.53
0.60
0.59
0.60
0.57
0.58
0.54
0.50
0.51
0.66
0.66
0.67
0.62
0.64
0.71
0.74
0.74
0.68
0.72
0.60
0.61
0.62
0.56
0.77
0.79
0.80
0.76
0.78
0.69
0.81
0.85
0.84
0.80
0.83
0.60
0.80
0.84
0.80
0.78
0.77
0.63
0.60
0.86
0.87
0.86
0.83
0.84
0.70
0.67
0.63
0.56
0.81
0.84
0.77
0.77
0.72
0.67
0.72
0.60
0.85
0.85
0.82
0.82
0.78
0.77
0.72
0.73
0.78
0.78
0.77
0.74
0.74
0.70
0.68
0.72
0.72
0.71
0.69
0.68
0.66
0.66
0.65
0.61
0.62
0.58
0.58
0.47
0.58
0.62
0.62
0.62
0.58
0.59
0.54
0.56
0.58
0.59
0.59
0.55
0.57
0.54
0.55
0.44
0.54
0.56
0.56
0.57
0.52
0.54
0.61
0.61
0.61
0.57
0.59
0.49
0.54
0.61
0.61
0.61
0.57
0.59
0.54
0.49
0.51
0.67
0.67
0.67
0.62
0.63
0.53
0.63
0.68
0.69
0.68
0.64
0.65
0.61
0.61
0.48
0.34
0.29
0.50
