0.80
0.87
0.86
0.76
0.73
0.68
0.81
0.76
0.84
0.88
0.77
0.79
0.65
0.70
0.66
0.70
0.76
0.80
0.76
0.81
0.87
0.82
0.74
0.80
0.85
0.79
0.70
0.76
0.83
0.76
0.72
0.69
0.57
0.47
0.60
0.77
0.83
0.74
0.74
0.66
0.64
0.56
0.79
0.79
0.66
0.75
0.65
0.60
0.59
0.49
0.63
0.52
0.53
0.64
0.53
0.50
0.49
0.39
0.34
0.62
0.70
0.61
0.59
0.58
0.50
0.49
0.53
0.52
0.57
0.64
0.62
0.55
0.61
0.62
0.67
0.66
0.60
0.65
0.68
0.72
0.70
0.65
0.69
0.59
0.59
0.68
0.62
0.71
0.74
0.75
0.69
0.73
0.67
0.68
0.78
0.79
0.80
0.75
0.80
0.70
0.68
0.63
0.61
0.86
0.87
0.87
0.84
0.85
0.79
0.78
0.89
0.90
0.90
0.89
0.88
0.86
0.83
0.83
0.83
0.83
0.74
0.81
0.91
0.91
0.91
0.89
0.90
0.81
0.77
0.71
0.76
0.92
0.92
0.91
0.92
0.90
0.92
0.91
0.91
0.91
0.91
0.91
0.90
0.90
0.90
0.89
0.89
0.84
0.81
0.83
0.90
0.90
0.89
0.90
0.88
0.90
0.89
0.89
0.89
0.89
0.89
0.88
0.88
0.88
0.86
0.85
0.85
0.83
0.82
0.80
0.79
0.81
0.81
0.82
0.80
0.80
0.80
0.81
0.77
0.79
0.71
0.81
0.82
0.82
0.79
0.80
0.76
0.80
0.68
0.81
0.82
0.83
0.79
0.82
0.71
0.68
0.65
0.62
0.81
0.82
0.83
0.80
0.82
0.79
0.79
0.85
0.85
0.85
0.84
0.88
0.89
0.89
0.88
0.88
0.86
0.83
0.83
0.84
0.84
0.77
0.82
0.90
0.90
0.91
0.90
0.90
0.88
0.87
0.85
0.90
0.90
0.91
0.90
0.92
0.92
0.92
0.92
0.91
0.90
0.89
0.93
0.92
0.93
0.90
0.92
0.81
0.76
0.73
0.61
0.56
0.69
0.91
0.91
0.91
0.91
0.90
0.92
0.92
0.92
0.91
0.91
0.89
0.92
0.93
0.92
0.92
0.90
0.90
0.88
0.88
0.93
0.93
0.93
0.92
0.92
0.89
0.87
0.85
0.78
0.76
0.81
0.92
0.92
0.91
0.91
0.90
0.89
0.86
0.86
0.87
0.87
0.81
0.86
0.90
0.91
0.91
0.88
0.90
0.82
0.80
0.81
0.90
0.90
0.90
0.87
0.88
0.76
0.73
0.69
0.60
0.54
0.66
0.90
0.90
0.89
0.89
0.88
0.80
0.92
0.91
0.91
0.88
0.90
0.78
0.73
0.66
0.63
0.91
0.92
0.92
0.90
0.93
0.94
0.93
0.93
0.93
0.92
0.90
0.90
0.90
0.90
0.87
0.89
0.93
0.93
0.92
0.91
0.91
0.91
0.91
0.91
0.89
0.91
0.89
0.89
0.89
0.89
0.89
0.89
0.88
0.88
0.86
0.86
0.79
0.74
0.64
0.70
0.85
0.86
0.86
0.84
0.85
0.78
0.80
0.89
0.89
0.89
0.88
0.87
0.87
0.87
0.86
0.86
0.86
0.85
0.83
0.82
0.78
0.76
0.72
0.84
0.84
0.84
0.83
0.83
0.80
0.78
0.77
0.87
0.87
0.87
0.86
0.86
0.85
0.86
0.77
0.88
0.88
0.89
0.86
0.88
0.79
0.76
0.71
0.56
0.52
0.69
0.89
0.89
0.88
0.88
0.86
0.88
0.87
0.87
0.87
0.86
0.86
0.85
0.84
0.82
0.81
