98.64
98.64
98.64
98.64
98.64
98.64
98.70
98.70
98.70
98.70
98.70
98.70
98.70
98.36
98.36
98.36
98.36
98.36
98.36
98.36
98.36
98.43
98.43
98.43
98.43
98.43
98.43
98.43
97.64
97.64
97.64
97.64
97.64
97.64
97.64
97.64
97.64
97.64
96.70
96.70
96.70
96.70
96.70
96.70
96.70
96.70
96.70
96.70
96.70
97.41
97.41
97.41
97.41
97.41
97.41
97.41
97.41
98.15
98.15
98.15
98.15
98.15
98.15
98.15
97.21
97.21
97.21
97.21
97.21
97.21
97.21
97.21
95.67
95.67
95.67
95.67
95.67
95.67
95.67
95.67
95.67
95.67
97.62
97.62
97.62
97.62
97.62
97.62
97.62
97.62
97.62
97.62
97.62
97.62
96.63
96.63
96.63
96.63
96.63
96.63
92.93
92.93
92.93
92.93
93.14
93.14
93.14
93.14
93.14
93.14
93.14
93.14
93.14
93.14
88.88
88.88
88.88
88.88
88.88
88.88
88.88
88.88
88.88
86.61
86.61
86.61
86.61
86.61
84.48
84.48
84.48
84.48
84.48
84.48
84.48
