97.93
97.93
97.93
97.93
97.93
97.93
97.93
97.93
97.93
97.93
97.93
97.38
97.38
97.38
97.38
97.38
97.38
97.38
96.71
96.71
96.71
96.71
98.02
98.02
98.02
98.02
98.02
98.02
98.02
98.02
98.02
98.34
98.34
98.34
98.34
98.34
98.34
98.34
98.34
98.23
98.23
98.23
98.23
98.23
98.23
98.23
98.23
98.23
98.71
98.71
98.71
98.71
98.71
98.71
98.71
98.71
98.71
98.71
98.71
98.71
98.82
98.82
98.82
98.82
98.82
98.82
98.82
98.82
98.82
98.82
98.82
98.82
98.82
98.82
98.79
98.79
98.79
98.79
98.79
98.79
98.79
98.79
98.79
98.79
98.62
98.62
98.62
98.62
98.62
98.62
98.62
98.62
98.62
98.62
98.62
98.82
98.82
98.82
98.82
98.82
98.82
98.82
98.82
98.82
98.82
98.82
98.82
98.85
98.85
98.85
98.85
98.85
98.85
98.85
98.85
98.85
98.85
98.85
98.85
98.85
98.85
98.77
98.77
98.77
98.77
98.77
98.77
98.77
98.63
98.63
98.63
98.63
98.63
98.63
98.63
98.63
98.63
98.74
98.74
98.74
98.74
98.74
98.74
98.74
98.74
98.74
98.80
98.80
98.80
98.80
98.80
98.80
98.80
98.80
98.80
98.80
98.80
98.59
98.59
98.59
98.59
98.59
98.59
98.59
98.59
98.61
98.61
98.61
98.61
98.61
98.61
98.61
98.61
98.61
98.76
98.76
98.76
98.76
98.76
98.76
98.76
98.76
98.76
98.76
98.76
98.76
98.76
98.76
98.76
98.76
98.76
98.76
98.76
98.76
98.76
98.76
98.76
98.76
98.76
98.76
98.76
98.76
98.56
98.56
98.56
98.56
98.56
98.56
98.56
98.56
98.56
98.42
98.42
98.42
98.42
98.42
98.42
98.42
98.42
98.42
98.48
98.48
98.48
98.48
98.48
98.48
98.48
98.48
97.42
97.42
97.42
97.42
98.09
98.09
98.09
98.09
98.09
98.09
98.09
98.09
97.37
97.37
97.37
97.37
97.37
97.37
97.85
97.85
97.85
97.85
97.85
97.85
97.85
97.85
97.85
97.85
97.85
