98.64
98.64
98.64
98.64
98.64
98.64
98.64
98.77
98.77
98.77
98.77
98.77
98.77
98.77
98.77
98.68
98.68
98.68
98.68
98.68
98.68
98.68
98.64
98.64
98.64
98.64
98.64
98.64
98.64
98.64
98.64
98.64
98.64
98.05
98.05
98.05
98.05
98.05
98.05
98.05
98.05
98.11
98.11
98.11
98.11
98.11
98.11
98.11
96.45
96.45
96.45
96.45
96.45
96.45
96.45
96.45
96.45
96.45
96.45
95.09
95.09
95.09
95.09
95.09
95.09
95.09
95.09
95.09
96.20
96.20
96.20
96.20
97.35
97.35
97.35
97.35
97.35
97.35
97.35
97.35
97.23
97.23
97.23
97.23
97.23
97.23
97.23
98.20
98.20
98.20
98.20
98.20
98.20
98.20
98.20
98.20
98.15
98.15
98.15
98.15
98.15
98.15
98.15
98.15
98.15
98.79
98.79
98.79
98.79
98.79
98.79
98.79
98.79
98.33
98.33
98.33
98.33
98.33
98.33
98.33
98.33
98.33
98.33
98.52
98.52
98.52
98.52
98.52
98.52
98.52
98.52
98.80
98.80
98.80
98.80
98.80
98.80
98.80
98.80
98.80
98.80
98.80
98.80
98.80
98.80
98.45
98.45
98.45
98.45
98.45
98.45
98.45
98.45
98.82
98.82
98.82
98.82
98.82
98.82
98.82
98.82
98.76
98.76
98.76
98.76
98.76
98.76
98.76
98.76
98.32
98.32
98.32
98.32
98.32
98.32
98.32
98.32
98.53
98.53
98.53
98.53
98.53
98.53
98.53
98.53
98.53
97.30
97.30
97.30
97.30
97.30
97.30
97.30
96.61
96.61
96.61
96.61
98.50
98.50
98.50
98.50
98.50
98.50
98.50
98.44
98.44
98.44
98.44
98.44
98.44
98.67
98.67
98.67
98.67
98.67
98.67
98.67
98.65
98.65
98.65
98.65
98.65
98.65
98.65
98.65
98.55
98.55
98.55
98.55
98.55
98.55
98.55
98.19
98.19
98.19
98.19
98.19
98.19
98.19
97.56
97.56
97.56
97.56
97.56
97.56
97.56
97.56
98.00
98.00
98.00
98.00
98.00
98.00
98.00
96.22
96.22
96.22
96.22
96.22
96.22
96.22
96.22
96.22
97.02
97.02
97.02
97.02
97.02
97.02
98.24
98.24
98.24
98.24
98.24
98.24
97.79
97.79
97.79
97.79
97.18
97.18
97.18
97.18
98.41
98.41
98.41
98.41
98.41
98.72
98.72
98.72
98.72
98.72
98.72
98.72
98.72
98.72
98.72
98.72
98.83
98.83
98.83
98.83
98.83
98.83
98.83
98.83
98.83
98.83
98.83
98.83
98.83
98.83
98.74
98.74
98.74
98.74
98.74
98.74
98.74
98.74
98.81
98.81
98.81
98.81
98.81
98.81
98.81
98.81
98.81
98.81
98.81
98.81
98.86
98.86
98.86
98.86
98.86
98.86
98.86
98.86
98.87
98.87
98.87
98.87
98.87
