98.78
98.78
98.78
98.78
98.78
98.78
98.78
98.80
98.80
98.80
98.80
98.80
98.80
98.80
98.80
98.80
98.76
98.76
98.76
98.76
98.76
98.76
98.76
98.76
98.76
98.61
98.61
98.61
98.61
98.61
98.61
98.61
98.63
98.63
98.63
98.63
98.63
98.63
98.63
98.19
98.19
98.19
98.19
98.76
98.76
98.76
98.76
98.76
98.76
98.76
98.76
98.76
98.61
98.61
98.61
98.61
98.61
98.80
98.80
98.80
98.80
98.80
98.80
98.80
98.80
98.80
98.84
98.84
98.84
98.84
98.84
98.84
98.84
98.84
98.84
98.84
98.84
98.84
98.89
98.89
98.89
98.89
98.89
98.89
98.89
98.67
98.67
98.67
98.67
98.67
98.78
98.78
98.78
98.78
98.78
98.78
98.78
98.78
98.77
98.77
98.77
98.77
98.77
98.77
98.77
98.77
98.66
98.66
98.66
98.66
98.66
98.55
98.55
98.55
98.55
98.55
98.28
98.28
98.28
98.28
98.28
98.28
98.28
98.50
98.50
98.50
98.50
98.50
98.50
98.50
98.50
98.89
98.89
98.89
98.89
98.89
98.92
98.92
98.92
98.92
98.92
98.92
98.92
98.92
98.95
98.95
98.95
98.95
98.95
98.95
98.95
98.93
98.93
98.93
98.93
98.89
98.89
98.89
98.89
98.89
98.89
98.89
98.89
98.89
98.89
98.89
98.94
98.94
98.94
98.94
98.94
98.94
98.94
98.94
98.90
98.90
98.90
98.90
98.90
98.90
98.90
98.90
98.90
98.90
98.90
98.90
98.90
98.90
98.90
98.90
98.90
98.90
98.90
98.86
98.86
98.86
98.86
98.86
98.86
98.76
98.76
98.76
98.76
98.76
98.76
98.76
98.85
98.85
98.85
98.85
98.85
98.85
98.85
98.85
98.85
98.85
98.83
98.83
98.83
98.83
98.83
98.91
98.91
98.91
98.91
98.91
98.91
98.91
98.91
98.91
98.91
98.88
98.88
98.88
98.88
98.88
98.90
98.90
98.90
98.90
98.90
98.90
98.90
98.90
98.90
98.90
98.90
98.88
98.88
98.88
98.88
98.88
98.88
98.88
98.88
98.76
98.76
98.76
98.76
98.76
98.76
98.76
98.76
98.58
98.58
98.58
98.58
98.58
98.72
98.72
98.72
98.72
98.72
98.72
98.72
98.72
98.84
98.84
98.84
98.84
98.84
98.84
98.84
98.84
98.87
98.87
98.87
98.87
98.87
98.87
98.87
98.76
98.76
98.76
98.76
98.76
98.76
98.75
98.75
98.75
98.75
98.75
98.82
98.82
98.82
98.82
98.82
98.78
98.78
98.78
98.78
98.78
98.78
98.78
98.78
98.78
98.70
98.70
98.70
98.70
98.70
98.78
98.78
98.78
98.78
98.78
98.78
98.78
98.78
98.76
98.76
98.76
98.76
98.76
98.76
98.76
98.76
98.76
98.60
98.60
98.60
98.60
98.91
98.91
98.91
98.91
98.91
98.91
98.91
98.86
98.86
98.86
98.86
98.86
98.86
98.86
98.86
