0.60
0.67
0.63
0.55
0.58
0.52
0.56
0.46
0.68
0.69
0.67
0.62
0.63
0.57
0.57
0.43
0.30
0.24
0.44
0.64
0.65
0.65
0.62
0.64
0.66
0.64
0.60
0.61
0.58
0.63
0.64
0.64
0.60
0.62
0.57
0.52
0.51
0.48
0.47
0.62
0.63
0.62
0.58
0.60
0.55
0.50
0.49
0.46
0.46
0.58
0.60
0.59
0.56
0.58
0.54
0.49
0.48
0.46
0.45
0.56
0.57
0.56
0.53
0.55
0.52
0.48
0.46
0.44
0.44
0.50
0.53
0.50
0.48
0.49
0.47
0.45
0.45
0.42
0.42
0.46
0.49
0.46
0.44
0.45
0.44
0.42
0.39
0.39
0.40
0.45
0.47
0.45
0.42
0.44
0.41
0.43
0.47
0.41
0.43
0.42
0.38
0.39
0.37
0.40
0.44
0.42
0.46
0.43
0.40
0.41
0.39
0.38
0.39
0.36
0.41
0.26
0.34
0.38
0.42
0.38
0.36
0.36
0.36
0.38
0.39
0.40
0.41
0.40
0.37
0.36
0.38
0.36
0.34
0.35
0.33
0.33
0.33
0.36
0.37
0.36
0.33
0.34
0.32
0.36
0.38
0.41
0.38
0.36
0.37
0.35
0.29
0.35
0.40
0.41
0.40
0.38
0.39
0.36
0.33
0.34
0.46
0.47
0.46
0.42
0.45
0.38
0.35
0.50
0.49
0.51
0.45
0.49
0.57
0.56
0.57
0.53
0.55
0.46
0.47
0.55
0.55
0.55
0.52
0.54
0.49
0.52
0.42
0.53
0.51
0.50
0.51
0.48
0.49
0.42
0.44
0.42
0.47
0.46
0.47
0.43
0.46
0.39
0.45
0.44
0.45
0.43
0.44
0.42
0.44
0.43
0.44
0.43
0.40
0.41
0.38
0.34
0.39
0.44
0.44
0.44
0.41
0.43
0.43
0.43
0.43
0.40
0.42
0.39
0.41
0.46
0.45
0.46
0.46
0.44
0.46
0.44
0.47
0.47
0.48
0.47
0.42
0.44
0.43
0.43
0.42
0.39
0.41
0.38
0.33
0.36
0.43
0.42
0.42
0.39
0.44
0.44
0.44
0.40
0.42
0.38
0.34
0.36
0.44
0.45
0.44
0.41
0.42
0.39
0.41
0.48
0.43
0.44
0.47
0.44
0.42
0.44
0.42
0.41
0.42
0.38
0.41
0.29
0.38
0.42
0.42
0.42
0.39
0.41
0.37
0.40
0.45
0.46
0.46
0.43
0.45
0.39
0.40
0.46
0.47
0.46
0.44
0.45
0.44
0.47
0.44
0.34
0.30
0.43
0.45
0.44
0.45
0.43
0.44
0.41
0.43
0.46
0.46
0.46
0.44
0.45
0.43
0.46
0.44
0.46
0.45
0.44
0.45
0.40
0.42
0.41
0.42
0.41
0.38
0.40
0.37
0.41
0.40
0.40
0.40
0.37
