95.53
95.53
95.53
95.53
95.53
95.53
95.06
95.06
95.06
95.06
95.81
95.81
95.81
95.81
95.81
95.81
95.81
95.81
95.81
95.81
95.81
93.75
93.75
93.75
93.75
93.75
93.75
93.75
93.75
93.30
93.30
93.30
93.30
93.30
93.30
94.03
94.03
94.03
94.03
94.03
94.03
94.03
94.03
92.46
92.46
92.46
92.46
92.46
92.46
92.46
92.46
92.46
93.43
93.43
93.43
93.43
93.43
93.43
96.35
96.35
96.35
96.35
96.35
96.35
96.35
96.35
96.35
96.35
96.35
97.74
97.74
97.74
97.74
97.74
97.74
97.74
97.74
97.74
97.74
97.74
98.77
98.77
98.77
98.77
98.77
98.77
98.77
98.77
98.77
98.77
98.77
98.77
98.70
98.70
98.70
98.70
98.70
98.70
98.61
98.61
98.61
98.61
98.61
98.61
98.61
98.61
98.61
98.61
98.61
98.27
98.27
98.27
98.27
98.27
98.27
98.27
98.27
98.27
97.67
97.67
97.67
97.67
97.67
97.67
97.67
97.67
97.80
97.80
97.80
97.80
97.80
97.80
97.80
97.80
97.80
97.80
97.80
95.73
95.73
95.73
95.73
95.73
95.73
95.73
95.73
95.58
95.58
95.58
95.58
95.58
95.58
95.58
95.58
95.58
95.38
95.38
95.38
95.38
95.38
95.38
95.38
94.58
94.58
94.58
94.58
94.58
94.58
95.45
95.45
95.45
95.45
95.45
95.45
95.45
95.45
95.45
95.45
96.59
96.59
96.59
96.59
96.59
96.59
96.59
96.59
96.59
96.40
96.40
96.40
96.40
97.25
97.25
97.25
97.25
97.25
97.25
97.25
97.25
97.25
97.25
97.25
97.25
97.27
97.27
97.27
97.27
97.27
97.27
97.27
98.04
98.04
98.04
98.04
98.04
98.04
98.04
98.04
98.04
98.04
96.86
96.86
96.86
96.86
96.86
96.86
96.86
96.86
96.86
96.86
96.86
97.43
97.43
97.43
97.43
97.43
97.43
97.43
97.43
98.27
98.27
98.27
98.27
98.27
98.27
98.27
98.27
98.27
98.27
98.27
98.34
98.34
98.34
98.34
98.34
98.34
98.34
98.34
98.34
98.49
98.49
98.49
98.49
98.49
98.49
98.49
98.49
98.49
98.79
98.79
98.79
98.79
98.79
98.79
98.79
98.79
98.79
98.74
98.74
98.74
98.74
98.74
98.74
98.74
98.74
98.54
98.54
98.54
98.54
98.54
98.54
98.54
98.54
98.54
98.70
98.70
98.70
98.70
98.70
98.70
98.70
98.70
98.70
98.70
98.70
98.79
98.79
98.79
98.79
98.79
98.79
98.79
98.79
98.31
98.31
98.31
98.31
98.31
98.31
98.31
98.31
98.05
98.05
98.05
98.05
98.05
97.77
97.77
97.77
97.77
97.77
97.77
97.77
97.77
96.42
96.42
96.42
96.42
96.42
96.42
96.42
96.42
96.42
96.42
96.42
91.47
91.47
91.47
91.47
91.47
91.47
91.47
93.36
93.36
93.36
93.36
93.36
93.36
93.36
93.36
96.43
96.43
96.43
96.43
96.05
96.05
96.05
96.05
96.05
97.67
97.67
97.67
97.67
97.67
97.37
97.37
97.37
97.37
97.37
97.37
97.37
97.37
97.37
97.37
97.37
97.37
97.84
97.84
97.84
97.84
97.84
97.84
96.51
96.51
96.51
96.51
96.51
96.51
96.51
96.51
96.56
96.56
96.56
96.56
96.36
96.36
96.36
96.36
96.36
96.36
96.36
96.36
96.36
96.36
96.36
93.01
93.01
93.01
93.01
93.01
93.01
93.01
93.01
92.73
92.73
92.73
92.73
92.73
92.73
92.73
92.73
94.26
94.26
94.26
94.26
94.26
94.26
95.24
95.24
95.24
95.24
95.24
95.24
95.24
95.24
97.56
97.56
97.56
97.56
97.56
97.56
