92.33
92.33
92.33
92.33
92.33
92.33
92.33
90.83
90.83
90.83
90.83
90.83
90.83
87.69
87.69
87.69
87.69
87.69
87.69
87.69
89.11
89.11
89.11
89.11
89.11
89.11
89.11
89.11
89.11
90.33
90.33
90.33
90.33
90.33
90.33
90.33
90.33
90.33
89.63
89.63
89.63
89.63
89.63
89.63
89.63
89.63
90.59
90.59
90.59
90.59
90.59
93.24
93.24
93.24
93.24
93.24
93.24
93.24
93.24
93.24
94.73
94.73
94.73
94.73
94.73
94.73
94.73
96.77
96.77
96.77
96.77
96.77
96.77
96.77
96.77
96.77
96.77
96.77
96.81
96.81
96.81
96.81
96.81
96.81
96.81
96.81
97.45
97.45
97.45
97.45
97.45
97.45
97.45
97.45
97.45
97.45
97.45
97.45
98.08
98.08
98.08
98.08
98.08
98.08
98.08
98.08
98.08
98.08
98.08
98.08
98.08
98.08
97.55
97.55
97.55
97.55
97.55
97.55
97.55
97.55
97.55
97.63
97.63
97.63
97.63
97.63
97.63
97.63
97.63
97.63
89.88
89.88
89.88
89.88
89.88
89.88
89.88
89.88
89.88
88.42
88.42
88.42
88.42
88.42
88.42
88.42
88.42
88.42
96.24
96.24
96.24
96.24
96.24
96.24
96.24
96.24
96.24
97.33
97.33
97.33
97.33
97.33
97.33
97.33
97.33
98.09
98.09
98.09
98.09
98.09
98.09
98.09
97.75
97.75
97.75
97.75
97.75
97.75
97.75
97.75
97.31
97.31
97.31
97.31
97.31
97.31
97.31
94.81
94.81
94.81
94.81
94.81
94.81
94.81
94.81
93.85
93.85
93.85
93.85
93.85
93.85
93.85
93.85
86.12
86.12
86.12
86.12
86.12
86.12
83.54
83.54
83.54
83.54
90.85
90.85
90.85
90.85
90.85
90.85
90.85
90.85
93.38
93.38
93.38
93.38
93.38
93.38
93.38
93.38
96.77
96.77
96.77
96.77
96.77
96.77
96.77
96.77
97.30
97.30
97.30
97.30
97.30
97.30
97.30
97.30
97.64
97.64
97.64
97.64
97.64
97.64
97.64
97.64
97.64
97.64
97.64
97.64
97.64
97.64
96.79
96.79
96.79
96.79
96.79
96.79
96.79
95.16
95.16
95.16
95.16
95.16
95.16
95.16
95.16
95.16
97.35
97.35
97.35
97.35
97.35
97.35
97.35
97.35
97.35
97.35
97.35
97.35
96.48
96.48
96.48
96.48
96.48
96.48
96.48
96.48
96.48
96.43
96.43
96.43
96.43
96.43
96.43
96.43
96.43
