95.49
95.49
95.49
95.49
95.49
95.49
95.49
95.49
95.49
95.49
95.49
94.91
94.91
94.91
94.91
94.91
94.91
94.91
92.97
92.97
92.97
92.97
92.97
92.97
92.97
92.97
90.75
90.75
90.75
90.75
90.75
90.75
90.75
90.75
90.75
90.75
90.75
92.38
92.38
92.38
92.38
92.38
92.38
92.38
92.38
92.38
93.88
93.88
93.88
93.88
93.88
93.88
93.88
93.88
95.91
95.91
95.91
95.91
95.91
95.91
95.91
96.58
96.58
96.58
96.58
96.58
96.58
96.54
96.54
96.54
96.54
97.89
97.89
97.89
97.89
97.89
97.89
97.89
97.89
96.92
96.92
96.92
96.92
96.92
96.92
96.92
96.92
96.92
97.34
97.34
97.34
97.34
97.34
97.34
97.34
97.34
97.34
97.34
97.34
97.34
96.65
96.65
96.65
96.65
96.65
96.65
96.65
96.65
95.51
95.51
95.51
95.51
95.51
95.51
95.51
95.51
95.51
96.95
96.95
96.95
96.95
96.95
96.95
96.95
96.95
96.95
96.95
96.30
96.30
96.30
96.30
96.30
96.30
96.30
96.25
96.25
96.25
96.25
96.25
96.25
96.25
96.25
96.25
96.25
96.25
96.25
94.37
94.37
94.37
94.37
94.37
94.37
94.37
94.37
94.37
94.37
94.37
91.77
91.77
91.77
91.77
91.77
91.77
91.77
91.77
91.77
91.58
91.58
91.58
91.58
93.21
93.21
93.21
93.21
93.21
93.21
93.21
95.33
95.33
95.33
95.33
95.33
95.33
95.33
95.33
95.33
94.51
94.51
94.51
94.51
94.51
94.51
94.51
94.51
94.20
94.20
94.20
94.20
94.20
94.20
94.20
94.20
94.57
94.57
94.57
94.57
94.57
94.57
94.57
94.57
94.57
93.36
93.36
93.36
93.36
93.36
93.36
93.36
93.67
93.67
93.67
93.67
93.67
93.67
93.67
93.67
95.16
95.16
95.16
95.16
95.16
95.16
95.16
95.16
95.16
95.16
95.16
95.16
95.47
95.47
95.47
95.47
95.47
95.47
95.47
95.47
96.78
96.78
96.78
96.78
96.78
96.78
96.78
96.52
96.52
96.52
96.52
96.36
96.36
96.36
96.36
96.36
96.36
95.68
95.68
95.68
95.68
95.68
95.68
95.68
95.68
95.68
95.68
95.68
95.68
93.43
93.43
93.43
93.43
93.32
93.32
93.32
93.32
93.32
93.32
93.32
90.90
90.90
90.90
90.90
90.90
90.90
90.90
90.90
90.90
90.90
90.90
87.89
87.89
87.89
87.89
87.89
