98.31
98.31
98.31
98.31
98.31
98.31
98.31
98.31
97.75
97.75
97.75
97.75
97.25
97.25
97.25
97.25
97.25
98.38
98.38
98.38
98.38
98.38
98.38
98.38
98.38
98.38
98.38
98.38
98.38
98.38
98.38
98.38
98.38
98.38
98.38
98.38
98.38
98.38
98.38
98.75
98.75
98.75
98.75
98.75
98.75
98.75
98.75
98.75
98.75
98.75
98.75
98.75
98.75
98.75
98.75
98.75
98.75
98.75
98.88
98.88
98.88
98.88
98.88
98.88
98.88
98.88
98.88
98.88
98.88
98.88
98.88
98.88
98.88
98.88
98.88
98.88
98.88
98.88
98.81
98.81
98.81
98.81
98.88
98.88
98.88
98.88
98.88
98.88
98.88
98.88
98.88
98.88
98.50
98.50
98.50
98.50
98.50
98.50
98.88
98.88
98.88
98.88
98.88
98.88
98.88
98.88
98.88
98.88
98.88
98.88
98.88
98.88
98.88
98.88
98.50
98.50
98.50
98.50
98.56
98.56
98.56
98.56
98.56
98.56
98.56
98.56
98.56
98.56
98.56
98.56
98.88
98.88
98.88
98.88
98.88
98.88
98.88
98.88
98.75
98.75
98.75
98.75
98.75
97.75
97.75
97.75
97.75
97.75
97.75
97.75
97.75
97.75
98.50
98.50
98.50
98.50
98.50
98.75
98.75
98.75
98.75
98.75
98.75
98.75
98.75
97.75
97.75
97.75
97.75
97.75
96.88
96.88
96.88
96.88
96.88
96.88
96.88
96.88
96.88
96.88
96.88
97.94
97.94
97.94
97.94
97.94
97.94
97.94
97.94
97.94
97.94
97.81
97.81
97.81
97.81
97.81
97.81
97.81
97.81
96.06
96.06
96.06
96.06
96.06
96.06
96.06
96.06
96.06
96.31
96.31
96.31
96.31
96.31
96.31
96.31
96.31
98.06
98.06
98.06
98.06
98.06
98.06
98.06
98.06
98.06
98.06
98.06
98.06
98.06
98.06
98.06
98.06
97.69
97.69
97.69
97.69
97.69
97.69
97.69
97.69
97.69
97.69
97.69
97.69
98.19
98.19
98.19
98.19
98.19
98.19
98.19
98.50
98.50
98.50
98.50
98.50
98.50
98.50
98.50
98.50
98.50
98.50
98.62
98.62
98.62
98.62
98.62
98.62
98.62
98.62
98.75
98.75
98.75
98.75
98.75
98.75
98.75
98.50
98.50
98.50
98.50
98.50
98.50
98.19
98.19
98.19
98.19
98.19
98.19
98.19
98.31
98.31
98.31
98.31
98.31
98.31
98.31
95.81
95.81
95.81
95.81
95.81
95.81
95.81
95.81
97.12
97.12
97.12
97.12
97.12
97.12
97.12
96.88
96.88
96.88
96.88
96.88
96.25
96.25
96.25
96.25
96.25
96.25
96.25
96.25
93.94
93.94
93.94
93.94
93.94
93.94
93.94
93.94
93.94
93.94
94.81
94.81
94.81
94.81
94.81
94.81
96.06
96.06
96.06
96.06
96.06
96.06
96.06
96.06
96.06
96.06
96.06
96.06
96.06
96.06
96.06
96.06
96.06
96.06
96.06
96.06
95.50
95.50
95.50
95.50
95.50
95.50
95.50
95.50
