98.69
98.69
98.69
98.69
98.69
98.69
98.69
98.69
98.69
98.25
98.25
98.25
98.25
98.25
98.25
98.25
98.25
98.25
97.00
97.00
97.00
97.00
97.00
97.75
97.75
97.75
97.75
97.75
97.75
97.75
97.75
97.75
97.75
97.75
97.44
97.44
97.44
97.44
97.44
97.44
97.44
97.44
95.19
95.19
95.19
95.19
95.19
95.19
95.19
92.19
92.19
92.19
92.19
92.19
92.19
92.19
93.69
93.69
93.69
93.69
93.69
93.69
93.69
96.44
96.44
96.44
96.44
96.44
96.44
96.44
96.44
96.44
94.50
94.50
94.50
94.50
97.44
97.44
97.44
97.44
97.44
97.44
97.44
96.94
96.94
96.94
96.94
96.94
96.94
96.94
96.94
96.94
96.94
96.94
96.19
96.19
96.19
96.19
96.19
96.19
96.19
96.19
95.38
95.38
95.38
95.38
95.38
95.38
95.38
95.38
95.38
94.25
94.25
94.25
94.25
95.88
95.88
95.88
95.88
95.88
95.88
95.88
95.88
95.88
98.19
98.19
98.19
98.19
98.19
98.19
98.19
97.81
97.81
97.81
97.81
97.81
97.81
97.81
97.81
97.88
97.88
97.88
97.88
97.88
97.88
97.88
97.88
97.88
97.88
97.88
98.44
98.44
98.44
98.44
98.44
98.44
98.44
98.00
98.00
98.00
98.00
98.00
98.00
98.00
98.00
98.00
98.00
98.00
98.06
98.06
98.06
98.06
98.06
98.06
98.06
98.06
98.06
98.06
98.06
97.44
97.44
97.44
97.44
97.44
97.44
97.44
95.56
95.56
95.56
95.56
95.56
95.56
95.56
95.56
95.12
95.12
95.12
95.12
95.12
95.12
