84.63
84.63
84.63
84.63
84.63
84.63
84.63
84.63
82.58
82.58
82.58
82.58
82.58
82.58
82.58
82.24
82.24
82.24
82.24
82.24
82.24
82.24
82.24
82.24
82.24
82.24
82.24
71.77
71.77
71.77
71.77
63.66
63.66
63.66
63.66
63.66
63.66
63.66
63.66
55.63
55.63
55.63
55.63
55.63
55.63
55.63
55.63
56.25
56.25
56.25
56.25
56.25
56.25
56.25
56.25
51.02
51.02
51.02
51.02
51.02
51.02
51.02
51.02
53.14
53.14
53.14
53.14
53.14
53.14
53.14
53.14
51.80
51.80
51.80
51.80
51.80
51.80
51.80
51.80
56.77
56.77
56.77
56.77
56.77
56.77
56.77
56.77
57.75
57.75
57.75
57.75
57.75
57.75
57.75
57.75
57.75
63.03
63.03
63.03
63.03
63.03
63.03
63.03
63.03
67.49
67.49
67.49
67.49
67.49
67.49
67.49
67.49
67.49
72.75
72.75
72.75
72.75
78.79
78.79
78.79
78.79
78.79
78.79
78.79
78.79
78.79
78.79
78.79
78.79
77.13
77.13
77.13
77.13
77.13
77.13
77.13
79.10
79.10
79.10
79.10
79.10
79.10
79.10
84.17
84.17
84.17
84.17
84.17
84.17
84.17
84.17
85.58
85.58
85.58
85.58
85.58
85.58
85.58
85.58
85.58
84.93
84.93
84.93
84.93
84.93
84.93
84.93
84.93
88.36
88.36
88.36
88.36
88.36
88.36
88.36
88.36
88.36
88.53
88.53
88.53
88.53
88.53
89.67
89.67
89.67
89.67
89.67
89.67
89.67
89.67
89.00
89.00
89.00
89.00
89.00
89.00
89.00
89.00
89.00
88.69
88.69
88.69
88.69
88.69
88.69
88.69
88.69
89.27
89.27
89.27
89.27
89.27
89.27
89.27
89.27
89.27
89.27
89.27
87.21
87.21
87.21
87.21
87.21
87.21
87.21
87.21
86.17
86.17
86.17
86.17
86.17
86.17
84.98
84.98
84.98
84.98
84.98
84.98
84.98
84.98
81.54
81.54
81.54
81.54
81.54
81.54
81.54
81.54
81.54
79.35
79.35
79.35
79.35
79.35
79.35
79.35
79.35
79.35
77.60
77.60
77.60
77.60
77.60
77.60
77.60
77.60
71.66
71.66
71.66
71.66
71.66
71.66
71.66
71.66
71.66
75.70
75.70
75.70
75.70
75.70
75.70
75.04
75.04
75.04
75.04
75.04
75.04
75.04
75.04
80.42
80.42
80.42
80.42
80.42
80.42
84.99
84.99
84.99
84.99
84.99
84.99
84.99
84.99
85.98
85.98
85.98
85.98
85.98
85.98
85.98
89.87
89.87
89.87
89.87
89.87
89.87
89.87
89.87
87.97
87.97
87.97
87.97
87.97
87.97
87.97
87.33
87.33
87.33
87.33
87.33
87.33
87.33
87.33
90.33
90.33
90.33
90.33
90.33
90.33
90.33
90.33
89.99
89.99
89.99
89.99
89.99
89.99
89.99
89.99
89.99
88.90
88.90
88.90
88.90
91.26
91.26
91.26
91.26
91.26
91.26
91.26
91.26
91.74
91.74
91.74
91.74
91.74
91.74
91.74
91.74
90.12
90.12
90.12
90.12
90.12
90.12
90.12
90.12
90.12
88.39
88.39
88.39
88.39
88.39
88.39
88.39
87.63
87.63
87.63
87.63
87.69
87.69
87.69
87.69
87.69
87.69
87.69
87.69
87.69
87.69
84.42
84.42
84.42
84.42
84.42
84.42
84.42
84.42
85.23
85.23
85.23
85.23
85.23
85.23
85.23
85.23
