90.81
90.81
90.81
90.81
90.81
90.81
90.81
90.81
90.81
90.81
90.81
90.81
92.06
92.06
92.06
92.06
92.06
92.06
92.06
92.06
95.56
95.56
95.56
95.56
95.56
95.56
95.56
95.56
96.00
96.00
96.00
96.00
96.00
96.00
96.00
95.69
95.69
95.69
95.69
95.69
95.69
95.69
95.38
95.38
95.38
95.38
95.38
95.38
95.38
95.38
95.38
94.31
94.31
94.31
94.31
94.31
94.31
94.31
93.25
93.25
93.25
93.25
93.25
93.25
93.25
93.25
94.88
94.88
94.88
94.88
94.88
94.88
94.88
93.44
93.44
93.44
93.44
93.44
93.44
93.44
93.44
93.44
93.44
93.44
90.62
90.62
90.62
90.62
90.62
90.62
90.62
90.62
90.62
89.94
89.94
89.94
89.94
89.94
89.94
89.94
89.94
89.94
89.94
89.94
88.69
88.69
88.69
88.69
88.69
88.69
88.69
88.88
88.88
88.88
88.88
88.88
88.88
88.88
87.44
87.44
87.44
87.44
87.44
87.44
87.44
87.44
87.44
87.44
87.44
90.62
90.62
90.62
90.62
90.62
90.62
90.62
90.62
92.12
92.12
92.12
92.12
92.12
92.12
92.12
92.12
92.12
92.12
92.12
92.12
94.69
94.69
94.69
94.69
94.69
94.69
97.38
97.38
97.38
97.38
97.38
97.38
97.38
97.38
97.69
97.69
97.69
97.69
97.69
97.69
97.69
97.69
98.12
98.12
98.12
98.12
98.12
98.12
98.12
98.12
98.12
98.12
98.12
98.12
98.12
98.12
97.81
97.81
97.81
97.81
97.81
97.81
97.81
97.81
97.81
97.81
94.19
94.19
94.19
94.19
94.19
92.12
92.12
92.12
92.12
92.12
92.12
92.12
92.12
92.12
92.12
92.12
92.19
92.19
92.19
92.19
92.19
92.19
90.12
90.12
90.12
90.12
90.12
90.12
90.12
90.12
90.12
86.56
86.56
86.56
86.56
86.56
86.56
86.56
86.56
86.56
86.56
90.56
90.56
90.56
90.56
90.56
90.56
91.38
91.38
91.38
91.38
91.38
91.38
91.38
93.88
93.88
93.88
93.88
93.88
95.38
95.38
95.38
95.38
95.38
95.38
95.38
95.38
95.38
95.12
95.12
95.12
95.12
95.12
95.12
95.12
95.12
95.12
96.25
96.25
96.25
96.25
96.25
96.25
96.25
96.25
96.25
96.25
96.25
96.25
96.25
96.25
97.25
97.25
97.25
97.25
97.25
97.25
97.25
97.25
97.50
97.50
97.50
97.50
97.50
97.50
97.50
97.50
97.50
97.50
97.50
96.19
96.19
96.19
96.19
96.19
96.19
