98.78
98.78
98.78
98.78
98.78
98.78
98.78
98.78
98.78
98.68
98.68
98.68
98.68
98.68
98.68
98.68
98.68
98.68
98.68
98.68
98.47
98.47
98.47
98.47
98.47
98.47
98.47
98.56
98.56
98.56
98.56
98.56
98.56
98.67
98.67
98.67
98.67
98.67
98.55
98.55
98.55
98.55
98.55
98.55
98.55
98.55
98.55
98.55
98.55
98.75
98.75
98.75
98.75
98.75
98.75
98.75
98.75
98.75
98.75
98.75
98.75
98.88
98.88
98.88
98.88
98.88
98.88
98.88
98.87
98.87
98.87
98.87
98.87
98.87
98.87
98.87
98.87
98.87
98.87
98.87
98.87
98.87
98.57
98.57
98.57
98.57
98.35
98.35
98.35
98.35
98.35
98.35
98.35
98.35
98.35
98.35
97.65
97.65
97.65
97.65
98.13
98.13
98.13
98.13
98.13
98.13
98.13
98.13
98.60
98.60
98.60
98.60
98.60
98.60
98.60
98.60
98.60
98.60
98.60
98.60
98.46
98.46
98.46
98.46
98.67
98.67
98.67
98.67
98.55
98.55
98.55
98.55
98.55
98.55
98.55
