98.66
98.66
98.66
98.66
98.66
98.66
98.66
98.45
98.45
98.45
98.45
98.45
98.45
98.31
98.31
98.31
98.31
98.31
98.31
98.31
98.28
98.28
98.28
98.28
98.28
98.28
98.28
98.68
98.68
98.68
98.68
98.68
98.68
98.68
98.68
98.52
98.52
98.52
98.52
98.52
98.52
98.52
98.52
98.52
98.52
98.52
98.52
98.37
98.37
98.37
98.37
98.37
98.37
98.19
98.19
98.19
98.19
98.19
98.19
98.19
98.19
98.26
98.26
98.26
98.26
98.26
98.26
98.26
96.60
96.60
96.60
96.60
96.60
96.60
96.60
96.60
97.49
97.49
97.49
97.49
98.15
98.15
98.15
98.15
98.15
98.15
98.15
98.15
98.15
98.15
98.15
98.58
98.58
98.58
98.58
98.58
98.58
98.58
98.61
98.61
98.61
98.61
98.61
98.61
98.61
98.61
98.78
98.78
98.78
98.78
98.78
98.78
98.64
98.64
98.64
98.64
98.64
98.64
98.64
98.64
98.12
98.12
98.12
98.12
98.12
98.12
98.12
98.12
97.76
97.76
97.76
97.76
97.76
97.76
97.76
97.76
97.65
97.65
97.65
97.65
97.65
97.65
97.65
97.65
97.65
97.65
97.65
97.02
97.02
97.02
97.02
97.02
97.02
97.02
95.85
95.85
95.85
95.85
95.85
95.85
95.85
95.85
94.93
94.93
94.93
94.93
94.93
94.93
94.93
94.93
