0.85
0.84
0.84
0.82
0.82
0.74
0.70
0.63
0.68
0.86
0.86
0.86
0.85
0.83
0.86
0.87
0.87
0.85
0.86
0.81
0.77
0.78
0.88
0.88
0.88
0.86
0.87
0.87
0.88
0.87
0.85
0.85
0.74
0.73
0.71
0.88
0.88
0.88
0.85
0.85
0.76
0.72
0.69
0.67
0.86
0.88
0.84
0.84
0.80
0.73
0.65
0.69
0.74
0.78
0.81
0.76
0.79
0.77
0.88
0.89
0.87
0.86
0.85
0.77
0.74
0.69
0.74
0.85
0.85
0.83
0.82
0.79
0.75
0.70
0.67
0.68
0.65
0.83
0.83
0.82
0.78
0.80
0.80
0.80
0.76
0.77
0.70
0.64
0.68
0.84
0.85
0.85
0.83
0.84
0.77
0.71
0.72
0.88
0.89
0.89
0.86
0.88
0.76
0.79
0.89
0.90
0.89
0.89
0.88
0.86
0.82
0.83
0.89
0.90
0.90
0.87
0.88
0.77
0.73
0.67
0.51
0.46
0.66
0.89
0.89
0.89
0.88
0.89
0.90
0.89
0.89
0.88
0.86
0.82
0.83
0.86
0.85
0.84
0.82
0.83
0.83
0.88
0.88
0.87
0.86
0.85
0.72
0.72
0.86
0.86
0.85
0.84
0.83
0.83
0.82
0.82
0.81
0.80
0.79
0.77
0.76
0.80
0.79
0.79
0.78
0.75
0.77
0.76
0.77
0.76
0.76
0.74
0.72
0.70
0.67
0.69
0.75
0.75
0.73
0.71
0.68
0.67
0.65
0.64
0.63
0.60
0.71
0.71
0.71
0.67
0.67
0.57
0.60
0.74
0.74
0.74
0.71
0.71
0.66
0.71
0.74
0.73
0.74
0.70
0.73
0.67
0.66
0.74
0.74
0.75
0.71
0.73
0.77
0.77
0.77
0.74
0.74
0.70
0.63
0.66
0.76
0.75
0.75
0.71
0.72
0.78
0.78
0.79
0.75
0.77
0.69
0.66
0.63
0.58
