98.83
98.83
98.83
98.83
98.83
98.83
98.89
98.89
98.89
98.89
98.89
98.89
98.89
98.71
98.71
98.71
98.71
98.71
98.71
98.71
98.71
98.71
98.71
98.26
98.26
98.26
98.26
98.26
98.26
98.26
98.26
98.26
97.07
97.07
97.07
97.07
97.07
97.07
91.42
91.42
91.42
91.42
88.20
88.20
88.20
88.20
87.09
87.09
87.09
87.09
87.09
87.09
87.09
87.09
83.10
83.10
83.10
83.10
83.10
83.10
83.10
83.95
83.95
83.95
83.95
87.81
87.81
87.81
87.81
87.81
87.81
87.81
87.81
89.44
89.44
89.44
89.44
89.44
89.44
89.44
89.44
92.95
92.95
92.95
92.95
92.95
92.95
96.47
96.47
96.47
96.47
96.47
96.47
96.47
96.47
98.21
98.21
98.21
98.21
98.21
98.21
98.21
98.17
98.17
98.17
98.17
98.17
98.17
98.17
98.74
98.74
98.74
98.74
98.74
98.74
98.74
98.74
98.70
98.70
98.70
98.70
98.70
98.70
98.70
98.47
98.47
98.47
98.47
98.47
98.47
98.63
98.63
98.63
98.63
98.63
98.63
98.63
98.63
98.63
98.63
98.63
98.63
98.63
98.63
98.58
98.58
98.58
98.58
98.58
98.58
98.58
98.63
98.63
98.63
98.63
98.63
98.63
98.63
98.63
98.63
98.63
98.63
98.63
98.63
98.63
98.20
98.20
98.20
98.20
98.20
98.20
98.20
98.20
97.92
97.92
97.92
97.92
97.92
97.92
97.92
97.92
97.92
98.19
98.19
98.19
98.19
98.19
98.19
98.19
98.19
98.19
97.43
97.43
97.43
97.43
97.43
97.43
98.27
98.27
98.27
98.27
98.27
98.27
98.27
98.27
98.69
98.69
98.69
98.69
98.69
98.69
98.69
98.69
98.70
98.70
98.70
98.70
98.70
98.70
98.77
98.77
98.77
98.77
98.77
98.77
98.77
98.77
98.79
98.79
98.79
98.79
98.79
98.79
98.79
98.79
98.79
98.79
98.79
98.79
98.88
98.88
98.88
98.88
98.88
98.88
98.88
98.88
98.88
98.88
98.88
98.84
98.84
98.84
98.84
98.84
98.84
98.84
98.84
98.84
98.84
98.84
98.84
98.84
98.84
98.84
98.64
98.64
98.64
98.64
98.64
98.64
98.64
98.64
98.64
98.33
98.33
98.33
98.33
98.33
98.33
98.33
98.29
98.29
98.29
98.29
98.56
98.56
98.56
98.56
98.56
98.56
98.56
98.59
98.59
98.59
98.59
98.59
98.59
98.59
98.66
98.66
98.66
98.66
98.66
98.66
98.66
98.66
98.57
98.57
98.57
98.57
98.57
98.57
98.57
98.57
98.57
98.29
98.29
98.29
98.29
98.29
98.29
98.29
98.29
98.29
98.82
98.82
98.82
98.82
98.82
98.82
98.82
98.85
98.85
98.85
98.85
98.85
98.85
98.85
98.85
98.86
98.86
98.86
98.86
98.86
98.86
98.86
98.86
98.86
98.86
98.86
98.86
98.86
98.86
98.86
98.74
98.74
98.74
98.74
98.74
98.74
98.74
98.74
98.72
98.72
98.72
98.72
98.72
