0.88
0.88
0.88
0.87
0.87
0.87
0.84
0.85
0.84
0.84
0.80
0.83
0.89
0.89
0.90
0.87
0.89
0.75
0.79
0.89
0.89
0.89
0.88
0.87
0.82
0.82
0.89
0.90
0.89
0.87
0.87
0.77
0.69
0.72
0.74
0.76
0.79
0.73
0.77
0.74
0.89
0.89
0.89
0.88
0.88
0.89
0.89
0.89
0.87
0.88
0.85
0.82
0.81
0.80
0.79
0.88
0.87
0.86
0.86
0.84
0.84
0.81
0.81
0.85
0.85
0.85
0.84
0.82
0.80
0.78
0.76
0.75
0.85
0.84
0.84
0.82
0.81
0.76
0.70
0.76
0.86
0.86
0.85
0.84
0.83
0.78
0.79
0.87
0.87
0.87
0.85
0.86
0.78
0.73
0.76
0.86
0.85
0.84
0.83
0.81
0.73
0.74
0.87
0.86
0.86
0.84
0.84
0.76
0.72
0.64
0.70
0.83
0.83
0.83
0.81
0.79
0.78
0.75
0.76
0.76
0.77
0.61
0.73
0.81
0.82
0.82
0.79
0.80
0.75
0.74
0.82
0.81
0.80
0.79
0.77
0.74
0.75
0.74
0.74
0.73
0.70
0.73
0.73
0.73
0.70
0.70
0.72
0.72
0.73
0.69
0.70
0.64
0.60
0.62
0.74
0.73
0.73
0.71
0.69
0.63
0.63
0.62
0.68
0.67
0.67
0.63
0.63
0.59
0.56
0.57
0.55
0.56
0.54
0.59
0.57
0.58
0.53
0.56
0.46
0.49
0.53
0.50
0.52
0.50
0.42
0.43
0.42
0.38
0.40
0.37
0.30
0.38
0.37
0.38
0.37
0.35
0.35
0.33
0.37
0.40
0.39
0.33
0.32
0.33
0.30
0.30
0.34
0.35
0.34
0.32
0.32
0.30
0.29
0.31
0.30
0.33
0.18
0.28
0.29
0.28
0.29
0.27
0.27
0.26
0.26
0.24
0.32
0.33
0.32
0.30
0.30
0.29
0.34
0.28
0.29
0.33
0.33
0.33
0.30
0.34
0.36
0.34
0.31
0.32
0.29
0.28
0.39
0.40
0.39
0.36
0.37
0.34
0.39
0.40
0.39
0.36
0.36
0.34
0.41
0.37
0.29
0.24
0.32
0.42
0.45
0.42
0.40
0.41
0.39
0.37
0.38
0.38
0.42
0.28
0.34
0.38
0.40
0.39
0.37
0.37
0.36
0.38
0.37
0.41
0.41
0.42
0.40
0.40
0.42
0.41
0.42
0.39
0.40
0.43
0.46
0.43
0.41
0.43
0.41
0.48
0.39
0.50
0.44
0.44
0.44
0.42
0.43
0.41
0.46
0.37
0.37
0.44
0.45
0.44
0.41
0.43
0.35
0.39
0.35
0.33
0.35
0.33
0.32
0.28
0.31
0.36
0.45
0.48
0.45
0.43
0.45
0.42
0.46
0.42
0.41
0.42
