0.92
0.92
0.92
0.91
0.91
0.87
0.85
0.78
0.91
0.91
0.91
0.91
0.91
0.92
0.92
0.91
0.91
0.90
0.92
0.92
0.92
0.92
0.90
0.90
0.87
0.87
0.87
0.87
0.91
0.90
0.89
0.89
0.86
0.83
0.77
0.77
0.91
0.91
0.92
0.88
0.90
0.67
0.95
0.95
0.95
0.95
0.94
0.93
0.93
0.94
0.95
0.95
0.94
0.94
0.92
0.88
0.88
0.88
0.88
0.94
0.94
0.94
0.94
0.93
0.86
0.86
0.81
0.94
0.94
0.94
0.94
0.93
0.93
0.91
0.90
0.93
0.93
0.93
0.92
0.92
0.91
0.89
0.89
0.88
0.88
0.85
0.87
0.93
0.93
0.93
0.92
0.92
0.91
0.89
0.93
0.93
0.93
0.92
0.93
0.86
0.82
0.76
0.68
0.93
0.93
0.93
0.93
0.92
0.91
0.88
0.88
0.88
0.88
0.94
0.93
0.93
0.93
0.91
0.89
0.88
0.93
0.93
0.92
0.91
0.91
0.91
0.90
0.91
0.89
0.89
0.86
0.86
0.89
0.88
0.88
0.86
0.86
0.75
0.71
0.68
0.66
0.83
0.82
0.78
0.79
0.72
0.76
0.71
0.74
0.83
0.81
0.81
0.78
0.77
0.70
0.68
0.61
0.50
0.46
0.60
0.81
0.80
0.81
0.77
0.77
0.69
0.70
0.67
0.79
0.79
0.79
0.75
0.74
0.74
0.73
0.82
0.82
0.80
0.80
0.76
0.82
0.80
0.82
0.83
0.83
0.80
0.78
0.78
0.78
0.74
0.74
0.68
0.66
0.58
0.51
0.79
0.78
0.78
0.76
0.75
0.70
0.66
0.69
0.83
0.83
0.84
0.82
0.89
0.90
0.90
0.88
0.89
0.82
0.82
0.79
0.92
0.93
0.92
0.91
0.91
0.83
0.82
0.79
0.93
0.93
0.93
0.92
0.92
0.88
0.86
0.81
0.75
0.93
0.93
0.93
0.93
0.95
0.95
0.95
0.94
0.95
0.88
0.83
0.75
0.66
0.95
0.95
0.95
0.95
0.95
0.95
0.95
0.94
0.94
0.90
0.83
0.82
0.83
0.83
0.64
0.81
0.94
0.94
0.94
0.94
0.93
0.93
0.93
0.93
0.93
0.92
0.92
0.88
0.87
0.84
0.92
0.92
0.91
0.91
0.90
0.85
0.91
0.90
0.89
0.89
0.86
0.85
0.80
0.79
0.86
0.85
0.84
0.83
0.80
0.78
0.73
0.75
0.81
0.80
0.78
0.76
0.72
0.69
0.63
0.68
0.78
0.76
0.77
0.73
0.71
0.73
0.71
0.72
0.71
0.68
0.70
0.63
0.62
0.62
0.55
0.58
0.52
0.53
0.64
0.63
0.64
0.61
0.61
0.62
0.61
0.54
0.57
0.51
0.42
0.49
0.81
0.81
0.82
0.78
0.81
0.71
0.67
0.59
0.52
0.86
0.87
0.87
0.85
0.86
0.83
0.79
0.80
0.87
0.88
0.89
0.87
0.88
0.84
0.83
0.89
0.90
0.90
0.88
0.90
0.92
0.93
0.93
0.92
0.92
0.93
0.94
0.94
0.94
0.93
0.94
0.90
0.86
0.87
0.96
0.96
0.96
0.95
0.95
0.90
0.90
0.83
0.95
0.95
0.96
0.95
0.95
0.94
0.92
0.91
0.96
0.96
0.96
0.96
0.95
0.95
0.93
0.93
0.95
0.95
0.95
0.95
0.94
0.93
0.93
0.91
0.95
0.95
0.94
0.94
0.93
0.93
0.91
0.91
0.90
0.91
0.86
0.90
0.93
0.93
0.92
0.92
0.91
0.90
0.91
