92.35
92.35
92.35
92.35
92.35
92.35
92.35
92.35
92.35
95.05
95.05
95.05
95.05
95.05
95.05
95.05
95.05
95.05
95.05
97.87
97.87
97.87
97.87
97.87
97.87
97.87
97.87
97.87
98.50
98.50
98.50
98.50
98.50
98.50
98.50
98.50
98.69
98.69
98.69
98.69
98.69
98.69
98.69
98.69
98.63
98.63
98.63
98.63
98.63
98.63
98.63
98.63
98.67
98.67
98.67
98.67
98.67
98.67
98.67
98.67
98.67
98.67
98.67
98.67
98.44
98.44
98.44
98.44
98.44
98.44
98.44
98.44
98.44
98.51
98.51
98.51
98.51
98.51
98.51
98.51
98.51
98.54
98.54
98.54
98.54
98.54
98.54
98.54
98.55
98.55
98.55
98.55
98.55
98.55
98.55
98.55
98.54
98.54
98.54
98.54
98.54
98.54
98.54
98.54
98.54
98.54
98.54
98.49
98.49
98.49
98.49
98.49
98.49
98.49
98.09
98.09
98.09
98.09
98.02
98.02
98.02
98.02
98.02
98.02
98.02
98.02
98.02
97.94
97.94
97.94
97.94
97.94
97.94
97.94
97.94
97.94
97.99
97.99
97.99
97.99
97.99
97.99
97.99
97.99
98.22
98.22
98.22
98.22
98.22
98.22
98.22
98.22
98.22
98.04
98.04
98.04
98.04
98.04
98.04
98.04
98.04
97.42
97.42
97.42
97.42
97.42
97.42
97.42
94.74
94.74
94.74
94.74
94.74
94.74
94.74
94.74
95.61
95.61
95.61
95.61
95.61
95.61
95.61
95.61
97.00
97.00
97.00
97.00
97.00
97.00
97.00
97.00
98.12
98.12
98.12
98.12
98.12
98.12
98.12
98.00
98.00
98.00
98.00
98.00
98.00
98.00
98.07
98.07
98.07
98.07
98.07
98.07
98.07
98.07
98.07
98.07
98.07
98.07
98.07
98.07
98.07
98.07
98.07
96.54
96.54
96.54
96.54
96.54
96.54
96.54
96.54
96.54
96.54
95.42
95.42
95.42
95.42
95.42
92.42
92.42
92.42
92.42
92.42
92.42
92.42
92.42
92.42
92.42
94.07
94.07
94.07
94.07
95.06
95.06
95.06
95.06
95.06
95.06
95.06
95.06
95.06
95.06
95.06
95.06
95.22
95.22
95.22
95.22
95.22
95.22
95.22
95.22
95.22
96.48
96.48
96.48
96.48
96.48
96.48
96.48
96.48
96.48
96.85
96.85
96.85
96.85
96.85
96.85
96.85
96.85
96.85
98.26
98.26
98.26
98.26
98.26
98.26
98.26
98.36
98.36
98.36
98.36
98.36
98.36
98.74
98.74
98.74
98.74
98.74
98.74
98.83
98.83
98.83
98.83
98.83
98.83
98.83
98.79
98.79
98.79
98.79
98.79
98.79
98.79
98.79
98.79
98.79
98.79
98.29
98.29
98.29
98.29
98.29
98.29
98.29
97.63
97.63
97.63
97.63
97.63
97.63
97.63
97.63
97.63
95.70
95.70
95.70
95.70
95.70
95.70
