98.90
98.90
98.90
98.90
98.90
98.90
98.90
98.90
98.90
98.90
98.90
98.90
98.85
98.85
98.85
98.85
98.85
98.85
98.85
98.85
98.84
98.84
98.84
98.84
98.84
98.84
98.84
98.84
98.84
98.84
98.84
98.58
98.58
98.58
98.58
98.58
98.58
98.58
98.64
98.64
98.64
98.64
98.64
98.64
98.64
98.64
98.78
98.78
98.78
98.78
98.78
98.78
98.78
98.78
98.78
98.78
98.78
98.83
98.83
98.83
98.83
98.83
98.83
98.83
98.83
98.83
98.83
98.83
98.79
98.79
98.79
98.79
98.79
98.79
98.79
98.79
98.83
98.83
98.83
98.83
98.83
98.83
98.83
98.82
98.82
98.82
98.82
98.82
98.82
98.82
98.82
98.81
98.81
98.81
98.81
98.81
98.81
98.81
98.81
98.81
98.81
98.81
98.81
98.81
98.81
98.81
98.81
98.81
98.81
98.81
98.81
98.81
98.70
98.70
98.70
98.70
98.70
98.70
98.70
98.70
98.52
98.52
98.52
98.52
98.52
98.52
98.52
98.52
98.52
98.52
98.52
98.57
98.57
98.57
98.57
98.57
98.57
98.57
98.60
98.60
98.60
98.60
98.60
98.60
98.60
98.60
97.52
97.52
97.52
97.52
97.52
97.52
97.52
97.52
97.52
97.52
97.52
98.02
98.02
98.02
98.02
98.02
98.02
98.02
98.02
98.02
97.10
97.10
97.10
97.10
97.10
97.10
97.10
97.10
97.86
97.86
97.86
97.86
97.86
97.86
97.86
97.86
97.86
97.86
97.86
97.67
97.67
97.67
97.67
97.67
97.67
97.67
96.83
96.83
96.83
96.83
96.83
96.83
96.83
96.83
96.15
96.15
96.15
96.15
96.15
96.15
96.15
96.15
96.15
98.15
98.15
98.15
98.15
98.15
98.15
98.15
98.15
98.15
98.15
97.31
97.31
97.31
97.31
97.31
97.31
97.31
97.58
97.58
97.58
97.58
98.55
98.55
98.55
98.55
98.88
98.88
98.88
98.88
98.88
98.88
98.88
98.88
98.88
98.88
98.88
98.81
98.81
98.81
98.81
98.81
98.81
98.79
98.79
98.79
98.79
98.79
98.79
98.79
98.79
98.79
98.67
98.67
98.67
98.67
98.67
98.67
98.67
98.67
98.45
98.45
98.45
98.45
98.45
98.45
98.45
98.45
98.45
98.40
98.40
98.40
98.40
98.40
98.40
98.40
98.40
98.54
98.54
98.54
98.54
98.83
98.83
98.83
98.83
98.83
98.83
98.83
98.83
98.83
98.83
98.83
98.89
98.89
98.89
98.89
98.89
98.89
98.89
98.89
98.89
98.89
98.89
98.89
98.89
98.89
98.92
98.92
98.92
98.92
98.92
98.92
98.92
98.92
98.92
98.92
98.92
98.92
98.92
98.92
98.92
98.92
98.92
98.92
98.92
98.92
98.92
98.90
98.90
98.90
98.90
98.90
98.90
98.90
98.74
98.74
98.74
98.74
98.74
98.74
98.74
98.48
98.48
98.48
98.48
98.48
98.48
98.48
98.48
98.48
98.48
98.48
98.51
98.51
98.51
98.51
98.51
98.51
98.51
98.51
