88.77
88.77
88.77
88.77
88.77
88.77
91.43
91.43
91.43
91.43
91.43
91.43
91.43
91.43
91.43
92.85
92.85
92.85
92.85
92.85
92.85
92.85
92.85
91.82
91.82
91.82
91.82
91.82
91.82
91.82
91.82
91.82
91.64
91.64
91.64
91.64
91.64
91.64
91.64
89.94
89.94
89.94
89.94
91.15
91.15
91.15
91.15
91.15
91.15
92.53
92.53
92.53
92.53
92.53
92.53
92.53
92.53
92.53
91.07
91.07
91.07
91.07
91.07
91.07
91.07
91.07
91.07
91.99
91.99
91.99
91.99
91.99
93.17
93.17
93.17
93.17
93.17
93.17
93.17
93.17
93.57
93.57
93.57
93.57
93.57
93.57
93.57
93.57
93.57
93.57
93.57
93.29
93.29
93.29
93.29
93.29
93.29
93.29
93.29
93.72
93.72
93.72
93.72
93.72
93.72
93.72
93.72
95.27
95.27
95.27
95.27
95.27
95.00
95.00
95.00
95.00
95.00
95.00
95.00
95.00
94.76
94.76
94.76
94.76
94.76
94.76
94.76
94.76
95.61
95.61
95.61
95.61
95.61
95.61
95.61
96.47
96.47
96.47
96.47
96.47
96.47
95.16
95.16
95.16
95.16
95.16
95.16
95.16
95.16
95.26
95.26
95.26
95.26
95.26
95.26
95.26
95.26
95.55
95.55
95.55
95.55
95.55
95.55
95.55
94.78
94.78
94.78
94.78
94.78
94.78
94.78
94.78
91.90
91.90
91.90
91.90
91.90
91.90
91.90
91.90
91.90
93.53
93.53
93.53
93.53
93.53
93.53
93.53
93.53
93.53
93.53
93.18
93.18
93.18
93.18
93.18
93.18
93.18
93.18
93.18
91.37
91.37
91.37
91.37
91.37
91.37
91.37
89.88
89.88
89.88
89.88
89.88
89.88
89.88
89.88
88.08
88.08
88.08
88.08
90.35
90.35
90.35
90.35
90.35
90.35
90.35
90.35
90.35
88.89
88.89
88.89
88.89
88.89
88.89
88.89
88.89
88.89
90.40
90.40
90.40
90.40
90.40
90.40
90.40
90.40
90.40
90.40
90.40
90.15
90.15
90.15
90.15
90.15
90.15
90.15
90.15
90.15
92.99
92.99
92.99
92.99
92.99
92.99
92.99
92.99
92.99
95.05
95.05
95.05
95.05
95.05
95.05
95.05
95.05
95.05
95.05
95.05
96.82
96.82
96.82
96.82
96.82
96.82
96.82
96.82
96.82
96.82
