92.06
92.06
92.06
92.06
92.06
92.06
92.06
92.06
92.06
92.06
92.06
94.50
94.50
94.50
94.50
94.50
95.12
95.12
95.12
95.12
95.12
95.12
95.12
95.81
95.81
95.81
95.81
95.81
95.81
95.81
95.62
95.62
95.62
95.62
95.62
95.62
95.62
97.00
97.00
97.00
97.00
97.00
97.00
97.00
96.75
96.75
96.75
96.75
96.75
96.75
97.31
97.31
97.31
97.31
97.31
97.31
96.94
96.94
96.94
96.94
96.94
96.94
96.94
95.81
95.81
95.81
95.81
95.81
95.81
95.81
93.19
93.19
93.19
93.19
93.19
93.19
93.19
93.19
93.19
89.56
89.56
89.56
89.56
89.56
89.56
89.56
89.56
89.56
82.31
82.31
82.31
82.31
78.81
78.81
78.81
78.81
78.81
78.81
78.81
84.56
84.56
84.56
84.56
84.56
84.56
84.56
84.56
84.56
92.50
92.50
92.50
92.50
92.50
92.50
92.50
92.50
92.50
92.50
94.88
94.88
94.88
94.88
94.88
94.88
94.88
94.88
94.88
95.94
95.94
95.94
95.94
95.94
95.94
95.94
97.12
97.12
97.12
97.12
97.12
97.12
97.12
97.12
97.12
97.12
96.38
96.38
96.38
96.38
96.38
96.38
96.38
