97.50
97.50
97.50
97.50
97.50
97.50
97.50
97.50
97.50
97.50
97.50
97.38
97.38
97.38
97.38
97.38
97.38
96.19
96.19
96.19
96.19
96.19
96.19
96.19
92.38
92.38
92.38
92.38
92.38
92.38
92.38
92.38
92.38
92.38
92.38
91.62
91.62
91.62
91.62
94.69
94.69
94.69
94.69
94.69
94.69
94.69
94.69
94.69
96.12
96.12
96.12
96.12
96.12
96.12
96.12
96.12
96.12
95.44
95.44
95.44
95.44
95.44
97.56
97.56
97.56
97.56
97.56
97.56
97.56
98.56
98.56
98.56
98.56
98.56
98.56
98.56
98.56
98.56
98.50
98.50
98.50
98.50
98.50
98.50
98.50
98.50
98.50
98.44
98.44
98.44
98.44
98.44
98.44
98.44
98.44
98.44
98.81
98.81
98.81
98.81
98.81
98.81
98.81
98.81
98.81
98.81
98.81
98.81
98.81
98.81
98.81
98.81
98.81
98.81
98.81
98.81
98.81
98.81
98.81
98.81
98.81
98.81
98.81
98.69
98.69
98.69
98.69
98.69
98.69
98.69
98.69
98.69
98.75
98.75
98.75
98.75
98.75
98.75
98.75
98.75
98.75
98.81
98.81
98.81
98.81
98.81
98.81
98.81
98.81
98.81
98.81
98.81
98.44
98.44
98.44
98.44
98.44
98.25
98.25
98.25
98.25
98.25
98.25
98.25
98.25
97.56
97.56
97.56
97.56
97.56
97.56
97.56
97.56
97.56
97.56
97.56
96.69
96.69
96.69
96.69
98.00
98.00
98.00
98.00
98.00
98.00
98.00
98.00
98.00
98.00
98.00
98.00
98.25
98.25
98.25
98.25
98.25
98.25
98.25
98.25
98.25
98.75
98.75
98.75
98.75
98.75
98.75
98.75
98.69
98.69
98.69
98.69
98.69
98.69
98.69
98.69
98.62
98.62
98.62
98.62
98.62
98.62
98.62
98.44
98.44
98.44
98.44
98.44
98.44
98.44
98.44
98.44
98.44
98.44
97.12
97.12
97.12
97.12
97.12
97.12
96.25
96.25
96.25
96.25
96.25
96.25
96.25
96.25
95.44
95.44
95.44
95.44
95.44
97.12
97.12
97.12
97.12
97.12
97.12
97.12
97.12
96.94
96.94
96.94
96.94
96.94
96.94
96.94
95.06
95.06
95.06
95.06
95.06
95.06
95.06
95.06
92.75
92.75
92.75
92.75
92.75
92.75
92.75
92.75
90.06
90.06
90.06
90.06
90.06
93.62
93.62
93.62
93.62
93.62
93.62
95.00
95.00
95.00
95.00
95.00
95.00
95.00
95.00
95.00
95.00
92.75
92.75
92.75
92.75
92.75
92.75
92.75
93.38
93.38
93.38
93.38
93.38
93.38
93.38
93.38
93.38
94.06
94.06
94.06
94.06
94.06
94.38
94.38
94.38
94.38
94.38
93.31
93.31
93.31
93.31
93.31
93.31
93.31
90.19
90.19
90.19
90.19
90.19
90.19
90.19
90.19
82.44
82.44
82.44
82.44
82.44
82.44
82.44
82.44
80.56
80.56
80.56
80.56
80.56
80.56
80.56
87.38
87.38
87.38
87.38
87.38
87.38
87.38
87.38
89.44
89.44
89.44
89.44
89.44
89.44
89.44
89.44
91.38
91.38
91.38
91.38
91.38
91.38
91.38
91.69
91.69
91.69
91.69
91.69
88.88
88.88
88.88
88.88
94.19
94.19
94.19
94.19
94.19
94.19
96.69
96.69
96.69
96.69
96.69
96.69
96.69
96.69
