98.31
98.31
98.31
98.31
98.31
98.31
98.31
98.31
98.31
98.31
98.31
98.25
98.25
98.25
98.25
98.25
98.25
98.25
98.25
98.31
98.31
98.31
98.31
98.31
98.31
98.75
98.75
98.75
98.75
98.75
98.75
98.75
98.75
98.75
98.75
98.75
98.75
98.75
98.69
98.69
98.69
98.69
98.69
98.69
98.69
98.69
98.69
98.69
98.69
98.69
98.69
98.69
98.69
98.88
98.88
98.88
98.88
98.88
98.88
98.81
98.81
98.81
98.81
98.81
98.81
98.81
98.81
98.56
98.56
98.56
98.56
98.56
98.56
98.69
98.69
98.69
98.69
98.69
98.69
98.69
98.69
98.69
98.75
98.75
98.75
98.75
98.75
98.75
98.75
98.75
98.56
98.56
98.56
98.56
98.56
98.56
98.56
98.56
98.44
98.44
98.44
98.44
98.44
98.44
98.44
98.31
98.31
98.31
98.31
98.31
98.31
98.31
98.31
98.31
98.19
98.19
98.19
98.19
98.19
98.19
98.19
97.88
97.88
97.88
97.88
97.88
97.88
97.88
97.88
97.88
98.06
98.06
98.06
98.06
98.06
98.06
98.06
98.06
97.44
97.44
97.44
97.44
97.44
96.75
96.75
96.75
96.75
96.75
97.19
97.19
97.19
97.19
97.19
97.19
97.19
97.19
97.19
97.19
97.19
97.38
97.38
97.38
97.38
97.38
97.38
97.38
97.38
96.88
96.88
96.88
96.88
96.69
96.69
96.69
96.69
96.69
96.69
96.69
96.69
96.69
96.69
96.69
96.69
92.56
92.56
92.56
92.56
92.56
92.56
90.25
90.25
90.25
90.25
90.25
90.25
90.25
90.25
90.25
90.25
90.25
88.19
88.19
88.19
88.19
88.19
88.19
91.50
91.50
91.50
91.50
91.50
91.50
91.50
91.50
91.50
93.06
93.06
93.06
93.06
93.06
93.06
93.06
93.06
91.06
91.06
91.06
91.06
91.06
91.06
91.06
91.06
94.75
94.75
94.75
94.75
94.75
94.75
94.75
94.75
94.75
97.38
97.38
97.38
97.38
97.38
97.38
98.12
98.12
98.12
98.12
98.12
98.12
98.12
97.19
97.19
97.19
97.19
97.19
97.19
97.19
97.19
97.19
97.19
97.19
98.50
98.50
98.50
98.50
98.50
98.50
98.50
98.50
98.50
98.50
98.50
98.69
98.69
98.69
98.69
98.69
98.69
98.69
98.69
98.69
98.75
98.75
98.75
98.75
98.75
98.75
98.75
98.56
98.56
98.56
98.56
98.56
98.56
98.56
98.56
98.75
98.75
98.75
98.75
98.75
98.75
98.75
98.75
98.75
98.75
98.75
98.75
98.75
98.75
98.75
98.62
98.62
98.62
98.62
98.62
98.62
98.62
98.62
98.62
98.62
98.62
98.56
98.56
98.56
98.56
98.56
