68.77
68.77
68.77
68.77
83.80
83.80
83.80
83.80
83.80
83.80
83.80
86.07
86.07
86.07
86.07
90.38
90.38
90.38
90.38
90.38
90.38
90.38
89.26
89.26
89.26
89.26
89.26
89.26
89.26
89.26
89.26
89.26
89.26
88.39
88.39
88.39
88.39
88.39
88.39
88.39
88.39
90.70
90.70
90.70
90.70
90.70
90.70
90.70
90.70
94.27
94.27
94.27
94.27
94.27
94.27
94.27
94.27
95.25
95.25
95.25
95.25
95.25
95.25
95.25
95.25
96.70
96.70
96.70
96.70
96.70
96.70
97.47
97.47
97.47
97.47
97.47
97.47
97.47
98.27
98.27
98.27
98.27
98.27
98.27
98.27
98.27
98.43
98.43
98.43
98.43
98.43
98.30
98.30
98.30
98.30
98.63
98.63
98.63
98.63
98.63
98.63
98.63
98.63
98.62
98.62
98.62
98.62
98.62
98.62
98.62
98.62
97.89
97.89
97.89
97.89
97.89
97.89
97.89
97.89
98.28
98.28
98.28
98.28
98.28
98.28
98.28
98.28
97.14
97.14
97.14
97.14
97.14
97.14
97.14
94.56
94.56
94.56
94.56
94.56
94.56
94.56
93.96
93.96
93.96
93.96
93.96
93.96
93.96
93.96
93.96
93.96
93.96
95.55
95.55
95.55
95.55
95.55
95.55
95.55
95.55
95.15
95.15
95.15
95.15
95.15
95.15
95.15
95.15
96.10
96.10
96.10
96.10
96.10
96.10
96.10
96.10
97.86
97.86
97.86
97.86
97.86
97.86
97.86
97.86
