98.18
98.18
98.18
98.18
98.18
98.18
98.18
98.69
98.69
98.69
98.69
98.69
98.69
98.69
98.69
98.69
98.69
98.69
98.68
98.68
98.68
98.68
98.68
98.68
98.68
98.68
98.68
98.52
98.52
98.52
98.52
98.52
98.52
98.52
98.52
98.52
98.46
98.46
98.46
98.46
98.46
98.46
97.98
97.98
97.98
97.98
97.98
97.98
97.98
97.98
97.98
97.98
97.98
98.35
98.35
98.35
98.35
98.35
98.35
98.35
98.35
98.72
98.72
98.72
98.72
98.72
98.72
98.72
98.72
98.72
98.77
98.77
98.77
98.77
98.77
98.77
98.77
98.77
98.77
98.77
98.77
98.77
98.83
98.83
98.83
98.83
98.83
98.78
98.78
98.78
98.78
98.78
98.78
98.78
98.87
98.87
98.87
98.87
98.87
98.55
98.55
98.55
98.55
98.55
98.55
98.55
98.55
98.55
98.55
98.55
98.55
98.69
98.69
98.69
98.69
98.69
98.69
98.69
98.69
97.86
97.86
97.86
97.86
97.86
97.86
97.86
97.86
98.49
98.49
98.49
98.49
98.49
98.49
98.49
98.49
97.83
97.83
97.83
97.83
97.83
97.83
97.83
98.09
98.09
98.09
98.09
98.09
98.09
98.09
98.09
98.09
98.09
98.09
93.75
93.75
93.75
93.75
93.75
93.75
93.75
93.75
93.87
93.87
93.87
93.87
93.87
93.87
93.87
93.87
93.87
95.29
95.29
95.29
95.29
95.29
95.29
95.29
95.29
94.50
94.50
94.50
94.50
94.50
94.50
94.50
94.50
97.05
97.05
97.05
97.05
97.05
97.05
97.05
98.31
98.31
98.31
98.31
98.31
98.31
98.31
98.31
