0.87
0.89
0.89
0.84
0.87
0.74
0.71
0.63
0.93
0.94
0.94
0.93
0.93
0.90
0.89
0.86
0.94
0.94
0.94
0.92
0.93
0.83
0.85
0.95
0.95
0.95
0.94
0.95
0.96
0.96
0.96
0.95
0.96
0.83
0.77
0.70
0.76
0.96
0.96
0.97
0.96
0.96
0.97
0.97
0.97
0.97
0.96
0.96
0.96
0.96
0.96
0.96
0.96
0.95
0.94
0.91
0.90
0.96
0.96
0.95
0.95
0.95
0.94
0.92
0.92
0.92
0.91
0.88
0.91
0.95
0.95
0.94
0.94
0.92
0.84
0.88
0.95
0.95
0.95
0.93
0.94
0.78
0.73
0.62
0.70
0.95
0.95
0.95
0.94
0.94
0.90
0.85
0.87
0.85
0.86
0.94
0.94
0.95
0.94
0.94
0.95
0.95
0.94
0.95
0.87
0.82
0.83
0.80
0.95
0.95
0.95
0.94
0.94
0.93
0.92
0.95
0.95
0.95
0.93
0.94
0.84
0.79
0.72
0.69
0.96
0.96
0.96
0.95
0.95
0.92
0.90
0.90
0.96
0.96
0.96
0.95
0.95
0.92
0.92
0.96
0.96
0.96
0.96
0.96
0.95
0.93
0.92
0.96
0.96
0.96
0.96
0.96
0.95
0.94
0.93
0.92
0.92
0.91
0.97
0.96
0.96
0.96
0.95
0.93
0.93
0.96
0.96
0.96
0.95
0.95
0.92
0.88
0.87
0.88
0.95
0.95
0.95
0.94
0.94
0.81
0.94
0.94
0.94
0.94
0.93
0.93
0.91
0.91
0.90
0.90
0.90
0.94
0.94
0.94
0.92
0.93
0.83
0.78
0.76
0.73
0.94
0.94
0.94
0.94
0.92
0.92
0.92
0.91
