94.59
94.59
94.59
94.59
94.59
94.59
95.17
95.17
95.17
95.17
95.17
95.17
95.17
95.17
93.18
93.18
93.18
93.18
93.18
93.18
93.18
93.18
93.18
90.01
90.01
90.01
90.01
90.01
90.01
90.01
90.01
90.01
93.57
93.57
93.57
93.57
93.57
93.57
93.57
93.57
92.94
92.94
92.94
92.94
92.94
92.94
92.94
94.72
94.72
94.72
94.72
94.72
94.72
94.72
94.72
92.99
92.99
92.99
92.99
92.99
92.99
92.99
92.99
94.45
94.45
94.45
94.45
94.45
94.70
94.70
94.70
94.70
94.70
94.70
94.70
94.70
94.83
94.83
94.83
94.83
94.83
94.83
91.96
91.96
91.96
91.96
91.96
91.96
91.96
91.96
88.68
88.68
88.68
88.68
88.68
88.68
88.68
82.45
82.45
82.45
82.45
82.45
82.45
82.45
82.45
84.99
84.99
84.99
84.99
89.81
89.81
89.81
89.81
89.81
89.81
89.81
92.87
92.87
92.87
92.87
92.87
92.87
92.87
94.95
94.95
94.95
94.95
94.95
94.95
94.95
94.95
93.47
93.47
93.47
93.47
93.47
93.47
93.47
93.47
93.47
93.47
93.47
94.66
94.66
94.66
94.66
94.66
97.40
97.40
97.40
97.40
97.75
97.75
97.75
97.75
97.75
97.75
97.75
97.75
97.75
97.75
97.75
97.59
97.59
97.59
97.59
97.59
97.59
97.59
97.59
97.10
97.10
97.10
97.10
97.10
97.10
95.27
95.27
95.27
95.27
95.27
95.27
95.27
95.27
95.27
93.90
93.90
93.90
93.90
93.90
93.90
93.90
93.90
94.61
94.61
94.61
94.61
94.49
94.49
94.49
94.49
94.49
94.49
94.49
94.49
94.49
96.24
96.24
96.24
96.24
96.24
96.24
96.24
96.24
96.24
97.79
97.79
97.79
97.79
97.79
97.79
97.79
97.79
97.79
97.79
97.79
97.79
97.72
97.72
97.72
97.72
97.72
96.83
96.83
96.83
96.83
96.83
96.83
96.83
93.95
93.95
93.95
93.95
93.95
91.04
91.04
91.04
91.04
91.04
91.04
91.04
91.04
91.04
91.04
91.04
87.86
87.86
87.86
87.86
87.86
87.86
87.86
87.86
85.42
85.42
85.42
85.42
85.42
85.42
85.42
85.42
