94.25
94.25
94.25
94.25
94.25
94.25
94.25
94.25
97.45
97.45
97.45
97.45
97.45
97.45
97.45
97.45
97.45
97.45
97.45
98.32
98.32
98.32
98.32
98.32
98.32
98.32
98.32
98.38
98.38
98.38
98.38
98.59
98.59
98.59
98.59
98.59
98.59
98.59
98.59
98.26
98.26
98.26
98.26
98.26
98.26
98.26
98.26
97.01
97.01
97.01
97.01
97.01
97.01
92.48
92.48
92.48
92.48
92.48
92.48
92.48
80.93
80.93
80.93
80.93
86.68
86.68
86.68
86.68
86.68
86.68
86.68
88.90
88.90
88.90
88.90
89.78
89.78
89.78
89.78
89.78
89.78
89.78
89.78
92.86
92.86
92.86
92.86
92.86
92.86
92.86
92.86
95.71
95.71
95.71
95.71
95.71
95.71
95.71
95.71
96.31
96.31
96.31
96.31
96.31
96.31
96.31
96.31
97.70
97.70
97.70
97.70
97.70
97.70
97.70
97.70
98.14
98.14
98.14
98.14
98.14
98.14
98.14
98.14
98.14
98.14
98.14
98.14
97.99
97.99
97.99
97.99
97.99
97.99
97.99
97.99
97.99
97.99
97.99
98.08
98.08
98.08
98.08
98.36
98.36
98.36
98.36
98.36
98.36
98.36
97.91
97.91
97.91
97.91
97.91
97.91
97.91
97.91
97.91
97.78
97.78
97.78
97.78
97.78
97.78
97.78
97.78
97.78
97.78
97.78
97.92
97.92
97.92
97.92
97.92
97.62
97.62
97.62
97.62
97.62
97.62
96.41
96.41
96.41
96.41
96.41
96.41
96.41
96.41
96.41
94.38
94.38
94.38
94.38
94.38
94.38
94.38
94.38
96.15
96.15
96.15
96.15
96.15
96.15
96.15
96.15
96.15
96.15
96.15
93.90
93.90
93.90
93.90
93.90
93.90
93.90
93.90
93.90
93.94
93.94
93.94
93.94
93.94
93.94
93.94
93.94
96.85
96.85
96.85
96.85
96.85
96.85
96.85
97.04
97.04
97.04
97.04
97.04
97.04
97.99
97.99
97.99
97.99
97.99
97.99
97.99
97.99
98.05
98.05
98.05
98.05
98.05
98.05
98.05
98.05
98.05
97.91
97.91
97.91
97.91
97.91
97.91
97.91
97.91
98.02
98.02
98.02
98.02
98.02
98.02
98.02
96.08
96.08
96.08
96.08
96.08
96.08
96.08
96.08
96.08
