98.16
98.16
98.16
98.16
98.16
98.16
98.16
96.98
96.98
96.98
96.98
96.98
96.77
96.77
96.77
96.77
97.95
97.95
97.95
97.95
97.95
98.54
98.54
98.54
98.54
98.54
98.54
98.54
98.54
98.37
98.37
98.37
98.37
98.37
98.37
98.37
98.37
98.37
98.37
98.37
98.16
98.16
98.16
98.16
98.68
98.68
98.68
98.68
98.68
98.68
98.68
98.68
98.68
98.88
98.88
98.88
98.88
98.88
98.88
98.88
98.88
98.83
98.83
98.83
98.83
98.83
98.83
98.83
98.90
98.90
98.90
98.90
98.90
98.90
98.90
98.86
98.86
98.86
98.86
98.86
98.86
98.86
98.77
98.77
98.77
98.77
98.77
98.77
98.77
98.40
98.40
98.40
98.40
98.40
98.40
98.40
98.40
98.39
98.39
98.39
98.39
98.39
98.39
98.39
98.39
98.39
98.56
98.56
98.56
98.56
98.56
98.56
98.56
98.75
98.75
98.75
98.75
98.75
98.75
98.75
98.75
98.75
98.59
98.59
98.59
98.59
98.59
98.59
98.59
98.59
98.59
98.59
98.59
98.59
98.59
98.59
98.59
98.59
98.59
97.56
97.56
97.56
97.56
97.56
98.05
98.05
98.05
98.05
98.05
98.05
98.05
98.05
98.05
98.56
98.56
98.56
98.56
98.56
98.56
98.56
98.56
98.62
98.62
98.62
98.62
98.62
98.45
98.45
98.45
98.45
98.45
98.45
98.45
98.45
