0.42
0.48
0.44
0.38
0.43
0.38
0.42
0.38
0.35
0.37
0.32
0.36
0.34
0.54
0.47
0.50
0.48
0.43
0.47
0.37
0.37
0.43
0.43
0.44
0.39
0.42
0.37
0.43
0.42
0.43
0.41
0.38
0.39
0.47
0.48
0.47
0.43
0.46
0.40
0.42
0.42
0.42
0.41
0.44
0.45
0.44
0.40
0.42
0.38
0.42
0.33
0.34
0.49
0.49
0.49
0.44
0.48
0.42
0.36
0.40
0.43
0.44
0.44
0.39
0.42
0.36
0.30
0.33
0.48
0.49
0.49
0.46
0.49
0.40
0.42
0.50
0.51
0.52
0.48
0.51
0.47
0.50
0.54
0.51
0.51
0.52
0.48
0.51
0.45
0.48
0.54
0.53
0.54
0.48
0.51
0.45
0.46
0.38
0.28
0.24
0.40
0.55
0.56
0.55
0.50
0.52
0.48
0.44
0.46
0.42
0.46
0.34
0.42
0.55
0.55
0.56
0.50
0.53
0.46
0.54
0.54
0.55
0.49
0.52
0.43
0.41
0.67
0.68
0.69
0.63
0.66
0.60
0.57
0.59
