95.95
95.95
95.95
95.95
95.95
95.95
95.95
95.95
95.95
96.86
96.86
96.86
96.86
96.86
96.86
96.86
96.86
96.86
96.86
96.86
95.94
95.94
95.94
95.94
95.94
95.94
95.94
95.94
96.45
96.45
96.45
96.45
96.45
96.45
96.45
96.45
96.45
96.45
95.17
95.17
95.17
95.17
95.17
95.17
93.05
93.05
93.05
93.05
93.29
93.29
93.29
93.29
93.29
93.29
93.29
93.29
93.29
94.87
94.87
94.87
94.87
94.87
94.87
94.87
94.87
94.47
94.47
94.47
94.47
94.47
94.47
94.47
94.47
94.47
94.47
94.47
94.47
93.65
93.65
93.65
93.65
93.65
93.65
93.65
93.65
93.65
88.51
88.51
88.51
88.51
88.51
86.84
86.84
86.84
86.84
86.84
86.84
86.84
86.84
86.84
90.61
90.61
90.61
90.61
90.61
90.61
88.74
88.74
88.74
88.74
88.74
88.74
88.74
88.74
92.28
92.28
92.28
92.28
92.28
92.28
92.28
92.28
92.28
93.00
93.00
93.00
93.00
93.00
93.00
93.00
93.00
93.00
94.72
94.72
94.72
94.72
94.72
94.72
94.72
94.72
94.41
94.41
94.41
94.41
94.41
94.41
94.41
94.41
94.41
94.41
94.41
94.41
95.40
95.40
95.40
95.40
97.32
97.32
97.32
97.32
97.32
97.32
97.32
97.32
97.32
97.32
97.32
97.94
97.94
97.94
97.94
97.94
97.94
97.94
97.94
98.11
98.11
98.11
98.11
98.11
98.11
98.11
98.11
98.11
98.11
98.11
97.05
97.05
97.05
97.05
97.05
97.05
97.05
97.05
96.46
96.46
96.46
96.46
96.46
96.46
96.46
96.46
96.86
96.86
96.86
96.86
96.86
96.86
96.86
96.86
96.86
96.86
96.86
97.19
97.19
97.19
97.19
97.19
97.19
97.19
97.19
96.53
96.53
96.53
96.53
96.53
96.53
96.53
96.53
95.96
95.96
95.96
95.96
95.96
95.96
95.96
95.96
95.26
95.26
95.26
95.26
95.26
95.26
95.26
92.34
92.34
92.34
92.34
92.34
92.34
92.34
92.34
92.34
87.36
87.36
87.36
87.36
87.36
87.36
87.36
87.36
