98.50
98.50
98.50
98.50
98.50
98.50
98.50
98.50
98.34
98.34
98.34
98.34
98.34
98.34
98.34
98.34
98.34
98.48
98.48
98.48
98.48
98.85
98.85
98.85
98.85
98.85
98.85
98.85
98.85
98.85
98.91
98.91
98.91
98.91
98.91
98.91
98.91
98.91
98.91
98.91
98.91
98.91
98.92
98.92
98.92
98.92
98.92
98.92
98.92
98.92
98.92
98.92
98.92
98.91
98.91
98.91
98.91
98.91
98.91
98.91
98.91
98.84
98.84
98.84
98.84
98.84
98.84
98.69
98.69
98.69
98.69
98.69
98.24
98.24
98.24
98.24
98.22
98.22
98.22
98.22
98.22
98.22
98.41
98.41
98.41
98.41
98.41
98.41
98.41
98.63
98.63
98.63
98.63
98.63
98.63
98.86
98.86
98.86
98.86
98.86
98.86
98.86
98.89
98.89
98.89
98.89
98.89
98.89
98.89
98.89
98.89
98.89
98.89
98.79
98.79
98.79
98.79
98.79
98.79
98.79
98.79
