0.88
0.88
0.86
0.85
0.85
0.78
0.75
0.72
0.75
0.87
0.87
0.85
0.86
0.83
0.86
0.85
0.83
0.82
0.81
0.80
0.80
0.78
0.78
0.71
0.67
0.60
0.49
0.44
0.61
0.80
0.80
0.79
0.78
0.78
0.84
0.83
0.79
0.81
0.75
0.80
0.77
0.78
0.79
0.78
0.78
0.77
0.74
0.81
0.81
0.80
0.80
0.78
0.81
0.80
0.80
0.79
0.80
0.76
0.75
0.76
0.73
0.74
0.69
0.66
0.63
0.60
0.81
0.82
0.82
0.81
0.88
0.89
0.88
0.88
0.88
0.86
0.84
0.84
0.90
0.90
0.91
0.89
0.90
0.86
0.86
0.83
0.92
0.92
0.92
0.91
0.91
0.87
0.87
0.93
0.93
0.93
0.93
0.92
0.91
0.90
0.87
0.84
0.93
0.93
0.93
0.92
0.92
0.90
0.89
0.88
0.93
0.93
0.92
0.92
0.91
0.91
0.90
0.93
0.92
0.91
0.91
0.90
0.87
0.85
0.76
0.91
0.91
0.91
0.90
0.89
0.88
0.91
0.91
0.91
0.89
0.89
0.82
0.81
0.79
0.89
0.89
0.88
0.88
0.86
0.88
0.85
0.86
0.86
0.86
0.83
0.85
0.88
0.87
0.86
0.86
0.83
0.83
0.81
0.77
0.74
0.86
0.86
0.85
0.83
0.82
0.74
0.70
0.63
0.50
0.45
0.63
0.81
0.81
0.82
0.81
0.78
0.78
0.77
0.73
0.72
0.66
0.65
0.61
0.52
