0.68
0.70
0.72
0.61
0.64
0.49
0.50
0.77
0.79
0.79
0.71
0.73
0.63
0.56
0.58
0.86
0.87
0.86
0.85
0.83
0.82
0.82
0.80
0.87
0.87
0.87
0.84
0.84
0.75
0.71
0.63
0.56
0.87
0.88
0.86
0.86
0.83
0.82
0.85
0.86
0.86
0.87
0.83
0.85
0.77
0.71
0.70
0.87
0.88
0.88
0.87
0.86
0.86
0.84
0.89
0.89
0.88
0.88
0.86
0.88
0.85
0.86
0.86
0.86
0.85
0.87
0.86
0.86
0.84
0.84
0.77
0.74
0.67
0.61
0.85
0.85
0.85
0.84
0.83
0.82
0.82
0.81
0.80
0.79
0.77
0.76
0.75
0.75
0.76
0.72
0.74
0.66
0.73
0.73
0.72
0.69
0.68
0.67
0.64
0.66
0.65
0.63
0.63
0.75
0.75
0.76
0.73
0.75
0.67
0.68
0.74
0.76
0.77
0.71
0.76
0.66
0.66
0.67
0.64
0.78
0.79
0.79
0.75
0.78
0.69
