0.89
0.89
0.89
0.88
0.87
0.87
0.84
0.84
0.88
0.88
0.88
0.85
0.86
0.80
0.75
0.80
0.88
0.88
0.87
0.87
0.85
0.85
0.84
0.82
0.86
0.85
0.86
0.84
0.85
0.78
0.82
0.84
0.84
0.84
0.82
0.83
0.76
0.73
0.69
0.66
0.84
0.84
0.85
0.82
0.84
0.72
0.87
0.88
0.88
0.87
0.88
0.81
0.85
0.88
0.88
0.89
0.87
0.88
0.83
0.83
0.87
0.87
0.87
0.85
0.86
0.82
0.80
0.74
0.70
0.88
0.88
0.89
0.87
0.89
0.81
0.81
0.91
0.91
0.91
0.90
0.90
0.87
0.84
0.84
0.83
0.82
0.89
0.89
0.89
0.88
0.88
0.85
0.85
0.89
0.89
0.89
0.87
0.88
0.78
0.74
0.65
0.58
0.90
0.89
0.90
0.88
0.89
0.81
0.74
0.72
0.73
0.69
0.90
0.90
0.90
0.89
0.89
0.85
0.84
0.76
0.89
0.89
0.89
0.89
0.88
0.88
0.87
0.87
0.88
0.88
0.88
0.86
0.87
0.80
0.77
0.69
0.63
0.89
0.89
0.89
0.88
0.87
0.87
0.85
0.82
0.79
0.89
0.89
0.88
0.88
0.87
0.86
0.86
0.78
0.87
0.87
0.87
0.85
0.86
0.81
0.78
0.71
0.64
0.88
0.88
0.88
0.87
0.87
0.86
0.84
0.84
0.88
0.88
0.88
0.86
0.86
0.83
0.80
0.74
0.68
0.87
0.88
0.88
0.87
0.87
0.86
0.87
0.87
0.87
0.85
0.86
0.80
0.77
0.72
0.60
0.58
0.71
0.86
0.86
0.87
0.85
0.86
0.75
0.75
0.87
0.87
0.87
0.86
0.86
0.82
0.80
0.77
0.75
0.88
0.88
0.88
0.88
0.87
