0.92
0.93
0.93
0.92
0.92
0.91
0.89
0.89
0.92
0.92
0.92
0.92
0.92
0.90
0.87
0.88
0.87
0.88
0.86
0.92
0.92
0.92
0.90
0.92
0.82
0.77
0.81
0.94
0.94
0.94
0.93
0.94
0.86
0.87
0.96
0.96
0.96
0.95
0.95
0.91
0.84
0.85
0.87
0.82
0.87
0.84
0.86
0.84
0.94
0.94
0.94
0.92
0.93
0.81
0.74
0.75
0.95
0.95
0.95
0.94
0.94
0.96
0.96
0.96
0.95
0.95
0.95
0.95
0.95
0.95
0.93
0.94
0.91
0.90
0.94
0.94
0.94
0.93
0.92
0.95
0.95
0.94
0.94
0.92
0.90
0.91
0.94
0.94
0.93
0.92
0.95
0.96
0.96
0.95
0.95
0.93
0.91
0.91
0.95
0.96
0.95
0.95
0.95
0.92
0.90
0.96
0.96
0.96
0.94
0.95
0.81
0.68
0.67
0.66
0.67
0.96
0.96
0.96
0.95
0.96
0.88
0.83
0.77
0.71
0.96
0.96
0.96
0.96
0.96
0.92
0.92
0.96
0.96
0.96
0.96
0.95
0.96
0.96
0.96
0.95
0.95
0.92
0.87
0.88
0.96
0.96
0.96
0.96
0.96
0.95
0.91
0.91
0.96
0.96
0.96
0.96
0.96
0.95
0.94
0.93
0.93
0.93
0.89
0.92
0.96
0.96
0.96
0.95
0.95
0.93
0.93
0.93
0.92
0.91
0.88
0.87
0.94
0.94
0.94
0.94
0.93
0.92
0.91
0.90
0.95
0.95
0.95
0.94
0.96
0.96
0.96
0.95
0.95
0.85
0.86
0.96
0.96
0.95
0.95
0.94
0.93
0.89
0.88
0.95
0.95
0.94
0.93
0.93
0.85
0.75
0.75
0.92
0.91
0.90
0.90
0.87
0.87
0.85
0.88
0.87
0.84
0.85
0.80
0.80
0.82
0.81
0.79
0.79
0.76
0.73
0.67
0.66
0.80
0.80
0.80
0.78
0.78
0.76
0.79
0.80
0.79
0.74
0.75
0.66
0.60
0.61
0.87
0.87
0.88
0.83
0.87
0.72
0.69
0.66
0.63
0.92
0.93
0.92
0.91
0.92
0.82
0.81
0.93
0.94
0.93
0.92
0.92
0.84
0.79
0.76
0.61
0.57
0.74
0.94
0.94
0.93
0.93
0.91
0.94
0.94
0.94
0.93
0.94
0.90
0.94
0.94
0.94
0.93
0.93
0.88
0.86
0.83
0.72
0.69
0.79
0.94
0.94
0.94
0.93
0.94
0.86
0.80
0.79
0.74
0.94
0.94
0.94
0.93
0.94
0.90
0.88
0.87
0.87
0.95
0.95
0.95
0.95
0.95
0.94
0.94
0.93
0.95
0.95
0.94
0.94
0.93
0.90
0.87
0.86
0.86
0.94
0.94
0.94
0.92
0.93
0.80
0.67
0.68
0.94
0.94
0.94
0.94
0.93
0.93
0.91
0.91
0.90
0.91
0.87
0.90
0.95
0.95
0.94
0.95
0.93
0.94
0.93
0.93
0.92
0.93
0.92
0.94
0.94
0.93
0.93
0.92
0.82
0.77
0.73
0.72
0.92
0.92
0.92
0.90
0.91
0.78
0.67
0.62
0.93
0.93
0.93
0.93
0.92
0.92
0.90
0.90
0.90
0.90
0.89
0.94
0.94
0.93
0.94
0.92
0.93
0.91
0.91
0.93
0.93
0.92
0.91
0.91
0.83
0.85
0.92
0.92
0.92
0.90
0.91
0.82
0.77
0.71
0.64
