95.83
95.83
95.83
95.83
95.83
95.83
95.83
95.83
96.76
96.76
96.76
96.76
96.76
96.76
96.76
96.95
96.95
96.95
96.95
96.95
96.95
96.95
96.95
95.84
95.84
95.84
95.84
95.84
95.84
95.84
95.84
95.49
95.49
95.49
95.49
95.49
95.49
95.49
95.49
95.49
95.36
95.36
95.36
95.36
95.36
95.36
95.36
95.36
96.42
96.42
96.42
96.42
96.42
96.42
96.42
96.42
97.03
97.03
97.03
97.03
97.03
97.03
97.03
97.03
97.03
97.05
97.05
97.05
97.05
97.05
97.05
97.05
97.05
96.02
96.02
96.02
96.02
97.78
97.78
97.78
97.78
97.78
97.78
97.78
97.78
97.25
97.25
97.25
97.25
97.25
97.25
97.25
97.25
97.85
97.85
97.85
97.85
97.85
97.85
97.85
97.85
97.65
97.65
97.65
97.65
97.65
97.65
97.65
97.65
97.81
97.81
97.81
97.81
97.81
97.51
97.51
97.51
97.51
97.51
97.51
97.51
97.51
97.51
94.33
94.33
94.33
94.33
85.69
85.69
85.69
85.69
85.69
84.34
84.34
84.34
84.34
92.30
92.30
92.30
92.30
92.30
92.30
95.27
95.27
95.27
95.27
95.27
95.27
95.27
93.17
93.17
93.17
93.17
93.17
93.17
