0.95
0.95
0.95
0.94
0.94
0.83
0.77
0.73
0.72
0.95
0.95
0.95
0.95
0.95
0.93
0.90
0.90
0.89
0.90
0.82
0.88
0.97
0.97
0.97
0.97
0.97
0.98
0.97
0.98
0.97
0.97
0.98
0.98
0.98
0.98
0.98
0.95
0.95
0.98
0.98
0.98
0.98
0.98
0.98
0.96
0.96
0.94
0.93
0.93
0.98
0.98
0.98
0.98
0.98
0.98
0.98
0.97
0.97
0.96
0.89
0.88
0.96
0.96
0.96
0.96
0.95
0.93
0.95
0.95
0.94
0.94
0.94
0.95
0.95
0.95
0.95
0.95
0.94
0.92
0.91
0.96
0.96
0.96
0.95
0.96
0.91
0.97
0.97
0.97
0.96
0.97
0.92
0.92
0.97
0.96
0.96
0.96
0.96
0.78
0.77
0.96
0.96
0.97
0.96
0.96
0.78
0.97
0.97
0.97
0.97
0.97
0.94
0.88
0.86
0.87
