0.79
0.85
0.87
0.79
0.86
0.70
0.72
0.59
0.88
0.90
0.90
0.89
0.89
0.88
0.86
0.87
0.87
0.87
0.81
0.86
0.90
0.91
0.91
0.89
0.91
0.84
0.83
0.86
0.90
0.92
0.92
0.89
0.91
0.80
0.74
0.77
0.79
0.84
0.86
0.82
0.84
0.83
0.93
0.93
0.93
0.93
0.93
0.92
0.90
0.90
0.90
0.90
0.89
0.93
0.93
0.93
0.92
0.92
0.82
0.93
0.93
0.93
0.91
0.92
0.80
0.75
0.73
0.69
0.93
0.93
0.93
0.93
0.93
0.90
0.91
0.84
0.94
0.94
0.93
0.93
0.91
0.92
0.92
0.90
0.86
0.86
0.89
0.93
0.92
0.91
0.90
0.90
0.84
0.81
0.74
0.71
0.92
0.92
0.91
0.90
0.90
0.79
0.74
0.65
0.60
0.93
0.93
0.93
0.91
0.92
0.85
0.81
0.84
0.94
0.94
0.94
0.93
0.94
0.91
0.90
0.95
0.95
0.94
0.94
0.92
0.93
0.92
0.93
0.93
0.93
0.92
0.92
0.89
0.85
0.85
0.85
0.86
0.77
0.84
0.93
0.93
0.92
0.92
0.89
0.91
0.89
0.89
0.89
0.89
0.84
0.88
0.88
0.87
0.85
0.85
0.81
0.82
0.79
0.81
0.86
0.85
0.84
0.82
0.83
0.83
0.83
0.80
0.82
0.73
0.67
0.68
0.88
0.89
0.90
0.86
0.90
0.76
0.76
0.73
0.93
0.94
0.94
0.94
0.93
0.92
0.90
0.91
0.92
0.92
0.91
0.90
0.91
0.91
0.94
0.94
0.95
0.93
0.94
0.88
0.84
0.81
0.83
0.96
0.96
0.96
0.95
0.95
0.92
0.91
0.95
0.95
0.95
0.95
0.95
0.94
0.92
0.92
0.92
0.92
0.91
0.96
0.96
0.96
0.95
0.96
0.84
0.97
0.97
0.96
0.96
0.96
0.96
0.95
0.94
0.94
0.94
0.91
0.94
0.96
0.96
0.96
0.95
0.96
0.83
0.77
0.74
0.60
0.53
0.68
0.96
0.96
0.96
0.96
0.96
0.94
0.91
0.91
0.91
0.91
0.86
0.90
0.97
0.97
0.97
0.96
0.96
0.92
0.92
0.97
0.97
0.97
0.96
0.96
0.91
0.86
0.83
0.80
0.96
0.96
0.96
0.95
0.95
0.90
0.85
0.84
0.83
0.96
0.96
0.96
0.96
0.95
0.94
0.94
0.96
0.95
0.95
0.95
0.93
0.94
0.92
0.92
0.96
0.95
0.94
0.94
0.92
0.91
0.89
0.88
0.95
0.94
0.94
0.93
0.92
0.87
0.83
0.81
0.92
0.93
0.92
0.91
0.91
0.88
0.83
0.83
0.81
0.80
0.80
0.93
0.93
0.92
0.91
0.91
0.80
0.94
0.94
0.94
0.93
0.94
0.89
0.86
0.83
0.80
0.94
0.94
0.93
0.94
0.92
0.94
0.93
0.93
0.92
0.93
0.92
0.92
0.92
0.91
0.91
0.90
0.87
