0.88
0.89
0.89
0.88
0.88
0.86
0.85
0.90
0.91
0.91
0.89
0.90
0.87
0.92
0.93
0.93
0.92
0.92
0.91
0.89
0.89
0.88
0.89
0.88
0.93
0.93
0.93
0.92
0.93
0.89
0.86
0.82
0.84
0.93
0.93
0.94
0.92
0.93
0.88
0.81
0.81
0.94
0.94
0.94
0.94
0.94
0.93
0.92
0.90
0.91
0.95
0.95
0.95
0.94
0.94
0.94
0.94
0.94
0.94
0.93
0.93
0.93
0.93
0.93
0.91
0.88
0.88
0.88
0.88
0.87
0.94
0.94
0.94
0.93
0.93
0.90
0.89
0.87
0.93
0.93
0.92
0.92
0.91
0.91
0.91
0.91
0.90
0.90
0.88
0.85
0.83
0.83
0.90
0.90
0.89
0.89
0.87
0.88
0.86
0.85
0.85
0.90
0.90
0.89
0.89
0.87
0.87
0.86
0.85
0.88
0.88
0.87
0.86
0.86
0.80
0.76
0.69
0.72
0.85
0.84
0.84
0.83
0.82
0.82
0.79
0.79
0.85
0.84
0.83
0.83
0.81
0.80
0.83
0.72
0.83
0.82
0.82
0.81
0.79
0.76
0.71
0.73
0.82
0.80
0.80
0.78
0.76
0.72
0.66
0.69
0.83
0.82
0.83
0.80
0.81
0.75
0.71
0.65
0.68
0.85
0.86
0.86
0.84
0.85
0.77
0.77
0.74
0.88
0.89
0.89
0.88
0.88
0.90
0.90
0.91
0.88
0.90
0.78
0.75
0.70
0.68
0.92
0.92
0.91
0.91
0.89
0.80
0.91
0.91
0.91
0.88
0.90
0.78
0.70
0.69
0.67
0.66
0.48
0.66
0.92
0.92
0.91
0.91
0.88
0.85
0.82
0.81
0.82
0.92
0.92
0.92
0.90
0.91
0.79
0.74
0.65
0.71
0.91
0.91
0.89
0.89
0.87
0.79
0.77
0.89
0.88
0.88
0.86
0.85
0.80
0.77
0.74
0.67
0.85
0.85
0.84
0.81
0.81
0.72
0.69
0.64
0.55
0.85
0.86
0.85
0.81
0.83
0.70
0.66
0.59
0.44
0.39
0.59
0.87
0.87
0.88
0.85
0.85
0.90
0.90
0.90
0.87
0.87
0.79
0.71
0.76
0.92
0.92
0.92
0.90
0.91
0.83
0.80
0.75
0.69
0.94
0.94
0.94
0.93
0.93
0.84
0.84
0.94
0.94
0.94
0.93
0.93
0.84
0.85
0.95
0.95
0.94
0.94
0.93
0.91
0.87
0.86
0.93
0.93
0.93
0.92
0.92
0.86
0.87
0.93
0.93
0.92
0.92
0.91
0.85
0.84
0.91
0.90
0.90
0.89
0.88
0.85
0.83
0.77
0.71
0.88
0.87
0.84
0.85
0.78
0.84
0.80
0.81
0.81
0.79
0.79
0.78
0.78
0.78
0.78
0.77
0.77
0.74
0.72
0.68
0.62
0.64
