98.12
98.12
98.12
98.12
98.12
98.12
98.12
98.12
97.88
97.88
97.88
97.88
97.88
97.88
97.88
97.88
96.38
96.38
96.38
96.38
96.38
96.38
96.38
96.38
96.38
96.38
96.00
96.00
96.00
96.00
96.00
96.00
96.00
96.00
96.00
95.75
95.75
95.75
95.75
95.75
95.75
95.75
95.75
95.75
97.75
97.75
97.75
97.75
97.75
97.75
97.75
97.75
97.75
97.75
97.75
97.75
97.75
97.75
97.75
97.75
97.75
97.75
97.50
97.50
97.50
97.50
97.50
97.50
97.50
97.50
97.50
97.50
98.44
98.44
98.44
98.44
98.44
98.44
98.44
98.19
98.19
98.19
98.19
98.19
98.19
97.38
97.38
97.38
97.38
97.38
97.81
97.81
97.81
97.81
97.81
97.81
97.81
97.81
97.81
97.81
97.81
98.12
98.12
98.12
98.12
98.12
98.12
98.12
98.12
98.12
98.12
98.12
95.75
95.75
95.75
95.75
95.19
95.19
95.19
95.19
95.19
95.19
92.06
92.06
92.06
92.06
92.06
92.06
92.06
92.06
92.06
92.06
92.06
93.06
93.06
93.06
93.06
93.06
93.06
93.06
93.06
93.06
88.75
88.75
88.75
88.75
88.75
88.75
88.75
92.38
92.38
92.38
92.38
92.38
92.38
92.38
92.38
96.75
96.75
96.75
96.75
96.75
96.75
96.75
96.75
96.75
97.88
97.88
97.88
97.88
97.88
97.88
97.88
97.88
97.88
97.88
97.88
95.69
95.69
95.69
95.69
95.69
94.06
94.06
94.06
94.06
97.38
97.38
97.38
97.38
97.38
97.38
97.38
97.38
98.19
98.19
98.19
98.19
98.19
98.19
98.19
98.19
98.50
98.50
98.50
98.50
98.50
98.50
98.50
98.50
98.50
98.50
98.50
98.50
98.50
98.50
98.38
98.38
98.38
98.38
98.38
98.38
98.38
98.38
98.38
98.38
98.38
98.25
98.25
98.25
98.25
98.25
98.25
98.25
98.12
98.12
98.12
98.12
98.12
98.12
97.44
97.44
97.44
97.44
97.44
97.44
97.44
97.44
97.50
97.50
97.50
97.50
97.50
97.50
97.50
97.50
97.88
97.88
97.88
97.88
98.62
98.62
98.62
98.62
98.62
98.62
98.69
98.69
98.69
98.69
98.69
98.69
98.69
98.69
98.69
98.69
98.69
98.69
98.69
98.69
98.69
98.62
98.62
98.62
98.62
98.62
98.62
98.62
98.62
97.38
97.38
97.38
97.38
97.38
97.38
97.38
97.38
95.06
95.06
95.06
95.06
96.44
96.44
96.44
96.44
96.44
96.44
95.31
95.31
95.31
95.31
95.31
95.31
95.31
95.31
96.56
96.56
96.56
96.56
96.56
98.00
98.00
98.00
98.00
98.00
98.00
98.00
98.00
98.00
98.00
98.62
98.62
98.62
98.62
98.62
98.62
98.62
98.62
98.56
98.56
98.56
98.56
98.56
98.56
98.56
98.56
98.81
98.81
98.81
98.81
98.81
98.81
98.81
98.81
98.81
98.81
98.81
98.81
98.81
98.81
98.81
98.81
98.81
98.81
98.81
98.81
98.69
98.69
98.69
98.69
98.69
98.69
98.69
98.69
98.69
98.69
