97.88
97.88
97.88
97.88
97.88
97.88
98.58
98.58
98.58
98.58
98.58
98.58
98.58
98.58
98.58
98.58
98.58
98.04
98.04
98.04
98.04
98.04
98.04
98.04
98.04
98.04
98.29
98.29
98.29
98.29
98.29
98.64
98.64
98.64
98.64
98.64
98.64
98.64
98.64
98.64
98.64
98.64
98.39
98.39
98.39
98.39
98.39
97.03
97.03
97.03
97.03
97.03
97.03
97.03
97.03
97.03
97.87
97.87
97.87
97.87
97.87
98.03
98.03
98.03
98.03
98.03
98.03
98.03
98.03
96.00
96.00
96.00
96.00
96.96
96.96
96.96
96.96
96.96
96.96
96.96
95.91
95.91
95.91
95.91
95.91
95.91
95.91
95.91
95.92
95.92
95.92
95.92
95.92
95.92
95.92
95.92
94.47
94.47
94.47
94.47
94.47
94.47
94.47
94.47
97.46
97.46
97.46
97.46
97.46
97.46
97.46
97.46
97.73
97.73
97.73
97.73
97.73
97.73
97.73
97.73
97.73
97.55
97.55
97.55
97.55
97.55
97.55
97.88
97.88
97.88
97.88
98.59
98.59
98.59
98.59
98.59
98.59
98.59
98.44
98.44
98.44
98.44
98.44
98.44
98.44
98.30
98.30
98.30
98.30
98.30
98.30
98.30
98.30
98.30
98.30
98.30
98.64
98.64
98.64
98.64
98.64
98.63
98.63
98.63
98.63
98.88
98.88
98.88
98.88
98.88
98.88
98.88
98.88
98.88
98.88
98.88
98.88
98.62
98.62
98.62
98.62
98.62
98.62
98.62
98.62
98.62
98.62
98.62
98.47
98.47
98.47
98.47
98.89
98.89
98.89
98.89
98.89
98.89
98.89
98.89
98.87
98.87
98.87
98.87
98.87
98.87
98.87
98.89
98.89
98.89
98.89
98.89
98.89
98.89
98.80
98.80
98.80
98.80
98.80
98.80
98.80
98.80
98.80
98.80
98.80
98.48
98.48
98.48
98.48
98.48
98.48
98.48
98.48
98.42
98.42
98.42
98.42
98.42
98.42
98.42
98.42
98.42
98.42
98.42
97.09
97.09
97.09
97.09
97.09
97.09
97.09
97.09
97.09
97.09
97.09
96.85
96.85
96.85
96.85
98.28
98.28
98.28
98.28
98.28
98.28
98.28
98.28
98.28
98.28
98.28
98.80
98.80
98.80
98.80
98.80
98.80
98.80
98.80
98.80
98.80
98.80
98.87
98.87
98.87
98.87
98.87
98.87
98.87
98.90
98.90
98.90
98.90
98.90
98.90
98.90
98.90
98.90
98.90
98.87
98.87
98.87
98.87
98.87
98.87
98.87
98.87
98.87
98.87
98.87
98.87
98.87
