97.06
97.06
97.06
97.06
97.06
98.14
98.14
98.14
98.14
98.14
98.14
98.14
98.14
98.14
98.14
98.14
97.71
97.71
97.71
97.71
97.71
97.71
97.71
97.71
97.71
97.71
92.01
92.01
92.01
92.01
93.73
93.73
93.73
93.73
93.73
93.73
93.73
93.73
93.73
93.73
93.73
94.87
94.87
94.87
94.87
97.43
97.43
97.43
97.43
97.43
97.43
97.43
98.18
98.18
98.18
98.18
98.18
98.18
98.18
98.18
98.18
98.76
98.76
98.76
98.76
98.76
98.76
98.76
98.58
98.58
98.58
98.58
98.58
98.58
98.58
98.58
98.58
98.58
98.30
98.30
98.30
98.30
98.30
98.30
98.30
98.30
98.30
98.87
98.87
98.87
98.87
98.87
98.87
98.87
98.87
98.81
98.81
98.81
98.81
98.81
98.81
98.81
98.81
98.81
98.81
98.81
98.81
98.43
98.43
98.43
98.43
98.43
97.16
97.16
97.16
97.16
97.16
97.16
91.05
91.05
91.05
91.05
88.04
88.04
88.04
88.04
90.80
90.80
90.80
90.80
90.80
90.80
90.80
90.80
92.65
92.65
92.65
92.65
92.65
92.65
92.65
90.29
90.29
90.29
90.29
90.29
90.29
90.29
90.29
90.29
90.19
90.19
90.19
90.19
90.19
90.19
90.19
90.19
90.19
93.99
93.99
93.99
93.99
93.99
93.99
93.99
93.99
96.79
96.79
96.79
96.79
96.79
96.79
96.79
96.79
96.79
96.79
98.58
98.58
98.58
98.58
98.58
98.58
98.58
98.58
98.65
98.65
98.65
98.65
98.65
98.65
98.65
98.65
98.65
98.65
98.65
98.65
98.65
98.65
98.65
98.65
98.86
98.86
98.86
98.86
98.86
98.86
98.86
98.86
98.86
98.92
98.92
98.92
98.92
98.92
98.92
98.92
98.92
98.85
98.85
98.85
98.85
98.85
98.85
98.85
98.85
98.85
98.85
98.85
98.91
98.91
98.91
98.91
98.91
98.94
98.94
98.94
98.94
98.94
98.94
98.94
98.94
98.95
98.95
98.95
98.95
98.95
98.95
98.95
98.88
98.88
98.88
98.88
98.88
98.88
98.88
98.86
98.86
98.86
98.86
98.86
98.86
98.86
98.86
98.81
98.81
98.81
98.81
98.81
98.81
98.81
98.81
98.81
98.81
98.81
98.77
98.77
98.77
98.77
98.77
98.77
98.77
98.77
98.77
98.87
98.87
98.87
98.87
98.87
98.87
98.87
98.87
98.71
98.71
98.71
98.71
98.71
98.71
98.71
98.71
98.71
98.43
98.43
98.43
98.43
98.43
98.43
98.43
97.79
97.79
97.79
97.79
97.79
96.40
96.40
96.40
96.40
96.40
91.85
91.85
91.85
91.85
91.85
91.85
89.00
89.00
89.00
89.00
89.00
89.00
89.00
89.00
89.00
