98.64
98.64
98.64
98.64
98.59
98.59
98.59
98.59
98.59
98.59
98.59
98.59
98.60
98.60
98.60
98.60
98.60
98.60
98.60
98.60
98.60
98.58
98.58
98.58
98.58
98.58
98.58
98.58
98.58
98.46
98.46
98.46
98.46
98.46
98.46
98.46
98.46
98.53
98.53
98.53
98.53
98.53
98.53
98.53
98.60
98.60
98.60
98.60
98.60
98.60
98.60
98.59
98.59
98.59
98.59
98.59
98.59
98.59
98.59
98.59
98.59
98.59
97.44
97.44
97.44
97.44
97.44
97.44
97.44
97.44
96.99
96.99
96.99
96.99
95.41
95.41
95.41
95.41
95.41
95.41
95.41
95.41
95.41
95.41
95.41
95.41
97.48
97.48
97.48
97.48
97.48
97.48
97.48
97.48
97.48
97.48
97.79
97.79
97.79
97.79
97.79
97.79
97.79
97.79
98.62
98.62
98.62
98.62
98.62
98.62
98.62
98.62
98.73
98.73
98.73
98.73
98.73
98.73
98.73
98.73
98.70
98.70
98.70
98.70
98.70
98.70
98.70
98.70
98.70
98.70
98.44
98.44
98.44
98.44
98.44
98.44
98.57
98.57
98.57
98.57
98.57
98.57
98.57
98.57
98.78
98.78
98.78
98.78
98.78
98.78
98.78
98.78
98.78
98.78
98.78
98.78
98.78
98.78
98.36
98.36
98.36
98.36
98.36
98.36
98.36
98.36
