98.12
98.12
98.12
98.12
98.12
98.12
98.12
98.00
98.00
98.00
98.00
98.00
98.00
97.12
97.12
97.12
97.12
97.12
96.31
96.31
96.31
96.31
96.31
96.31
96.31
96.31
97.81
97.81
97.81
97.81
97.75
97.75
97.75
97.75
97.75
98.44
98.44
98.44
98.44
98.44
98.44
98.44
98.44
98.44
98.44
98.44
98.81
98.81
98.81
98.81
98.81
98.81
98.81
98.81
98.81
98.75
98.75
98.75
98.75
98.75
98.75
98.75
98.75
98.75
98.75
98.75
98.69
98.69
98.69
98.69
98.69
98.81
98.81
98.81
98.81
98.81
98.81
98.81
98.81
98.81
98.69
98.69
98.69
98.69
98.69
98.69
98.75
98.75
98.75
98.75
98.75
98.75
98.75
98.75
98.75
98.56
98.56
98.56
98.56
98.56
98.56
98.50
98.50
98.50
98.50
98.50
98.50
98.56
98.56
98.56
98.56
98.56
98.56
98.56
98.56
98.56
98.56
98.56
98.56
98.56
98.56
98.56
98.56
98.56
98.56
98.56
98.56
98.56
98.56
98.56
98.62
98.62
98.62
98.62
98.62
98.62
98.62
98.62
98.44
98.44
98.44
98.44
98.44
98.44
98.38
98.38
98.38
98.38
98.38
98.38
98.38
98.38
98.38
98.44
98.44
98.44
98.44
98.44
98.44
98.44
98.44
98.44
98.44
98.44
98.44
98.44
98.44
98.44
98.44
98.25
98.25
98.25
98.25
98.25
98.50
98.50
98.50
98.50
98.50
98.50
98.50
98.75
98.75
98.75
98.75
98.75
98.75
98.75
98.75
98.75
98.75
98.56
98.56
98.56
98.56
98.56
98.56
98.56
98.56
98.56
98.50
98.50
98.50
98.50
98.50
98.50
98.50
98.56
98.56
98.56
98.56
98.56
98.56
98.56
98.56
98.56
98.56
98.56
98.56
98.56
98.56
98.56
98.56
98.56
98.56
97.62
97.62
97.62
97.62
97.50
97.50
97.50
97.50
97.50
97.50
97.50
97.50
98.44
98.44
98.44
98.44
98.44
98.44
98.44
98.44
98.56
98.56
98.56
98.56
98.56
98.56
98.56
98.56
98.56
98.56
98.56
98.56
98.56
98.38
98.38
98.38
98.38
98.38
98.44
98.44
98.44
98.44
98.44
98.44
98.44
98.44
