0.52
0.54
0.55
0.47
0.53
0.46
0.50
0.43
0.32
0.28
0.45
0.59
0.58
0.57
0.50
0.53
0.45
0.48
0.65
0.64
0.65
0.59
0.73
0.73
0.74
0.68
0.70
0.64
0.61
0.63
0.82
0.82
0.84
0.79
0.83
0.73
0.72
0.90
0.90
0.90
0.89
0.89
0.85
0.84
0.92
0.93
0.93
0.92
0.92
0.87
0.84
0.83
0.82
0.92
0.93
0.93
0.91
0.92
0.86
0.80
0.81
0.79
0.81
0.52
0.77
0.95
0.95
0.95
0.95
0.94
0.94
0.93
0.93
0.96
0.96
0.96
0.94
0.95
0.86
0.80
0.71
0.78
0.97
0.97
0.97
0.96
0.96
0.95
0.95
0.96
0.96
0.96
0.96
0.96
0.93
0.92
0.96
0.96
0.95
0.95
0.94
0.92
0.96
0.96
0.95
0.95
0.95
0.95
0.95
0.94
0.94
0.93
0.87
0.94
0.93
0.92
0.93
0.91
0.91
0.91
0.86
0.93
0.93
0.93
0.91
0.92
0.92
0.93
0.91
0.92
0.88
0.86
0.81
0.73
0.71
0.79
0.94
0.94
0.94
0.93
0.93
0.90
0.88
0.88
0.94
0.94
0.94
0.94
0.94
0.91
0.91
0.88
0.95
0.95
0.95
0.93
0.95
0.81
0.75
0.67
0.59
0.96
0.96
0.96
0.95
0.95
0.95
0.95
0.94
0.95
0.95
0.94
0.94
0.91
0.88
0.85
0.86
0.95
0.95
0.95
0.95
0.94
0.95
0.94
0.93
0.93
0.93
0.93
