31.23
31.23
31.23
31.23
31.23
31.23
31.48
31.48
31.48
31.48
31.48
31.48
31.48
40.19
40.19
40.19
40.19
40.19
40.19
40.19
38.16
38.16
38.16
38.16
38.16
38.16
38.16
38.16
38.16
38.16
38.16
38.16
48.49
48.49
48.49
48.49
48.49
48.49
48.49
48.49
48.49
45.93
45.93
45.93
45.93
45.93
45.93
45.93
54.76
54.76
54.76
54.76
54.76
54.76
54.76
54.76
58.19
58.19
58.19
58.19
58.19
75.57
75.57
75.57
75.57
75.57
75.57
75.57
75.57
75.57
75.57
75.57
75.57
78.69
78.69
78.69
78.69
78.69
78.69
78.69
78.69
81.11
81.11
81.11
81.11
81.11
81.11
81.11
81.11
81.84
81.84
81.84
81.84
81.84
89.49
89.49
89.49
89.49
89.49
94.81
94.81
94.81
94.81
94.81
94.81
94.81
94.81
94.81
94.81
94.81
94.81
96.24
96.24
96.24
96.24
96.24
96.24
96.24
96.24
96.24
96.24
96.24
97.37
97.37
97.37
97.37
97.85
97.85
97.85
97.85
97.85
97.85
97.85
97.85
97.85
98.57
98.57
98.57
98.57
98.57
98.57
98.57
98.57
98.70
98.70
98.70
98.70
98.70
98.70
98.76
98.76
98.76
98.76
98.76
98.76
98.76
98.76
98.56
98.56
98.56
98.56
98.50
98.50
98.50
98.50
98.50
98.50
98.50
98.36
98.36
98.36
98.36
98.36
98.36
98.36
98.39
98.39
98.39
98.39
98.39
98.39
98.39
98.64
98.64
98.64
98.64
98.64
98.64
98.64
98.64
98.64
98.35
98.35
98.35
98.35
98.35
98.35
98.35
98.35
98.41
98.41
98.41
98.41
98.41
98.41
98.41
98.41
98.41
98.41
98.41
97.22
97.22
97.22
97.22
97.22
97.22
97.22
97.22
97.17
97.17
97.17
97.17
97.17
97.17
97.17
95.28
95.28
95.28
95.28
95.28
95.28
95.28
95.28
97.29
97.29
97.29
97.29
97.29
97.29
97.29
97.29
97.29
97.29
97.29
95.37
95.37
95.37
95.37
95.37
95.37
95.37
95.37
96.08
96.08
96.08
96.08
96.08
96.08
96.08
91.71
91.71
91.71
91.71
91.96
91.96
91.96
91.96
91.96
91.96
94.56
94.56
94.56
94.56
94.56
94.56
