84.56
84.56
84.56
84.56
84.56
84.56
84.56
84.56
89.75
89.75
89.75
89.75
89.75
86.50
86.50
86.50
86.50
86.50
86.50
86.50
86.50
86.50
85.00
85.00
85.00
85.00
85.00
85.00
85.75
85.75
85.75
85.75
85.75
85.75
85.75
85.75
85.75
90.69
90.69
90.69
90.69
90.69
90.69
90.69
88.62
88.62
88.62
88.62
87.06
87.06
87.06
87.06
87.06
87.06
87.06
87.06
92.31
92.31
92.31
92.31
92.31
92.31
92.31
92.31
92.31
92.31
92.31
92.31
92.31
92.31
94.25
94.25
94.25
94.25
94.25
94.25
94.25
92.38
92.38
92.38
92.38
92.38
92.38
94.88
94.88
94.88
94.88
94.88
94.88
94.88
94.88
96.25
96.25
96.25
96.25
96.25
96.25
96.25
96.25
95.62
95.62
95.62
95.62
95.62
95.62
95.62
95.62
96.12
96.12
96.12
96.12
96.12
96.12
96.12
97.19
97.19
97.19
97.19
97.19
97.19
97.19
97.19
96.81
96.81
96.81
96.81
96.81
96.81
96.81
96.81
96.81
96.50
96.50
96.50
96.50
96.50
96.50
96.50
96.50
96.50
97.31
97.31
97.31
97.31
97.31
97.88
97.88
97.88
97.88
97.88
97.88
97.88
98.31
98.31
98.31
98.31
98.31
98.31
98.31
98.31
97.81
97.81
97.81
97.81
97.81
97.81
97.81
97.81
97.88
97.88
97.88
97.88
97.88
97.88
97.88
97.88
97.88
97.88
97.88
