76.86
76.86
76.86
76.86
76.86
76.86
76.86
76.86
88.22
88.22
88.22
88.22
90.83
90.83
90.83
90.83
90.83
90.83
90.83
90.83
90.83
90.83
90.83
94.49
94.49
94.49
94.49
94.49
94.49
94.49
94.49
94.49
94.49
94.49
94.84
94.84
94.84
94.84
94.84
94.84
94.84
94.84
94.78
94.78
94.78
94.78
94.78
94.78
94.78
94.56
94.56
94.56
94.56
94.56
94.56
94.56
94.56
94.62
94.62
94.62
94.62
94.62
94.62
94.62
94.95
94.95
94.95
94.95
94.95
94.95
94.95
94.95
95.00
95.00
95.00
95.00
95.00
95.00
95.00
95.00
94.26
94.26
94.26
94.26
94.26
94.26
94.26
94.26
93.45
93.45
93.45
93.45
93.45
93.45
93.45
93.45
93.45
91.26
91.26
91.26
91.26
91.26
87.08
87.08
87.08
87.08
87.08
87.08
87.08
85.10
85.10
85.10
85.10
85.10
85.10
85.10
85.10
87.23
87.23
87.23
87.23
87.23
87.23
87.23
87.23
87.23
86.54
86.54
86.54
86.54
86.54
90.93
90.93
90.93
90.93
90.93
90.93
90.93
91.39
91.39
91.39
91.39
91.39
91.39
91.39
91.39
91.39
91.71
91.71
91.71
91.71
91.71
91.71
91.71
91.71
92.81
92.81
92.81
92.81
92.81
92.81
92.81
92.81
92.81
92.81
92.81
90.75
90.75
90.75
90.75
90.75
90.75
90.75
88.91
88.91
88.91
88.91
88.91
88.91
88.91
88.91
