97.94
97.94
97.94
97.94
98.62
98.62
98.62
98.62
98.62
98.75
98.75
98.75
98.75
98.75
98.75
98.75
98.75
98.81
98.81
98.81
98.81
98.81
98.81
98.81
98.81
98.69
98.69
98.69
98.69
98.69
98.69
98.69
98.69
98.25
98.25
98.25
98.25
98.25
98.25
98.25
98.25
97.94
97.94
97.94
97.94
97.94
97.94
97.94
97.94
97.94
96.25
96.25
96.25
96.25
96.25
96.25
96.25
96.25
96.06
96.06
96.06
96.06
96.06
96.06
94.62
94.62
94.62
94.62
94.62
94.62
94.62
94.62
95.19
95.19
95.19
95.19
95.19
95.19
91.69
91.69
91.69
91.69
91.69
91.69
91.69
91.69
98.44
98.44
98.44
98.44
98.44
98.44
98.69
98.69
98.69
98.69
98.69
98.69
98.69
98.88
98.88
98.88
98.88
98.88
98.88
98.88
98.88
98.88
98.88
98.88
98.88
98.69
98.69
98.69
98.69
98.69
98.69
98.69
98.69
98.69
98.69
98.69
98.69
98.69
98.69
98.69
98.69
98.69
98.69
98.69
98.69
98.75
98.75
98.75
98.75
98.75
98.19
98.19
98.19
98.19
98.12
98.12
98.12
98.12
98.12
98.06
98.06
98.06
98.06
98.06
98.06
98.06
98.06
98.06
95.94
95.94
95.94
95.94
98.69
98.69
98.69
98.69
98.69
98.69
98.69
98.69
98.69
98.69
98.69
98.81
98.81
98.81
98.81
98.81
98.81
98.81
98.88
98.88
98.88
98.88
98.88
98.88
98.88
98.88
98.88
98.94
98.94
98.94
98.94
98.94
98.94
98.94
98.94
98.94
98.94
98.94
98.94
98.94
98.94
98.94
98.94
98.94
98.94
98.94
98.94
98.94
98.94
98.94
98.94
98.94
98.94
98.94
98.94
98.94
98.94
98.94
98.94
98.94
98.81
98.81
98.81
98.81
98.81
98.81
98.81
98.81
98.69
98.69
98.69
98.69
98.69
98.69
98.69
98.69
98.69
98.69
98.69
98.69
98.69
98.69
98.69
98.69
98.69
98.69
98.69
98.69
98.69
98.69
98.69
98.69
98.69
98.69
98.69
98.06
98.06
98.06
98.06
98.06
98.12
98.12
98.12
98.12
98.12
98.12
98.12
98.38
98.38
98.38
98.38
98.38
98.38
98.38
98.44
98.44
98.44
98.44
98.44
98.44
98.44
98.44
97.94
97.94
97.94
97.94
97.94
97.94
97.94
97.94
97.69
97.69
97.69
97.69
97.69
97.69
97.69
97.69
97.88
97.88
97.88
97.88
97.88
97.88
97.88
97.88
97.88
97.56
97.56
97.56
97.56
97.56
97.56
97.56
97.56
97.56
97.56
