98.68
98.68
98.68
98.68
98.68
98.84
98.84
98.84
98.84
98.84
98.84
98.84
98.84
98.84
98.84
98.84
98.84
98.82
98.82
98.82
98.82
98.82
98.82
98.82
98.82
98.55
98.55
98.55
98.55
98.55
98.55
98.55
98.55
98.54
98.54
98.54
98.54
98.54
98.54
98.54
98.54
98.54
98.46
98.46
98.46
98.46
98.46
98.46
98.46
98.46
98.46
98.46
98.46
98.46
98.46
98.46
98.34
98.34
98.34
98.34
98.34
98.34
98.34
98.34
98.61
98.61
98.61
98.61
98.61
98.61
98.61
98.61
98.12
98.12
98.12
98.12
98.12
98.12
98.12
98.37
98.37
98.37
98.37
98.37
98.37
98.37
98.67
98.67
98.67
98.67
98.67
98.74
98.74
98.74
98.74
98.74
98.76
98.76
98.76
98.76
98.76
98.76
98.76
98.76
98.76
98.83
98.83
98.83
98.83
98.83
98.82
98.82
98.82
98.82
98.82
98.87
98.87
98.87
98.87
98.87
98.87
98.87
98.73
98.73
98.73
98.73
98.73
98.73
98.73
98.73
98.38
98.38
98.38
98.38
98.38
98.31
98.31
98.31
98.31
98.31
98.31
98.31
98.31
98.31
98.31
98.31
98.22
98.22
98.22
98.22
98.22
98.22
98.22
98.22
98.13
98.13
98.13
98.13
98.13
98.13
98.13
98.13
98.13
98.13
98.13
98.13
97.48
97.48
97.48
97.48
97.48
97.48
97.48
97.48
98.23
98.23
98.23
98.23
98.23
98.73
98.73
98.73
98.73
98.73
98.73
98.73
98.73
98.09
98.09
98.09
98.09
98.09
98.09
98.09
98.09
97.27
97.27
97.27
97.27
97.27
97.27
97.27
97.27
98.42
98.42
98.42
98.42
98.42
98.42
98.42
98.42
98.42
98.35
98.35
98.35
98.35
98.57
98.57
98.57
98.57
98.41
98.41
98.41
98.41
98.41
98.41
98.41
98.41
97.83
97.83
97.83
97.83
97.83
97.83
97.83
97.87
97.87
97.87
97.87
97.87
97.87
97.87
97.87
97.87
97.87
97.87
97.87
98.65
98.65
98.65
98.65
98.65
98.65
98.65
98.65
98.65
98.65
98.65
98.70
98.70
98.70
98.70
98.70
98.70
98.70
98.70
98.51
98.51
98.51
98.51
98.51
98.51
98.67
98.67
98.67
98.67
98.67
98.67
98.67
98.67
98.67
