95.16
95.16
95.16
95.16
95.16
95.16
95.16
94.63
94.63
94.63
94.63
94.63
94.63
94.63
94.56
94.56
94.56
94.56
94.56
94.56
94.56
96.53
96.53
96.53
96.53
93.94
93.94
93.94
93.94
93.94
93.94
93.94
93.33
93.33
93.33
93.33
93.33
93.33
93.33
93.33
96.55
96.55
96.55
96.55
96.55
96.55
96.55
96.55
96.55
96.55
96.55
97.32
97.32
97.32
97.32
97.32
97.81
97.81
97.81
97.81
97.81
96.35
96.35
96.35
96.35
96.35
96.35
96.35
96.35
96.35
96.35
96.35
96.99
96.99
96.99
96.99
98.54
98.54
98.54
98.54
98.54
98.54
98.54
98.54
98.54
98.54
97.65
97.65
97.65
97.65
97.65
97.65
97.65
98.07
98.07
98.07
98.07
98.07
98.07
98.07
98.07
98.07
98.07
98.07
98.04
98.04
98.04
98.04
98.04
98.04
98.04
98.04
97.47
97.47
97.47
97.47
97.47
97.47
