0.96
0.96
0.96
0.96
0.95
0.96
0.95
0.95
0.94
0.94
0.92
0.94
0.96
0.96
0.96
0.96
0.96
0.92
0.89
0.88
0.96
0.96
0.95
0.95
0.94
0.87
0.87
0.95
0.95
0.94
0.94
0.94
0.93
0.91
0.90
0.90
0.90
0.89
0.94
0.94
0.93
0.93
0.91
0.93
0.92
0.91
0.91
0.92
0.87
0.91
0.90
0.90
0.89
0.88
0.88
0.83
0.77
0.76
0.78
0.76
0.87
0.86
0.85
0.82
0.83
0.83
0.83
0.80
0.80
0.72
0.69
0.60
0.66
0.78
0.77
0.76
0.72
0.71
0.65
0.64
0.52
0.44
0.79
0.78
0.77
0.72
0.76
0.75
0.75
0.71
0.70
0.66
0.62
0.59
0.57
0.54
0.82
0.82
0.83
0.79
0.80
0.74
0.69
0.71
0.66
0.65
0.46
0.67
0.91
0.91
0.92
0.92
0.94
0.94
0.94
0.93
0.94
0.88
0.88
0.95
0.95
0.96
0.95
0.95
0.96
0.96
0.96
0.96
0.96
0.93
0.85
0.83
0.97
0.97
0.97
0.96
0.96
0.94
0.86
0.86
0.97
0.97
0.97
0.96
0.96
0.90
0.89
0.96
0.96
0.95
0.95
0.95
0.91
0.87
0.82
0.77
0.95
0.95
0.95
0.94
0.95
0.84
0.79
0.76
0.75
