34.26
34.26
34.26
34.26
34.26
34.26
34.26
34.26
34.26
34.26
34.26
36.20
36.20
36.20
36.20
36.20
36.20
32.46
32.46
32.46
32.46
37.78
37.78
37.78
37.78
37.78
37.78
34.99
34.99
34.99
34.99
34.99
34.99
34.99
34.99
34.99
39.14
39.14
39.14
39.14
39.14
35.58
35.58
35.58
35.58
35.58
35.58
35.58
39.13
39.13
39.13
39.13
39.13
36.71
36.71
36.71
36.71
36.71
36.69
36.69
36.69
36.69
36.69
36.69
36.69
36.69
37.73
37.73
37.73
37.73
37.73
37.73
37.73
37.73
32.41
32.41
32.41
32.41
32.41
32.41
36.75
36.75
36.75
36.75
36.75
36.75
36.75
36.75
36.75
36.75
36.75
34.59
34.59
34.59
34.59
34.59
38.31
38.31
38.31
38.31
38.31
38.31
38.31
32.89
32.89
32.89
32.89
32.89
32.89
32.89
32.89
32.89
32.89
32.89
32.89
32.89
32.89
33.91
33.91
33.91
33.91
33.91
33.91
33.62
33.62
33.62
33.62
33.62
33.62
33.62
33.62
31.88
31.88
31.88
31.88
31.88
31.88
31.88
31.88
31.88
34.38
34.38
34.38
34.38
34.38
34.38
34.52
34.52
34.52
34.52
34.52
34.52
34.52
37.13
37.13
37.13
37.13
37.13
37.13
37.13
37.13
34.23
34.23
34.23
34.23
34.23
34.23
34.23
32.85
32.85
32.85
32.85
34.24
34.24
34.24
34.24
34.24
34.24
34.24
34.24
31.20
31.20
31.20
31.20
31.20
31.20
31.20
31.20
31.20
35.28
35.28
35.28
35.28
35.28
35.28
35.28
36.09
36.09
36.09
36.09
36.09
36.09
36.09
36.09
42.72
42.72
42.72
42.72
42.72
42.72
52.42
52.42
52.42
52.42
52.42
52.42
66.86
66.86
66.86
66.86
66.86
66.86
66.86
66.86
66.86
78.56
78.56
78.56
78.56
78.56
78.56
78.56
78.56
78.56
85.54
85.54
85.54
85.54
85.54
85.54
85.54
91.52
91.52
91.52
91.52
91.52
91.52
91.52
91.52
91.52
94.74
94.74
94.74
94.74
94.74
94.74
94.74
94.74
94.74
94.74
94.74
93.34
93.34
93.34
93.34
93.34
93.34
93.34
94.06
94.06
94.06
94.06
94.06
94.06
94.06
94.06
94.06
