87.83
87.83
87.83
87.83
87.83
87.83
87.83
87.83
91.88
91.88
91.88
91.88
91.88
91.88
91.88
91.88
93.86
93.86
93.86
93.86
93.86
93.86
93.86
93.86
93.86
93.86
93.86
97.24
97.24
97.24
97.24
97.24
97.24
97.24
97.24
96.43
96.43
96.43
96.43
97.56
97.56
97.56
97.56
97.56
96.62
96.62
96.62
96.62
96.62
96.62
96.62
94.60
94.60
94.60
94.60
94.60
94.60
94.60
94.60
94.77
94.77
94.77
94.77
94.77
94.77
89.71
89.71
89.71
89.71
85.57
85.57
85.57
85.57
85.57
85.57
85.57
85.57
88.32
88.32
88.32
88.32
88.32
88.32
88.32
88.32
90.58
90.58
90.58
90.58
90.58
90.58
90.58
90.58
90.58
90.58
90.58
88.75
88.75
88.75
88.75
88.75
88.75
88.75
88.75
90.84
90.84
90.84
90.84
90.84
90.84
90.84
90.84
95.51
95.51
95.51
95.51
95.51
95.51
94.10
94.10
94.10
94.10
94.10
94.10
94.10
94.10
94.10
94.10
94.10
90.28
90.28
90.28
90.28
90.28
90.28
90.28
90.28
91.86
91.86
91.86
91.86
91.86
91.86
91.86
91.86
91.86
91.99
91.99
91.99
91.99
94.93
94.93
94.93
94.93
94.93
94.93
94.93
92.66
92.66
92.66
92.66
92.66
92.66
92.66
92.66
95.30
95.30
95.30
95.30
95.30
95.30
97.04
97.04
97.04
97.04
97.04
97.04
97.04
97.04
97.04
97.04
97.04
97.04
97.68
97.68
97.68
97.68
97.68
97.68
97.68
98.24
98.24
98.24
98.24
98.24
98.24
98.41
98.41
98.41
98.41
98.41
98.41
98.41
98.41
97.92
97.92
97.92
97.92
97.92
97.92
97.92
97.92
97.92
97.92
97.92
97.31
97.31
97.31
97.31
97.31
97.31
97.31
97.31
95.70
95.70
95.70
95.70
95.70
95.70
95.70
95.70
95.70
95.70
95.70
91.31
91.31
91.31
91.31
91.31
91.31
91.31
91.31
91.31
91.31
91.31
86.53
86.53
86.53
86.53
86.53
86.53
86.18
86.18
86.18
86.18
89.74
89.74
89.74
89.74
89.74
89.74
89.74
89.74
92.70
92.70
92.70
92.70
92.70
95.02
95.02
95.02
95.02
95.02
96.20
96.20
96.20
96.20
96.20
96.20
96.20
96.63
96.63
96.63
96.63
96.63
96.63
96.63
96.63
96.63
97.78
97.78
97.78
97.78
97.78
97.78
97.78
97.78
97.78
97.78
97.78
97.78
