0.96
0.96
0.96
0.95
0.96
0.85
0.85
0.97
0.97
0.96
0.97
0.96
0.96
0.96
0.95
0.94
0.94
0.93
0.93
0.92
0.88
0.85
0.84
0.83
0.91
0.90
0.90
0.90
0.88
0.89
0.86
0.87
0.86
0.85
0.86
0.86
0.86
0.84
0.85
0.82
0.80
0.80
0.78
0.77
0.87
0.88
0.88
0.88
0.92
0.92
0.94
0.91
0.93
0.85
0.82
0.76
0.72
0.95
0.96
0.96
0.95
0.96
0.88
0.82
0.84
0.81
0.98
0.98
0.98
0.98
0.98
0.97
0.96
0.96
0.98
0.98
0.98
0.98
0.98
0.93
0.94
0.98
0.99
0.99
0.98
0.99
0.95
0.91
0.92
0.99
0.99
0.99
0.99
0.99
0.98
0.98
0.98
0.99
0.99
0.99
0.98
0.99
0.95
0.92
0.88
0.87
0.99
0.99
0.99
0.98
0.99
0.96
0.94
0.93
0.93
0.99
0.99
0.99
0.99
0.99
0.99
0.98
0.98
0.98
0.98
0.98
0.98
0.98
0.98
0.99
0.99
0.99
0.99
0.99
0.98
0.99
0.99
0.99
0.99
0.99
0.98
0.98
0.98
0.97
0.98
0.98
0.98
0.97
0.98
0.82
0.76
0.68
0.70
0.99
0.99
0.99
0.99
0.99
0.99
0.99
0.99
0.99
0.99
0.98
0.98
0.99
0.99
0.99
0.99
0.99
0.98
0.98
0.98
0.99
0.99
0.98
0.98
0.98
0.98
0.98
0.98
0.98
0.98
0.98
0.98
0.94
0.88
0.83
0.82
0.97
0.97
0.96
0.97
0.95
0.95
0.93
0.93
0.92
0.94
0.96
0.95
0.92
0.95
0.88
0.95
0.94
0.94
0.88
0.86
0.84
0.82
0.78
0.73
0.65
0.66
0.86
0.83
0.82
0.82
0.77
0.80
0.80
0.77
0.74
0.79
0.77
0.77
0.76
0.74
0.75
0.75
0.74
0.71
0.78
0.78
0.78
0.76
0.75
0.75
0.74
0.74
0.73
0.72
0.69
0.70
0.74
0.73
0.72
0.70
0.69
0.69
0.69
0.67
0.66
0.67
0.63
0.64
0.60
0.56
0.57
0.52
0.52
0.55
0.64
0.64
0.64
0.59
0.61
0.57
0.55
0.58
0.62
0.62
0.63
0.56
0.61
0.45
0.47
0.45
0.69
0.69
0.68
0.63
0.64
0.61
0.58
0.61
0.60
0.58
0.57
0.59
0.62
0.61
0.62
0.57
0.58
0.55
0.54
0.55
0.51
0.47
0.59
0.60
0.59
0.51
0.54
0.48
0.63
0.63
0.63
0.58
0.61
0.55
0.55
0.48
0.43
0.65
0.64
0.65
0.60
0.61
0.57
0.57
0.59
0.53
0.66
0.65
0.66
0.60
0.63
0.56
0.55
0.47
0.42
0.75
0.74
0.76
0.70
0.71
0.67
0.64
0.66
0.82
0.82
0.83
0.82
0.88
0.89
0.89
0.88
0.89
0.85
0.87
0.92
0.93
0.94
0.92
0.93
0.92
0.91
0.92
0.95
0.95
0.96
0.94
0.96
0.90
0.87
0.87
0.86
0.98
0.98
0.98
0.98
0.98
0.97
0.97
0.99
0.99
0.99
0.99
0.99
0.98
0.98
0.98
0.98
0.98
0.97
0.98
0.99
0.99
0.99
0.99
0.99
0.99
0.98
0.98
0.99
0.99
0.99
0.99
0.99
0.99
0.98
0.98
0.98
0.98
0.98
0.99
0.99
0.98
0.99
0.98
0.99
0.98
0.99
