38.96
38.96
38.96
38.96
38.96
38.96
38.96
38.96
47.23
47.23
47.23
47.23
47.23
47.23
47.23
47.23
47.23
47.23
63.14
63.14
63.14
63.14
63.14
63.14
78.76
78.76
78.76
78.76
78.76
78.76
78.76
78.76
78.76
92.86
92.86
92.86
92.86
92.86
92.86
92.86
92.86
92.86
96.13
96.13
96.13
96.13
96.13
96.13
96.13
96.13
96.13
96.13
96.13
98.63
98.63
98.63
98.63
98.63
98.63
98.63
98.76
98.76
98.76
98.76
98.76
98.76
98.76
98.90
98.90
98.90
98.90
98.90
98.90
98.90
98.65
98.65
98.65
98.65
98.65
98.65
98.65
98.65
98.64
98.64
98.64
98.64
98.50
98.50
98.50
98.50
98.50
98.50
98.61
98.61
98.61
98.61
98.86
98.86
98.86
98.86
98.86
98.86
98.86
98.87
98.87
98.87
98.87
98.87
98.87
98.87
98.87
98.92
98.92
98.92
98.92
98.95
98.95
98.95
98.95
98.95
98.95
98.95
98.95
98.92
98.92
98.92
98.92
98.92
98.92
98.94
98.94
98.94
98.94
98.94
98.94
