97.04
97.04
97.04
97.04
97.04
97.04
97.04
97.04
97.04
97.04
97.04
97.04
97.75
97.75
97.75
97.75
97.75
97.75
97.75
97.75
97.75
95.98
95.98
95.98
95.98
95.98
95.98
95.98
95.98
97.60
97.60
97.60
97.60
97.60
97.60
97.60
97.60
98.31
98.31
98.31
98.31
98.31
98.31
98.31
98.46
98.46
98.46
98.46
98.46
98.46
98.46
98.28
98.28
98.28
98.28
98.28
98.28
98.28
98.28
98.72
98.72
98.72
98.72
98.72
98.72
98.72
98.72
98.72
98.72
98.72
98.72
98.47
98.47
98.47
98.47
98.47
98.47
98.47
98.47
98.47
98.47
98.47
98.35
98.35
98.35
98.35
98.35
98.35
98.35
98.55
98.55
98.55
98.55
98.55
98.55
98.55
98.55
97.87
97.87
97.87
97.87
97.87
97.87
97.87
96.66
96.66
96.66
96.66
96.66
96.66
96.95
96.95
96.95
96.95
96.95
96.95
96.19
96.19
96.19
96.19
96.19
96.19
96.19
96.19
96.19
97.36
97.36
97.36
97.36
97.36
97.36
94.89
94.89
94.89
94.89
94.89
94.89
94.89
93.86
93.86
93.86
93.86
93.86
93.86
93.86
94.60
94.60
94.60
94.60
97.26
97.26
97.26
97.26
97.26
98.20
98.20
98.20
98.20
98.20
98.20
98.20
98.20
98.41
98.41
98.41
98.41
98.77
98.77
98.77
98.77
98.77
98.77
98.77
98.78
98.78
98.78
98.78
98.78
98.78
98.78
98.78
98.78
98.78
98.78
98.78
98.78
98.78
98.78
98.78
98.78
98.78
98.78
98.69
98.69
98.69
98.69
98.69
98.69
98.69
98.69
98.47
98.47
98.47
98.47
98.47
98.47
98.47
98.66
98.66
98.66
98.66
98.66
98.66
98.66
98.66
98.63
98.63
98.63
98.63
98.63
98.63
98.67
98.67
98.67
98.67
98.67
98.67
98.67
