0.96
0.96
0.95
0.96
0.93
0.95
0.94
0.94
0.94
0.93
0.93
0.89
0.86
0.88
0.89
0.93
0.93
0.92
0.91
0.91
0.88
0.86
0.86
0.87
0.92
0.92
0.89
0.92
0.85
0.94
0.93
0.93
0.92
0.92
0.92
0.89
0.89
0.88
0.87
0.86
0.87
0.87
0.86
0.86
0.83
0.83
0.82
0.84
0.85
0.84
0.82
0.81
0.78
0.84
0.85
0.85
0.85
0.85
0.85
0.83
0.81
0.80
0.77
0.81
0.83
0.85
0.83
0.85
0.82
0.87
0.88
0.88
0.86
0.86
0.85
0.82
0.85
0.86
0.85
0.85
0.84
0.82
0.80
0.78
0.78
0.85
0.85
0.86
0.83
0.84
0.78
0.78
0.75
0.85
0.86
0.87
0.87
0.88
0.89
0.88
0.88
0.87
0.90
0.91
0.90
0.90
0.90
0.90
0.89
0.89
0.89
0.89
0.90
0.91
0.88
0.91
0.80
0.77
0.71
0.68
0.93
0.93
0.92
0.93
0.91
0.92
0.89
0.89
0.95
0.95
0.95
0.94
0.95
0.90
0.89
0.90
0.96
0.96
0.94
0.93
0.91
0.69
0.68
0.67
0.96
0.96
0.95
0.95
0.94
0.93
0.92
0.90
0.87
0.86
0.87
0.95
0.95
0.94
0.93
0.92
0.90
0.87
0.84
0.84
0.93
0.93
0.92
0.92
0.90
0.89
0.87
0.87
0.88
0.92
0.91
0.91
0.89
0.87
0.88
0.82
0.79
0.78
0.91
0.92
0.92
0.90
0.91
0.87
0.86
0.86
0.85
0.94
0.95
0.96
0.93
0.95
0.84
0.81
0.81
0.83
0.95
0.95
0.95
0.94
0.95
0.90
0.89
0.87
0.95
0.96
0.96
0.95
0.96
0.93
0.94
0.89
0.94
0.95
0.94
0.94
0.92
0.93
0.93
0.92
0.94
0.94
0.94
0.94
0.93
0.92
0.92
0.91
0.93
0.92
0.90
0.92
0.87
0.90
0.89
0.89
0.89
0.89
0.88
0.89
0.86
0.89
0.88
0.89
0.88
0.88
0.86
0.86
0.85
0.85
0.83
0.82
0.79
0.75
0.73
0.72
0.71
