98.96
98.96
98.96
98.96
98.96
98.96
98.96
98.92
98.92
98.92
98.92
98.92
98.92
98.92
98.92
98.83
98.83
98.83
98.83
98.83
98.83
98.83
98.83
98.67
98.67
98.67
98.67
98.67
98.68
98.68
98.68
98.68
98.68
98.68
98.68
98.68
98.68
98.68
98.62
98.62
98.62
98.62
98.76
98.76
98.76
98.76
98.76
98.76
98.76
98.75
98.75
98.75
98.75
98.82
98.82
98.82
98.82
98.82
98.82
98.82
98.69
98.69
98.69
98.69
98.69
98.69
98.69
98.69
98.42
98.42
98.42
98.42
98.67
98.67
98.67
98.67
98.67
98.67
98.67
98.67
98.67
98.73
98.73
98.73
98.73
98.73
98.73
98.73
98.73
98.73
98.76
98.76
98.76
98.76
98.87
98.87
98.87
98.87
98.87
98.87
98.87
98.87
98.87
98.87
98.87
98.84
98.84
98.84
98.84
98.86
98.86
98.86
98.86
98.86
98.86
98.84
98.84
98.84
98.84
98.84
98.84
98.75
98.75
98.75
98.75
98.75
98.75
98.75
98.75
98.75
98.75
98.75
98.75
98.75
98.75
98.57
98.57
98.57
98.57
98.57
98.57
98.57
98.57
98.70
98.70
98.70
98.70
98.70
98.70
98.70
98.70
98.70
98.69
98.69
98.69
98.69
98.69
98.69
98.69
98.69
98.69
98.81
98.81
98.81
98.81
98.81
98.81
98.81
