0.89
0.89
0.90
0.87
0.90
0.81
0.79
0.75
0.68
0.64
0.72
0.92
0.92
0.92
0.91
0.91
0.93
0.90
0.90
0.90
0.89
0.90
0.87
0.84
0.84
0.92
0.92
0.92
0.92
0.92
0.90
0.90
0.88
0.87
0.90
0.91
0.91
0.89
0.90
0.88
0.92
0.92
0.92
0.91
0.91
0.84
0.93
0.93
0.93
0.92
0.91
0.81
0.94
0.94
0.94
0.92
0.92
0.93
0.94
0.94
0.93
0.92
0.91
0.91
0.89
0.90
0.89
0.92
0.91
0.91
0.90
0.90
0.90
0.90
0.89
0.87
0.87
0.80
0.78
0.74
0.77
0.86
0.86
0.83
0.84
0.78
0.82
0.78
0.79
0.82
0.82
0.81
0.77
0.81
0.80
0.80
0.78
0.78
0.74
0.73
0.73
0.70
0.70
0.71
0.66
0.69
0.62
0.60
0.60
0.72
0.73
0.73
0.71
0.76
0.76
0.75
0.72
0.72
0.65
0.68
0.78
0.78
0.79
0.76
0.78
0.71
0.82
0.82
0.81
0.80
0.79
0.74
0.81
0.81
0.81
0.79
0.81
0.77
0.75
0.76
0.74
0.74
0.70
0.72
0.80
0.81
0.80
0.78
0.79
0.73
0.75
0.80
0.80
0.81
0.79
0.81
0.76
0.75
0.72
0.70
0.78
0.80
0.80
0.77
0.80
0.74
0.82
0.83
0.84
0.84
0.87
0.87
0.87
0.87
0.86
0.85
0.90
0.83
0.88
0.88
0.89
0.87
0.88
0.84
0.84
0.82
0.87
0.87
0.86
0.86
0.85
0.86
0.85
0.85
0.87
0.87
0.87
0.86
0.85
0.92
0.83
0.83
0.84
0.81
0.83
0.77
0.76
0.71
0.69
0.66
0.69
0.85
0.86
0.87
0.84
0.86
0.79
0.80
0.79
0.90
0.90
0.89
0.89
0.87
0.88
0.88
0.88
0.85
0.84
0.84
0.83
0.82
0.82
0.80
0.80
0.80
0.80
0.76
0.78
0.82
0.81
0.82
0.80
0.81
0.77
0.77
0.74
