94.56
94.56
94.56
94.56
94.56
94.56
94.56
94.56
94.56
96.31
96.31
96.31
96.31
96.31
96.31
96.31
95.56
95.56
95.56
95.56
95.56
95.56
95.56
95.56
95.56
95.56
95.56
94.31
94.31
94.31
94.31
94.31
94.31
94.31
94.31
94.31
93.94
93.94
93.94
93.94
93.94
93.94
93.94
93.94
92.56
92.56
92.56
92.56
92.56
92.56
92.56
92.12
92.12
92.12
92.12
92.12
90.75
90.75
90.75
90.75
90.75
90.75
90.75
90.75
90.75
90.75
90.75
86.88
86.88
86.88
86.88
86.88
86.88
86.88
86.88
86.88
87.81
87.81
87.81
87.81
87.81
87.81
87.81
87.81
87.69
87.69
87.69
87.69
87.69
87.69
87.69
87.69
87.69
82.31
82.31
82.31
82.31
82.31
82.31
82.31
82.31
82.31
79.50
79.50
79.50
79.50
79.50
79.50
76.25
76.25
76.25
76.25
76.25
76.25
76.25
76.25
79.25
79.25
79.25
79.25
83.62
83.62
83.62
83.62
83.62
83.62
83.62
86.06
86.06
86.06
86.06
86.06
86.06
86.06
86.06
86.06
86.38
86.38
86.38
86.38
86.38
86.38
86.38
86.75
86.75
86.75
86.75
86.75
86.75
86.75
87.19
87.19
87.19
87.19
87.19
87.19
87.19
87.19
87.19
87.19
87.19
87.19
87.19
87.19
88.06
88.06
88.06
88.06
88.06
91.94
91.94
91.94
91.94
91.94
91.94
91.94
91.94
94.88
94.88
94.88
94.88
94.88
94.88
94.88
94.88
94.88
94.88
94.88
96.69
96.69
96.69
96.69
96.69
96.69
96.69
96.69
96.69
96.69
96.69
96.69
