0.91
0.91
0.91
0.90
0.90
0.86
0.88
0.92
0.92
0.92
0.91
0.92
0.83
0.87
0.94
0.94
0.94
0.93
0.93
0.86
0.82
0.84
0.94
0.95
0.94
0.93
0.93
0.87
0.86
0.95
0.95
0.95
0.94
0.94
0.89
0.89
0.85
0.94
0.95
0.94
0.93
0.93
0.78
0.80
0.94
0.94
0.94
0.94
0.93
0.94
0.93
0.93
0.92
0.92
0.92
0.93
0.93
0.92
0.91
0.91
0.81
0.85
0.92
0.92
0.92
0.91
0.90
0.84
0.81
0.75
0.91
0.91
0.91
0.89
0.90
0.85
0.81
0.82
0.90
0.90
0.89
0.89
0.88
0.84
0.80
0.80
0.78
0.88
0.88
0.88
0.86
0.87
0.80
0.75
0.78
0.89
0.90
0.91
0.89
0.91
0.87
0.91
0.91
0.92
0.90
0.91
0.87
0.83
0.83
0.92
0.92
0.92
0.90
0.91
0.79
0.73
0.68
0.65
0.92
0.92
0.93
0.92
0.92
0.94
0.94
0.94
0.93
0.94
0.80
0.79
0.95
0.95
0.95
0.94
0.94
0.86
0.81
0.80
0.78
0.94
0.94
0.94
0.93
0.94
0.81
0.75
0.70
0.53
0.47
0.66
0.95
0.95
0.95
0.93
0.95
0.80
0.72
0.68
0.66
0.95
0.95
0.95
0.95
0.95
0.90
0.89
0.95
0.95
0.95
0.95
0.95
0.90
0.86
0.83
0.83
0.95
0.95
0.95
0.93
0.94
0.86
0.77
0.82
0.95
0.95
0.95
0.95
0.95
0.92
0.92
0.87
0.95
0.95
0.95
0.95
0.94
0.95
0.94
0.94
0.93
0.92
0.92
0.83
0.77
0.69
0.74
0.94
0.93
0.93
0.92
0.92
0.86
0.81
0.77
0.65
0.61
0.74
0.94
0.94
0.94
0.93
0.93
0.87
0.80
0.80
0.94
0.94
0.93
0.94
0.92
0.92
0.89
0.89
0.94
0.94
0.93
0.93
0.91
0.91
0.93
0.94
0.93
0.92
0.92
0.83
0.77
0.76
0.91
0.91
0.91
0.89
0.90
0.86
0.85
0.93
0.92
0.92
0.92
0.91
0.88
0.87
0.93
0.93
0.93
0.92
0.92
0.88
0.87
0.85
0.93
0.94
0.93
0.93
0.92
0.91
0.87
0.87
0.88
0.90
0.94
0.94
0.94
0.93
0.93
0.88
0.82
0.85
0.95
0.95
0.94
0.95
0.94
0.94
0.94
0.93
0.93
0.93
0.90
0.93
0.94
0.94
0.95
0.93
0.94
0.85
0.73
0.82
0.94
0.95
0.94
0.94
0.93
0.91
0.90
0.94
0.94
0.94
0.93
0.93
0.72
0.93
0.93
0.93
0.93
0.91
0.91
0.91
0.89
0.92
0.92
0.91
0.90
0.90
0.83
0.74
0.75
0.90
0.89
0.89
0.88
0.87
0.82
0.79
0.74
0.73
