54.66
54.66
54.66
54.66
54.66
54.66
54.66
54.66
56.22
56.22
56.22
56.22
56.22
53.25
53.25
53.25
53.25
53.25
53.25
53.25
53.25
53.25
61.84
61.84
61.84
61.84
61.84
61.84
61.84
61.84
61.84
66.50
66.50
66.50
66.50
66.50
66.50
66.50
66.50
66.50
66.50
66.50
67.56
67.56
67.56
67.56
77.69
77.69
77.69
77.69
77.69
77.69
77.69
77.69
73.06
73.06
73.06
73.06
73.06
73.06
73.06
70.62
70.62
70.62
70.62
70.62
72.94
72.94
72.94
72.94
72.94
79.06
79.06
79.06
79.06
79.06
79.06
79.06
77.62
77.62
77.62
77.62
77.62
79.31
79.31
79.31
79.31
82.81
82.81
82.81
82.81
82.81
82.81
82.81
82.62
82.62
82.62
82.62
82.62
82.62
82.62
82.50
82.50
82.50
82.50
82.50
82.50
82.50
82.50
83.06
83.06
83.06
83.06
83.06
83.06
83.06
83.06
83.81
83.81
83.81
83.81
83.81
83.81
83.81
83.56
83.56
83.56
83.56
83.56
83.56
83.56
78.88
78.88
78.88
78.88
78.88
78.88
78.88
78.88
78.88
81.81
81.81
81.81
81.81
81.81
77.31
77.31
77.31
77.31
79.62
79.62
79.62
79.62
