0.91
0.90
0.90
0.89
0.89
0.85
0.80
0.80
0.91
0.90
0.90
0.90
0.89
0.87
0.86
0.91
0.90
0.90
0.90
0.89
0.87
0.85
0.80
0.78
0.90
0.90
0.90
0.88
0.90
0.90
0.90
0.88
0.89
0.84
0.83
0.81
0.90
0.90
0.89
0.88
0.88
0.79
0.83
0.88
0.88
0.87
0.86
0.85
0.78
0.73
0.69
0.65
0.86
0.87
0.87
0.85
0.86
0.79
0.74
0.75
0.73
0.75
0.70
0.92
0.92
0.92
0.91
0.92
0.85
0.85
0.82
0.92
0.92
0.92
0.90
0.91
0.85
0.82
0.81
0.79
0.91
0.91
0.92
0.89
0.91
0.78
0.72
0.61
0.67
0.91
0.92
0.92
0.91
0.92
0.88
0.86
0.87
0.93
0.93
0.93
0.92
0.92
0.87
0.89
0.94
0.94
0.93
0.92
0.92
0.88
0.85
0.83
0.82
0.92
0.92
0.92
0.91
0.91
0.85
0.82
0.80
0.78
0.92
0.92
0.92
0.92
0.91
