95.66
95.66
95.66
95.66
95.66
95.66
95.66
95.66
95.66
96.84
96.84
96.84
96.84
96.84
96.84
96.84
97.46
97.46
97.46
97.46
97.46
97.46
97.46
97.46
97.46
97.46
97.46
97.46
97.46
97.46
96.66
96.66
96.66
96.66
96.66
96.66
94.72
94.72
94.72
94.72
93.94
93.94
93.94
93.94
93.94
93.94
93.94
94.57
94.57
94.57
94.57
94.57
94.57
94.57
94.57
94.35
94.35
94.35
94.35
94.35
94.35
94.35
94.59
94.59
94.59
94.59
94.59
94.59
94.59
94.59
95.58
95.58
95.58
95.58
95.58
95.58
95.58
95.58
95.58
95.58
95.58
95.52
95.52
95.52
95.52
95.52
95.52
95.52
95.52
95.52
95.52
95.52
94.60
94.60
94.60
94.60
94.60
94.60
94.60
94.60
94.60
94.54
94.54
94.54
94.54
94.54
94.54
94.54
94.54
92.32
92.32
92.32
92.32
92.32
92.32
92.32
92.32
92.32
94.69
94.69
94.69
94.69
94.69
94.69
94.69
94.38
94.38
94.38
94.38
94.38
94.38
94.38
94.38
94.89
94.89
94.89
94.89
94.89
94.89
94.89
94.89
94.89
94.89
94.89
94.89
94.93
94.93
94.93
94.93
94.93
94.93
94.93
94.93
94.85
94.85
94.85
94.85
94.85
95.85
95.85
95.85
95.85
95.85
95.85
95.85
95.85
95.85
94.73
94.73
94.73
94.73
94.73
94.73
94.73
94.73
