0.90
0.90
0.89
0.89
0.86
0.90
0.90
0.90
0.89
0.89
0.83
0.75
0.75
0.89
0.90
0.91
0.88
0.90
0.83
0.90
0.91
0.91
0.88
0.90
0.81
0.77
0.81
0.91
0.91
0.91
0.89
0.89
0.80
0.76
0.68
0.63
0.92
0.93
0.93
0.92
0.92
0.90
0.87
0.88
0.87
0.88
0.80
0.85
0.94
0.94
0.94
0.94
0.93
0.92
0.92
0.90
0.94
0.94
0.94
0.94
0.93
0.92
0.89
0.88
0.94
0.95
0.95
0.94
0.94
0.95
0.95
0.95
0.95
0.94
0.93
0.91
0.91
0.90
0.90
0.87
0.89
0.95
0.94
0.94
0.93
0.93
0.80
0.93
0.93
0.92
0.92
0.90
0.89
0.86
0.85
0.92
0.92
0.92
0.91
0.92
0.90
0.92
0.92
0.92
0.90
0.91
0.82
0.74
0.74
0.91
0.92
0.92
0.90
0.91
0.86
0.87
0.79
0.92
0.92
0.93
0.91
0.92
0.89
0.87
0.87
0.94
0.94
0.94
0.93
0.93
0.90
0.89
0.88
0.93
0.94
0.93
0.93
0.92
0.91
0.88
0.88
0.88
0.88
0.87
0.91
0.91
0.91
0.90
0.91
0.84
0.84
0.80
0.93
0.93
0.92
0.92
0.91
0.91
0.92
0.88
0.92
0.92
0.91
0.91
0.89
0.86
0.81
0.83
0.89
0.88
0.87
0.87
0.85
0.79
0.78
0.89
0.89
0.88
0.88
0.87
0.88
0.86
0.85
0.84
0.90
0.90
0.90
0.88
0.90
0.90
0.90
0.89
0.90
0.84
0.93
0.93
0.93
0.92
0.92
0.92
0.92
0.91
0.91
0.87
0.83
0.83
0.83
0.84
0.76
0.81
0.93
0.93
0.92
0.92
0.91
0.91
0.90
0.88
0.92
0.92
0.92
0.91
0.91
0.88
0.86
0.86
0.91
0.91
0.90
0.91
0.88
0.91
0.89
0.89
0.89
0.89
0.89
0.90
0.90
0.89
0.86
0.88
0.87
0.86
0.85
0.83
0.82
0.80
0.82
0.85
0.84
0.84
0.82
0.83
0.83
0.83
0.81
0.82
0.74
0.83
0.83
0.84
0.81
0.83
0.78
0.77
0.83
0.85
0.84
0.82
0.81
0.79
0.74
0.76
0.88
0.88
0.89
0.85
0.87
0.76
0.68
0.69
0.89
0.90
0.90
0.89
0.90
0.88
0.85
0.86
0.86
0.86
0.84
0.91
0.92
0.91
0.92
0.90
0.91
0.90
0.90
0.90
0.90
0.89
0.90
0.91
0.91
0.89
0.90
0.83
0.89
0.89
0.88
0.88
0.86
0.87
0.84
0.85
0.85
0.86
0.80
0.84
0.90
0.90
0.89
0.89
0.87
0.88
0.88
0.89
0.88
0.89
0.89
0.89
0.86
0.87
0.78
0.74
0.65
0.58
0.90
0.90
0.88
0.89
0.85
0.90
0.90
0.89
0.87
0.87
0.87
0.85
0.89
0.89
0.88
0.88
0.87
0.87
0.86
0.86
0.85
0.86
