53.69
53.69
53.69
53.69
53.69
53.69
53.69
53.69
53.69
56.03
56.03
56.03
56.03
56.03
56.03
56.03
56.03
56.03
56.03
61.34
61.34
61.34
61.34
61.34
61.34
61.34
61.34
61.34
61.34
62.16
62.16
62.16
62.16
62.16
62.16
68.31
68.31
68.31
68.31
68.31
68.31
68.31
70.06
70.06
70.06
70.06
78.00
78.00
78.00
78.00
78.00
78.00
78.00
78.00
78.00
78.00
78.00
82.31
82.31
82.31
82.31
82.31
85.75
85.75
85.75
85.75
85.75
85.75
85.75
85.75
89.81
89.81
89.81
89.81
89.81
89.81
89.81
89.81
89.81
92.62
92.62
92.62
92.62
92.62
92.62
92.62
92.62
92.62
92.62
92.62
93.62
93.62
93.62
93.62
93.62
93.62
93.62
96.12
96.12
96.12
96.12
96.12
96.12
96.12
96.12
96.12
96.12
96.12
95.75
95.75
95.75
95.75
95.75
95.75
95.75
95.75
95.75
97.69
97.69
97.69
97.69
97.69
97.69
97.69
97.69
97.69
97.69
97.69
96.69
96.69
96.69
96.69
96.69
96.69
96.69
98.06
98.06
98.06
98.06
98.06
98.06
98.06
98.06
98.06
98.06
98.06
98.06
98.06
98.06
98.06
98.25
98.25
98.25
98.25
98.25
98.25
98.25
97.56
97.56
97.56
97.56
97.56
97.06
97.06
97.06
97.06
97.06
97.06
97.06
97.06
97.06
98.00
98.00
98.00
98.00
98.00
98.00
98.00
98.00
97.50
97.50
97.50
97.50
97.50
97.56
97.56
97.56
97.56
97.56
97.56
97.56
97.56
97.06
97.06
97.06
97.06
97.06
97.06
97.06
97.06
97.06
97.06
97.06
97.06
97.06
97.06
97.06
97.12
97.12
97.12
97.12
97.12
97.12
97.12
97.12
97.75
97.75
97.75
97.75
97.75
97.75
97.75
97.75
98.25
98.25
98.25
98.25
98.25
98.25
98.25
98.31
98.31
98.31
98.31
98.31
