96.51
96.51
96.51
96.51
96.51
96.51
96.51
96.51
96.82
96.82
96.82
96.82
96.82
96.82
96.82
96.82
96.82
96.82
96.82
95.87
95.87
95.87
95.87
95.87
95.87
95.87
95.87
95.87
95.87
95.87
95.62
95.62
95.62
95.62
95.62
95.62
95.62
95.62
96.91
96.91
96.91
96.91
96.91
96.91
96.91
97.09
97.09
97.09
97.09
97.09
97.09
97.09
97.09
97.09
97.09
96.65
96.65
96.65
96.65
96.65
96.65
96.65
96.65
96.65
97.60
97.60
97.60
97.60
97.60
97.60
97.60
97.60
97.60
97.60
97.60
97.60
97.60
97.60
97.67
97.67
97.67
97.67
97.67
97.67
97.67
97.67
95.92
95.92
95.92
95.92
95.92
95.92
95.92
95.92
95.92
96.32
96.32
96.32
96.32
96.32
96.32
96.32
96.32
97.17
97.17
97.17
97.17
97.17
97.17
97.17
97.17
97.17
97.19
97.19
97.19
97.19
98.61
98.61
98.61
98.61
98.61
98.61
98.61
98.52
98.52
98.52
98.52
98.52
98.52
98.52
98.52
98.81
98.81
98.81
98.81
98.81
98.81
98.81
98.81
98.81
98.81
98.81
98.81
98.81
98.81
98.81
98.81
