79.11
79.11
79.11
79.11
79.11
79.11
79.11
79.11
79.11
79.11
79.11
72.95
72.95
72.95
72.95
72.95
72.95
72.95
72.21
72.21
72.21
72.21
72.21
65.71
65.71
65.71
65.71
65.71
65.71
65.71
65.71
65.71
60.86
60.86
60.86
60.86
60.86
60.86
60.86
60.86
60.86
60.86
60.86
67.51
67.51
67.51
67.51
67.51
67.51
67.51
72.23
72.23
72.23
72.23
90.69
90.69
90.69
90.69
90.69
90.69
90.69
90.69
90.69
95.93
95.93
95.93
95.93
95.93
95.93
95.93
95.93
97.07
97.07
97.07
97.07
97.07
97.07
97.07
97.07
96.58
96.58
96.58
96.58
96.58
96.58
96.58
96.58
96.58
95.83
95.83
95.83
95.83
97.43
97.43
97.43
97.43
97.43
97.43
97.43
97.11
97.11
97.11
97.11
97.11
97.11
97.11
97.11
97.11
98.11
98.11
98.11
98.11
98.11
98.11
98.11
98.11
98.11
98.11
98.11
98.11
98.00
98.00
98.00
98.00
98.00
98.00
98.00
98.00
97.36
97.36
97.36
97.36
97.36
97.36
97.36
97.83
97.83
97.83
97.83
97.83
98.31
98.31
98.31
98.31
98.31
98.31
98.31
98.31
98.31
98.17
98.17
98.17
98.17
98.17
98.17
98.17
97.41
97.41
97.41
97.41
97.41
97.41
97.41
97.41
97.41
98.06
98.06
98.06
98.06
98.06
98.55
98.55
98.55
98.55
98.52
98.52
98.52
98.52
98.52
98.52
98.52
98.21
98.21
98.21
98.21
98.21
98.21
98.21
98.21
98.62
98.62
98.62
98.62
98.62
98.62
98.62
98.62
98.76
98.76
98.76
98.76
98.76
98.76
98.76
98.76
98.76
98.76
98.76
98.76
98.45
98.45
98.45
98.45
98.45
98.45
98.45
98.63
98.63
98.63
98.63
98.63
98.58
98.58
98.58
98.58
98.58
98.58
98.58
98.58
98.54
98.54
98.54
98.54
98.54
98.54
98.23
98.23
98.23
98.23
98.23
98.23
98.23
98.28
98.28
98.28
98.28
98.28
98.28
98.28
98.28
98.28
98.28
98.28
98.27
98.27
98.27
98.27
98.27
98.27
98.44
98.44
98.44
98.44
98.44
98.44
98.44
98.44
98.44
98.44
97.94
97.94
97.94
97.94
98.15
98.15
98.15
98.15
98.15
98.15
98.15
98.09
98.09
98.09
98.09
98.09
98.09
98.09
94.93
94.93
94.93
94.93
94.97
94.97
94.97
94.97
94.97
94.97
94.97
95.62
95.62
95.62
95.62
95.62
95.62
95.62
95.62
92.97
92.97
92.97
92.97
92.97
92.97
92.97
92.97
92.97
92.97
92.97
92.13
92.13
92.13
92.13
94.94
94.94
94.94
94.94
95.23
95.23
95.23
95.23
95.23
95.23
95.23
95.23
95.94
95.94
95.94
95.94
95.94
95.94
95.94
95.94
94.88
94.88
94.88
94.88
94.88
94.88
94.88
97.11
97.11
97.11
97.11
97.11
97.11
97.11
97.11
97.86
97.86
97.86
97.86
97.86
97.86
97.86
97.86
97.55
97.55
97.55
97.55
95.94
95.94
95.94
95.94
95.94
95.94
95.94
95.94
95.94
95.94
95.94
95.94
95.13
95.13
95.13
95.13
95.13
95.13
95.13
95.13
94.84
94.84
94.84
94.84
94.84
94.84
94.84
94.84
