97.47
97.47
97.47
97.47
97.47
97.47
97.47
97.47
97.47
97.82
97.82
97.82
97.82
97.82
97.82
97.82
97.82
97.82
97.82
97.82
97.50
97.50
97.50
97.50
97.50
97.50
97.50
97.50
97.50
97.50
97.50
98.15
98.15
98.15
98.15
98.15
98.15
98.15
98.15
98.15
98.51
98.51
98.51
98.51
98.51
98.51
98.51
98.51
98.50
98.50
98.50
98.50
98.50
98.50
98.50
98.50
98.50
98.50
98.50
98.50
97.83
97.83
97.83
97.83
97.83
97.83
98.44
98.44
98.44
98.44
98.44
98.44
98.44
98.44
98.44
98.47
98.47
98.47
98.47
98.47
98.26
98.26
98.26
98.26
98.26
98.26
98.26
98.26
98.33
98.33
98.33
98.33
98.33
98.33
98.33
98.33
98.10
98.10
98.10
98.10
98.10
98.10
98.10
98.10
98.10
98.03
98.03
98.03
98.03
98.03
98.03
98.03
97.15
97.15
97.15
97.15
97.15
97.15
97.15
97.15
97.15
96.05
96.05
96.05
96.05
93.43
93.43
93.43
93.43
93.43
93.43
93.43
93.43
93.43
93.74
93.74
93.74
93.74
93.74
93.74
93.74
93.74
93.74
95.43
95.43
95.43
95.43
95.43
95.43
95.43
97.44
97.44
97.44
97.44
97.44
97.44
97.44
97.78
97.78
97.78
97.78
97.78
97.78
97.78
97.78
97.78
97.98
97.98
97.98
97.98
97.98
97.98
97.98
97.98
97.98
98.41
98.41
98.41
98.41
98.41
98.41
98.41
98.58
98.58
98.58
98.58
98.58
98.58
98.58
97.72
97.72
97.72
97.72
97.72
97.72
97.72
97.72
97.72
97.53
97.53
97.53
97.53
97.53
97.53
97.53
97.53
97.53
98.04
98.04
98.04
98.04
98.04
98.04
98.04
98.04
97.39
97.39
97.39
97.39
97.39
97.39
97.39
97.39
96.26
96.26
96.26
96.26
96.26
96.26
96.26
96.26
95.63
95.63
95.63
95.63
95.63
95.63
93.78
93.78
93.78
93.78
93.78
93.78
93.78
93.78
89.06
89.06
89.06
89.06
89.06
89.06
89.06
89.06
89.06
80.96
80.96
80.96
80.96
68.92
68.92
68.92
68.92
68.92
68.92
68.92
68.92
61.84
61.84
61.84
61.84
61.84
