0.94
0.95
0.95
0.94
0.94
0.91
0.88
0.84
0.80
0.95
0.95
0.95
0.93
0.94
0.83
0.78
0.70
0.62
0.95
0.95
0.95
0.94
0.95
0.89
0.84
0.79
0.72
0.95
0.96
0.96
0.95
0.95
0.91
0.91
0.87
0.96
0.96
0.96
0.95
0.95
0.93
0.93
0.96
0.96
0.96
0.95
0.95
0.92
0.82
0.81
0.95
0.95
0.95
0.95
0.95
0.93
0.91
0.90
0.95
0.95
0.94
0.94
0.93
0.93
0.90
0.90
0.94
0.94
0.93
0.93
0.92
0.88
0.92
0.92
0.92
0.91
0.91
0.82
0.93
0.93
0.92
0.92
0.91
0.90
0.90
0.92
0.91
0.91
0.90
0.90
0.81
0.90
0.91
0.91
0.89
0.90
0.84
0.79
0.80
0.80
0.81
0.63
0.78
0.92
0.92
0.91
0.90
0.89
0.83
0.80
0.76
0.91
0.91
0.92
0.90
0.91
0.88
0.87
0.86
0.92
0.92
0.93
0.90
0.92
0.73
0.92
0.92
0.93
0.91
0.93
0.93
0.93
0.93
0.93
0.94
0.94
0.94
0.93
0.93
0.89
0.84
0.84
0.94
0.94
0.94
0.94
0.94
0.94
0.95
0.93
0.94
0.85
0.87
0.95
0.95
0.95
0.94
0.94
0.91
0.85
0.85
0.95
0.95
0.95
0.94
0.94
0.90
0.89
0.95
0.95
0.95
0.94
0.94
0.87
0.87
0.95
0.95
0.95
0.94
0.95
0.86
0.85
0.81
0.96
0.95
0.95
0.95
0.94
0.92
0.86
0.85
0.95
0.95
0.94
0.93
0.94
0.79
0.73
0.64
0.58
0.94
0.94
0.94
0.93
0.93
0.87
0.82
0.85
0.95
0.95
0.95
0.94
0.94
0.95
0.94
0.94
0.93
0.93
0.82
0.76
0.67
0.61
0.93
0.93
0.93
0.92
0.92
0.85
0.84
0.81
0.93
0.93
0.93
0.92
0.92
0.87
0.82
0.82
0.94
0.94
0.94
0.93
0.95
0.95
0.95
0.94
0.94
0.91
0.88
0.84
0.78
0.95
0.95
0.95
0.94
0.95
0.84
0.78
0.75
0.74
0.95
0.96
0.96
0.95
0.95
0.95
0.93
0.92
0.92
0.93
0.92
0.96
0.96
0.96
0.95
0.96
0.92
0.92
0.87
0.96
0.96
0.96
0.96
0.95
0.95
0.92
0.92
