51.47
51.47
51.47
51.47
51.47
51.47
51.47
51.47
40.78
40.78
40.78
40.78
40.78
40.78
52.62
52.62
52.62
52.62
52.62
52.62
52.62
49.78
49.78
49.78
49.78
49.78
49.78
49.78
49.78
49.78
53.06
53.06
53.06
53.06
53.06
53.06
47.81
47.81
47.81
47.81
47.81
47.81
47.81
47.81
46.25
46.25
46.25
46.25
46.25
46.25
46.25
46.25
46.31
46.31
46.31
46.31
46.31
46.31
46.31
46.91
46.91
46.91
46.91
46.91
46.91
45.25
45.25
45.25
45.25
45.25
45.25
45.25
46.78
46.78
46.78
46.78
46.78
46.78
46.78
46.78
46.78
43.59
43.59
43.59
43.59
43.59
43.59
43.59
43.59
43.59
43.59
48.41
48.41
48.41
48.41
48.41
48.41
48.41
56.88
56.88
56.88
56.88
56.88
56.88
56.88
56.88
56.88
56.88
56.88
61.06
61.06
61.06
61.06
61.06
61.06
61.06
61.06
61.06
61.06
61.06
66.12
66.12
66.12
66.12
66.12
66.12
66.12
86.81
86.81
86.81
86.81
86.81
86.81
86.81
94.38
94.38
94.38
94.38
94.38
94.38
94.38
94.38
97.38
97.38
97.38
97.38
97.38
97.38
97.38
97.69
97.69
97.69
97.69
97.69
97.69
97.69
97.69
98.06
98.06
98.06
98.06
98.06
98.06
97.75
97.75
97.75
97.75
97.75
97.75
97.75
97.75
97.75
97.75
98.06
98.06
98.06
98.06
98.56
98.56
98.56
98.56
98.56
98.56
98.56
98.62
98.62
98.62
98.62
98.62
98.62
98.62
98.62
98.44
98.44
98.44
98.44
98.44
98.44
97.88
97.88
97.88
97.88
97.88
97.06
97.06
97.06
97.06
97.06
97.06
95.19
95.19
95.19
95.19
95.19
97.00
97.00
97.00
97.00
97.00
97.00
97.00
97.00
97.00
97.94
97.94
97.94
97.94
97.94
97.94
97.94
97.94
97.94
97.94
97.25
97.25
97.25
97.25
97.25
97.75
97.75
97.75
97.75
97.75
98.06
98.06
98.06
98.06
98.06
98.06
98.06
98.06
98.06
98.06
98.25
98.25
98.25
98.25
98.25
98.25
98.25
98.25
98.00
98.00
98.00
98.00
98.00
98.00
98.00
98.00
98.00
98.00
98.00
98.25
98.25
98.25
98.25
98.25
98.25
98.25
98.25
98.25
98.25
98.25
98.25
98.25
98.25
98.25
98.25
98.25
98.31
98.31
98.31
98.31
98.31
98.31
98.31
98.31
98.25
98.25
98.25
98.25
98.25
98.25
98.25
98.19
98.19
98.19
98.19
98.19
98.19
98.19
98.19
98.19
98.19
98.00
98.00
98.00
98.00
98.00
98.00
98.00
98.00
98.31
98.31
98.31
98.31
98.31
98.31
98.31
98.31
98.31
98.31
98.31
98.31
98.31
98.31
97.88
97.88
97.88
97.88
97.88
98.50
98.50
98.50
98.50
98.50
98.50
98.50
98.56
98.56
98.56
98.56
98.56
98.56
98.56
98.56
98.56
98.56
98.56
98.12
98.12
98.12
98.12
98.12
98.12
98.12
98.12
98.12
98.31
98.31
98.31
98.31
98.31
98.31
98.31
98.31
98.31
97.69
97.69
97.69
97.69
97.69
97.69
97.69
97.69
96.38
96.38
96.38
96.38
98.31
98.31
98.31
98.31
98.31
98.31
96.81
96.81
96.81
96.81
96.81
96.81
96.81
96.81
97.56
97.56
97.56
97.56
97.56
97.56
97.56
97.56
98.50
98.50
98.50
98.50
98.50
98.50
98.50
98.50
98.50
98.50
98.50
98.50
98.19
98.19
98.19
98.19
98.19
98.19
98.19
98.19
98.00
98.00
98.00
98.00
98.00
98.00
98.00
