90.83
90.83
90.83
90.83
90.83
94.48
94.48
94.48
94.48
94.48
94.48
94.48
97.27
97.27
97.27
97.27
97.27
97.27
97.27
97.27
95.43
95.43
95.43
95.43
95.43
95.43
95.43
95.43
91.93
91.93
91.93
91.93
91.93
91.93
94.49
94.49
94.49
94.49
94.49
94.49
94.49
94.49
94.49
94.49
91.52
91.52
91.52
91.52
91.52
89.66
89.66
89.66
89.66
91.97
91.97
91.97
91.97
91.97
91.97
91.97
91.97
94.49
94.49
94.49
94.49
94.49
94.49
94.49
94.49
93.16
93.16
93.16
93.16
93.16
93.16
93.16
91.60
91.60
91.60
91.60
91.60
91.60
91.60
91.60
91.60
91.60
91.60
91.07
91.07
91.07
91.07
91.07
91.07
91.07
91.07
91.07
92.85
92.85
92.85
92.85
94.49
94.49
94.49
94.49
94.49
97.86
97.86
97.86
97.86
97.86
97.86
97.86
98.22
98.22
98.22
98.22
98.22
98.22
98.22
98.22
98.58
98.58
98.58
98.58
98.58
98.58
98.58
98.58
98.44
98.44
98.44
98.44
98.44
98.44
98.44
97.67
97.67
97.67
97.67
97.67
97.67
97.67
91.06
91.06
91.06
91.06
91.06
85.57
85.57
85.57
85.57
85.57
85.57
74.01
74.01
74.01
74.01
74.01
74.01
74.01
74.01
74.01
74.01
74.01
74.01
70.90
70.90
70.90
70.90
70.90
70.90
70.90
70.90
