0.82
0.81
0.80
0.79
0.76
0.73
0.67
0.67
0.77
0.77
0.77
0.75
0.74
0.67
0.74
0.73
0.74
0.69
0.70
0.63
0.72
0.71
0.72
0.69
0.69
0.64
0.67
0.70
0.69
0.70
0.66
0.67
0.62
0.60
0.51
0.44
0.69
0.68
0.69
0.65
0.66
0.62
0.61
0.51
0.41
0.37
0.55
0.75
0.75
0.75
0.72
0.73
0.68
0.64
0.65
0.77
0.77
0.78
0.75
0.77
0.72
0.70
0.82
0.82
0.83
0.81
0.82
0.81
0.83
0.83
0.84
0.81
0.82
0.78
0.74
0.75
0.72
0.74
0.58
0.67
0.85
0.85
0.85
0.83
0.83
0.80
0.76
0.76
0.83
0.83
0.83
0.81
0.81
0.74
0.84
0.84
0.84
0.82
0.83
0.87
0.88
0.88
0.87
0.87
0.86
0.84
0.84
0.84
0.84
0.82
0.90
0.91
0.91
0.89
0.91
0.83
0.91
0.91
0.92
0.89
0.91
0.82
0.80
0.73
0.66
0.92
0.92
0.92
0.89
0.91
0.78
0.70
0.71
0.92
0.92
0.92
0.90
0.91
0.82
0.74
0.74
0.73
0.73
0.72
0.90
0.90
0.90
0.89
0.90
0.87
0.84
0.84
0.92
0.92
0.92
0.91
0.92
0.89
0.88
0.87
0.87
0.92
0.92
0.92
0.91
0.90
0.91
0.90
0.90
0.89
0.88
0.75
0.90
0.90
0.90
0.89
0.89
0.86
0.82
0.83
0.83
0.83
0.74
0.81
0.92
0.92
0.92
0.91
0.90
0.89
0.87
0.88
