93.16
93.16
93.16
93.16
93.16
93.16
93.16
93.16
91.68
91.68
91.68
91.68
91.68
91.68
91.68
91.68
94.32
94.32
94.32
94.32
94.32
94.32
94.32
94.32
94.32
94.32
94.32
92.66
92.66
92.66
92.66
92.66
92.66
92.66
92.66
92.66
92.66
92.66
92.66
94.53
94.53
94.53
94.53
94.53
94.53
94.53
94.53
94.06
94.06
94.06
94.06
94.06
94.06
94.06
94.06
93.55
93.55
93.55
93.55
92.80
92.80
92.80
92.80
92.80
92.80
92.80
92.80
86.56
86.56
86.56
86.56
85.75
85.75
85.75
85.75
85.75
85.75
85.75
85.75
85.75
87.23
87.23
87.23
87.23
87.23
87.23
87.23
87.23
87.23
87.23
89.79
89.79
89.79
89.79
89.79
89.79
89.79
89.79
89.79
89.79
89.79
86.22
86.22
86.22
86.22
86.22
86.22
86.22
86.22
86.22
88.58
88.58
88.58
88.58
88.58
88.58
88.58
86.07
86.07
86.07
86.07
86.07
86.07
86.07
86.07
86.07
89.05
89.05
89.05
89.05
89.05
89.05
89.05
89.05
89.05
89.46
89.46
89.46
89.46
89.46
89.46
90.99
90.99
90.99
90.99
90.99
90.99
90.99
90.99
90.99
90.23
90.23
90.23
90.23
90.23
90.23
90.23
90.23
90.23
92.46
92.46
92.46
92.46
92.46
92.46
92.46
93.41
93.41
93.41
93.41
93.41
93.41
93.41
93.41
92.32
92.32
92.32
92.32
92.32
92.32
92.32
92.32
92.32
92.32
92.27
92.27
92.27
92.27
92.27
92.27
92.27
92.27
92.27
95.30
95.30
95.30
95.30
95.30
95.30
95.30
95.30
95.30
95.30
95.30
92.82
92.82
92.82
92.82
92.82
90.78
90.78
90.78
90.78
90.78
90.78
84.04
84.04
84.04
84.04
84.04
84.04
84.04
84.04
84.04
84.92
84.92
84.92
84.92
84.92
84.92
84.92
86.88
86.88
86.88
86.88
86.88
81.62
81.62
81.62
81.62
81.62
81.62
81.26
81.26
81.26
81.26
81.26
81.26
81.26
81.26
81.26
88.31
88.31
88.31
88.31
88.31
88.31
88.31
88.31
88.31
88.31
88.31
91.55
91.55
91.55
91.55
91.55
91.55
91.55
90.53
90.53
90.53
90.53
90.53
90.53
90.53
90.53
90.53
91.11
91.11
91.11
91.11
91.11
91.11
91.11
91.11
91.06
91.06
91.06
91.06
91.06
91.06
91.06
91.06
86.41
86.41
86.41
86.41
86.41
86.41
86.41
86.41
