0.97
0.97
0.97
0.97
0.96
0.98
0.97
0.97
0.96
0.96
0.96
0.96
0.96
0.96
0.96
0.96
0.93
0.92
0.92
0.95
0.95
0.95
0.94
0.94
0.92
0.92
0.93
0.93
0.94
0.92
0.94
0.89
0.89
0.89
0.95
0.96
0.96
0.95
0.96
0.94
0.94
0.93
0.96
0.97
0.96
0.97
0.95
0.97
0.96
0.95
0.96
0.96
0.96
0.95
0.95
0.95
0.95
0.95
0.94
0.94
0.93
0.90
0.88
0.89
0.94
0.94
0.94
0.94
0.94
0.94
0.93
0.93
0.92
0.92
0.90
0.92
0.96
0.97
0.97
0.97
0.97
0.96
0.96
0.97
0.97
0.97
0.96
0.96
0.80
0.85
0.94
0.94
0.94
0.92
0.93
0.85
0.82
0.79
0.71
0.67
0.75
0.94
0.95
0.95
0.94
0.95
0.89
0.85
0.84
0.83
0.84
0.97
0.97
0.97
0.97
0.97
0.97
0.97
0.97
0.97
0.97
0.96
0.97
0.95
0.97
0.97
0.96
0.94
0.94
0.94
0.94
0.93
0.89
0.88
0.87
0.96
0.96
0.97
0.95
0.96
0.93
0.89
0.89
0.98
0.98
0.98
0.97
0.97
0.96
0.94
0.91
0.90
0.98
0.98
0.97
0.97
0.97
0.94
0.90
0.90
0.85
0.82
0.85
0.97
0.98
0.98
0.97
0.98
0.94
0.94
0.98
0.98
0.98
0.98
0.98
0.97
0.96
0.98
0.98
0.98
0.98
0.97
0.97
0.95
0.95
0.98
0.97
0.97
0.97
0.95
0.94
0.93
0.93
0.96
0.96
0.96
0.95
0.95
0.86
0.90
0.97
0.97
0.97
0.95
0.95
0.82
0.81
0.97
0.97
0.96
0.96
0.95
0.91
0.90
0.80
0.95
0.95
0.95
0.93
0.94
0.90
0.89
0.89
0.95
0.94
0.94
0.93
0.93
0.90
0.96
0.96
0.95
0.96
0.93
0.97
0.96
0.96
0.94
0.94
0.94
0.94
0.93
0.94
0.95
0.92
0.94
0.87
0.85
0.86
0.82
0.83
0.95
0.96
0.96
0.96
0.96
0.97
0.97
0.97
0.97
0.97
0.97
0.95
0.96
0.88
0.85
0.82
0.85
0.97
0.96
0.97
0.95
0.97
0.85
0.81
0.75
0.81
0.97
0.97
0.97
0.97
0.97
0.97
0.96
0.96
0.96
0.96
0.94
0.95
0.97
0.98
0.97
0.98
0.96
0.98
0.97
0.97
0.96
0.96
0.96
0.97
0.97
0.97
0.96
0.96
0.93
0.92
0.91
0.97
0.97
0.97
0.96
0.96
0.94
