92.50
92.50
92.50
92.50
92.50
92.50
92.50
92.50
92.50
92.50
92.50
92.50
93.62
93.62
93.62
93.62
93.62
93.62
93.62
93.62
93.62
93.62
93.62
95.31
95.31
95.31
95.31
95.31
95.31
95.31
95.31
97.62
97.62
97.62
97.62
97.62
97.62
97.62
97.94
97.94
97.94
97.94
97.94
97.94
97.94
97.94
97.94
97.81
97.81
97.81
97.81
97.81
97.81
97.81
97.81
97.81
97.12
97.12
97.12
97.12
97.12
97.12
97.12
97.12
98.00
98.00
98.00
98.00
98.00
98.31
98.31
98.31
98.31
98.31
98.31
98.31
98.31
98.31
97.25
97.25
97.25
97.25
97.25
97.25
97.25
97.25
97.25
97.12
97.12
97.12
97.12
97.12
97.12
97.12
97.12
97.88
97.88
97.88
97.88
97.88
96.06
96.06
96.06
96.06
96.06
96.06
93.94
93.94
93.94
93.94
93.94
93.94
93.94
93.94
92.19
92.19
92.19
92.19
92.19
92.19
92.19
92.19
92.19
92.69
92.69
92.69
92.69
92.69
92.69
92.69
92.69
97.19
97.19
97.19
97.19
97.19
97.19
97.19
97.19
97.19
97.19
98.19
98.19
98.19
98.19
98.19
98.19
98.19
98.69
98.69
98.69
98.69
98.69
98.69
98.69
98.75
98.75
98.75
98.75
98.75
98.75
98.75
98.75
98.75
98.75
98.75
98.75
98.75
98.75
98.75
98.75
98.75
98.75
98.75
98.50
98.50
98.50
98.50
98.50
97.50
97.50
97.50
97.50
97.50
97.50
97.50
97.50
97.50
95.62
95.62
95.62
95.62
95.62
95.62
95.62
90.44
90.44
90.44
90.44
90.44
90.44
90.44
90.44
88.12
88.12
88.12
88.12
95.00
95.00
95.00
95.00
95.00
95.00
95.00
95.00
95.00
98.12
98.12
98.12
98.12
98.12
98.12
98.12
98.06
98.06
98.06
98.06
98.06
98.06
98.06
98.25
98.25
98.25
98.25
98.56
98.56
98.56
98.56
98.56
98.56
98.56
98.56
98.56
98.62
98.62
98.62
98.62
98.62
98.44
98.44
98.44
98.44
98.44
98.44
98.62
98.62
98.62
98.62
98.62
98.62
98.62
98.62
98.00
98.00
98.00
98.00
98.00
98.00
98.00
98.00
98.00
98.00
96.06
96.06
96.06
96.06
96.06
96.06
96.06
96.06
96.06
96.56
96.56
96.56
96.56
96.56
96.56
96.56
96.56
97.75
97.75
97.75
97.75
98.50
98.50
98.50
98.50
98.50
98.50
98.50
98.50
98.50
98.56
98.56
98.56
98.56
98.56
98.56
98.56
98.56
98.56
98.56
98.56
97.44
97.44
97.44
97.44
97.44
97.44
97.75
97.75
97.75
97.75
97.75
97.75
97.75
97.75
97.62
97.62
97.62
97.62
97.62
97.62
97.62
97.56
97.56
97.56
97.56
97.56
97.56
97.56
96.81
96.81
96.81
96.81
96.81
96.81
96.81
96.81
96.81
96.81
94.56
94.56
94.56
94.56
94.56
94.56
94.56
94.56
94.56
94.56
94.56
95.06
95.06
95.06
95.06
95.06
95.06
95.06
95.06
94.94
94.94
94.94
94.94
94.94
94.94
94.94
94.94
94.94
94.94
94.94
94.94
91.38
91.38
91.38
91.38
91.38
91.38
91.38
91.38
91.38
91.38
91.38
90.38
90.38
90.38
90.38
90.38
90.38
90.38
92.00
92.00
92.00
92.00
92.00
92.00
92.00
92.00
95.00
95.00
95.00
95.00
97.50
97.50
97.50
97.50
97.50
97.50
97.50
97.50
97.62
97.62
97.62
97.62
98.06
98.06
98.06
98.06
98.06
98.06
98.06
