0.98
0.98
0.98
0.98
0.98
0.96
0.97
0.98
0.98
0.98
0.98
0.98
0.97
0.97
0.98
0.98
0.98
0.98
0.98
0.93
0.99
0.99
0.99
0.98
0.99
0.97
0.97
0.99
0.99
0.99
0.98
0.99
0.98
0.98
0.98
0.98
0.98
0.95
0.90
0.90
0.98
0.98
0.98
0.98
0.98
0.97
0.96
0.96
0.98
0.97
0.98
0.97
0.97
0.90
0.97
0.98
0.97
0.98
0.97
0.97
0.97
0.97
0.97
0.97
0.97
0.97
0.96
0.97
0.97
0.96
0.97
0.97
0.96
0.96
0.95
0.95
0.93
0.92
0.91
0.96
0.95
0.95
0.95
0.94
0.95
0.92
0.92
0.92
0.95
0.95
0.95
0.94
0.95
0.95
0.95
0.96
0.95
0.96
0.95
0.95
0.95
0.95
0.93
0.95
0.96
0.95
0.95
0.94
0.94
0.86
0.85
0.83
0.94
0.94
0.94
0.93
0.93
0.85
0.94
0.94
0.93
0.93
0.92
0.92
0.90
0.90
0.86
0.85
0.88
0.92
0.91
0.89
0.90
0.86
0.87
0.84
0.82
0.82
0.90
0.90
0.91
0.90
0.90
0.89
0.87
0.86
0.84
0.83
0.83
0.78
0.76
0.74
0.75
0.88
0.88
0.87
0.85
0.88
0.89
0.90
0.86
0.90
0.79
0.75
0.73
0.72
0.71
0.90
0.91
0.90
0.91
0.89
0.94
0.94
0.93
0.94
0.93
0.91
0.94
0.91
0.91
0.92
0.89
0.92
0.81
0.85
0.92
0.92
0.92
0.92
0.91
0.91
0.91
0.90
0.91
0.91
0.91
0.90
0.90
0.90
0.90
0.90
0.91
0.92
0.90
0.91
0.90
0.91
0.90
0.92
0.93
0.93
0.92
0.93
0.91
0.90
0.90
0.91
0.92
0.93
0.91
0.93
0.91
0.91
0.94
0.94
0.95
0.93
0.94
0.90
0.88
0.86
0.81
0.79
0.83
0.96
0.96
0.96
0.96
0.95
0.96
0.95
0.95
0.96
0.96
0.96
0.95
0.96
0.93
0.91
0.89
0.87
