92.37
92.37
92.37
92.37
92.37
92.37
92.37
92.37
91.81
91.81
91.81
91.81
91.81
92.44
92.44
92.44
92.44
92.44
92.44
92.44
91.28
91.28
91.28
91.28
91.28
91.28
91.28
91.28
91.28
91.28
91.28
91.82
91.82
91.82
91.82
91.82
91.82
91.82
88.44
88.44
88.44
88.44
88.44
88.44
88.44
88.44
88.44
84.74
84.74
84.74
84.74
87.29
87.29
87.29
87.29
87.29
87.29
87.29
87.29
87.29
90.28
90.28
90.28
90.28
90.28
90.28
90.28
90.28
91.53
91.53
91.53
91.53
91.53
91.53
91.53
91.53
91.53
93.70
93.70
93.70
93.70
93.70
93.70
93.70
93.98
93.98
93.98
93.98
93.98
93.98
93.98
93.98
94.30
94.30
94.30
94.30
94.30
94.30
94.30
94.30
95.38
95.38
95.38
95.38
95.38
95.38
95.38
94.23
94.23
94.23
94.23
94.23
94.23
94.23
94.23
93.91
93.91
93.91
93.91
93.91
93.91
93.91
93.91
93.14
93.14
93.14
93.14
93.14
93.14
93.14
93.14
93.14
91.95
91.95
91.95
91.95
91.95
91.95
90.01
90.01
90.01
90.01
92.66
92.66
92.66
92.66
92.66
92.66
92.66
92.66
92.36
92.36
92.36
92.36
93.82
93.82
93.82
93.82
93.82
93.82
93.82
94.75
94.75
94.75
94.75
94.75
94.75
94.75
94.70
94.70
94.70
94.70
94.70
94.70
94.70
92.73
92.73
92.73
92.73
92.73
92.21
92.21
92.21
92.21
92.21
93.49
93.49
93.49
93.49
93.49
93.49
93.49
93.49
93.72
93.72
93.72
93.72
93.72
93.72
93.72
93.72
92.98
92.98
92.98
92.98
92.98
92.98
92.98
88.87
88.87
88.87
88.87
88.87
88.87
88.87
88.87
88.87
88.87
86.15
86.15
86.15
86.15
86.15
86.15
86.15
86.15
83.86
83.86
83.86
83.86
88.20
88.20
88.20
88.20
88.20
88.20
88.20
88.20
91.74
91.74
91.74
91.74
91.74
91.74
91.74
91.70
91.70
91.70
91.70
91.70
91.70
91.70
91.70
91.70
92.70
92.70
92.70
92.70
92.70
92.70
92.70
92.70
90.97
90.97
90.97
90.97
90.97
90.97
90.97
91.14
91.14
91.14
91.14
91.14
91.14
91.14
91.14
91.14
91.02
91.02
91.02
91.02
91.02
91.02
91.02
92.09
92.09
92.09
92.09
92.09
92.09
92.09
92.09
92.09
93.54
93.54
93.54
93.54
93.54
93.54
93.54
93.54
93.54
93.54
95.10
95.10
95.10
95.10
95.10
95.10
95.10
94.67
94.67
94.67
94.67
94.67
94.67
94.67
94.67
94.49
94.49
94.49
94.49
94.49
94.49
95.44
95.44
95.44
95.44
95.44
95.44
95.44
95.44
95.44
95.44
94.42
94.42
94.42
94.42
94.42
94.42
94.42
94.42
93.13
93.13
93.13
93.13
93.13
93.13
93.13
91.12
91.12
91.12
91.12
91.12
91.12
91.12
91.12
87.11
87.11
87.11
87.11
87.11
87.11
87.11
87.11
87.11
88.55
88.55
88.55
88.55
88.55
88.55
88.55
88.55
89.13
89.13
89.13
89.13
89.13
90.83
90.83
90.83
90.83
90.83
90.83
92.20
92.20
92.20
92.20
92.20
92.20
92.20
92.20
