93.40
93.40
93.40
93.40
93.40
93.40
94.12
94.12
94.12
94.12
94.12
94.12
94.12
94.12
95.10
95.10
95.10
95.10
95.10
95.10
95.10
95.10
95.10
95.10
95.10
95.04
95.04
95.04
95.04
95.04
95.04
95.04
95.04
93.96
93.96
93.96
93.96
93.96
93.96
93.96
93.96
93.96
94.67
94.67
94.67
94.67
94.67
94.67
94.67
93.51
93.51
93.51
93.51
93.51
93.51
93.51
93.51
93.51
93.00
93.00
93.00
93.00
93.00
93.00
93.00
93.00
93.00
93.00
93.00
91.98
91.98
91.98
91.98
91.93
91.93
91.93
91.93
91.93
91.93
91.93
91.93
91.93
91.93
91.93
89.01
89.01
89.01
89.01
90.92
90.92
90.92
90.92
90.92
90.92
90.92
90.92
90.92
90.92
90.92
90.92
90.56
90.56
90.56
90.56
90.56
90.56
90.56
91.69
91.69
91.69
91.69
91.69
91.69
91.69
86.59
86.59
86.59
86.59
86.59
84.53
84.53
84.53
84.53
84.53
84.53
82.62
82.62
82.62
82.62
82.62
82.62
82.62
