0.93
0.93
0.93
0.93
0.92
0.90
0.86
0.85
0.92
0.92
0.92
0.91
0.91
0.90
0.88
0.91
0.91
0.90
0.89
0.89
0.82
0.82
0.91
0.91
0.91
0.90
0.90
0.82
0.81
0.78
0.91
0.91
0.91
0.90
0.91
0.85
0.80
0.83
0.93
0.93
0.94
0.93
0.93
0.88
0.95
0.95
0.95
0.94
0.94
0.92
0.92
0.94
0.94
0.94
0.93
0.93
0.88
0.79
0.80
0.94
0.94
0.94
0.92
0.93
0.87
0.82
0.75
0.80
0.94
0.94
0.94
0.94
0.93
0.93
0.91
0.90
0.90
0.90
0.86
0.89
0.94
0.94
0.94
0.94
0.93
0.94
0.92
0.92
0.93
0.93
0.92
0.92
0.91
0.88
0.83
0.82
0.92
0.92
0.92
0.92
0.90
0.90
0.88
0.88
0.92
0.92
0.91
0.91
0.90
0.86
0.82
0.79
0.68
0.65
0.77
0.90
0.90
0.89
0.88
0.87
0.76
0.75
0.73
0.88
0.88
0.88
0.86
0.91
0.90
0.90
0.88
0.88
0.79
0.74
0.71
0.68
0.92
0.92
0.92
0.92
0.90
0.90
0.88
0.88
