98.76
98.76
98.76
98.76
98.76
98.76
98.76
98.76
98.76
98.76
98.76
98.76
98.70
98.70
98.70
98.70
98.70
98.70
98.70
98.70
98.70
98.50
98.50
98.50
98.50
98.50
98.50
98.34
98.34
98.34
98.34
98.34
98.34
98.34
98.34
98.54
98.54
98.54
98.54
98.54
98.54
98.54
98.54
98.54
98.54
98.54
98.54
98.59
98.59
98.59
98.59
98.59
98.59
98.59
98.59
98.59
98.64
98.64
98.64
98.64
98.64
98.64
98.64
98.33
98.33
98.33
98.33
98.53
98.53
98.53
98.53
98.53
98.53
98.68
98.68
98.68
98.68
98.68
98.68
98.68
98.90
98.90
98.90
98.90
98.90
98.90
98.90
98.90
98.89
98.89
98.89
98.89
98.89
98.89
98.89
98.89
98.89
98.95
98.95
98.95
98.95
98.95
98.95
98.95
98.92
98.92
98.92
98.92
98.92
98.92
98.92
98.92
98.91
98.91
98.91
98.91
98.91
98.91
98.91
98.91
98.93
98.93
98.93
98.93
98.93
98.93
98.93
98.93
98.94
98.94
98.94
98.94
98.94
98.90
98.90
98.90
98.90
98.90
98.89
98.89
98.89
98.89
98.89
98.86
98.86
98.86
98.86
98.86
98.86
98.86
98.86
98.68
98.68
98.68
98.68
98.68
98.68
98.68
98.68
98.49
98.49
98.49
98.49
98.49
98.49
98.49
98.49
98.49
98.49
98.49
98.49
98.49
98.49
98.49
98.49
98.52
98.52
98.52
98.52
98.52
98.52
98.52
98.69
98.69
98.69
98.69
98.69
98.69
98.69
98.69
98.69
98.69
98.69
98.17
98.17
98.17
98.17
98.17
98.17
98.17
97.04
97.04
97.04
97.04
98.23
98.23
98.23
98.23
98.56
98.56
98.56
98.56
98.56
98.56
98.56
98.56
98.56
98.41
98.41
98.41
98.41
98.41
98.41
98.41
98.47
98.47
98.47
98.47
98.47
98.47
98.47
98.47
98.47
98.47
98.47
98.05
98.05
98.05
98.05
98.05
98.05
98.05
98.05
97.85
97.85
97.85
97.85
97.85
97.85
96.55
96.55
96.55
96.55
96.55
96.55
96.71
96.71
96.71
96.71
96.71
96.71
96.71
96.71
96.71
97.40
97.40
97.40
97.40
97.40
97.40
97.40
97.40
97.55
97.55
97.55
97.55
97.55
97.55
97.55
97.55
97.55
96.58
96.58
96.58
96.58
96.58
96.58
96.58
96.58
95.69
95.69
95.69
95.69
95.69
94.61
94.61
94.61
94.61
94.61
94.61
94.61
94.61
96.79
96.79
96.79
96.79
96.79
97.70
97.70
97.70
97.70
97.70
97.70
97.70
97.85
97.85
97.85
97.85
97.85
97.85
97.85
97.85
97.61
97.61
97.61
97.61
97.61
97.61
97.61
97.61
97.61
97.61
97.61
97.82
97.82
97.82
97.82
97.82
97.82
97.82
97.82
95.83
95.83
95.83
95.83
95.83
95.83
95.83
95.83
95.83
95.83
95.83
95.83
95.83
95.83
96.16
96.16
96.16
96.16
96.16
96.16
96.16
96.16
97.26
97.26
97.26
97.26
97.26
97.26
97.26
94.32
94.32
94.32
94.32
94.32
94.32
94.32
94.32
93.55
93.55
93.55
93.55
93.55
93.55
93.55
93.55
93.55
