95.40
95.40
95.40
95.40
95.40
97.40
97.40
97.40
97.40
97.40
97.40
97.40
97.40
97.40
97.40
97.40
97.40
96.70
96.70
96.70
96.70
96.70
96.70
96.70
96.70
96.70
96.40
96.40
96.40
96.40
96.40
96.40
96.40
96.40
96.40
98.11
98.11
98.11
98.11
98.11
98.11
98.11
98.11
97.61
97.61
97.61
97.61
97.61
97.61
97.61
97.61
97.61
97.75
97.75
97.75
97.75
97.75
97.75
97.75
97.75
97.75
98.47
98.47
98.47
98.47
98.47
98.47
98.47
98.63
98.63
98.63
98.63
98.63
98.63
98.63
98.63
98.63
98.63
98.63
98.53
98.53
98.53
98.53
98.53
98.53
98.53
98.53
98.34
98.34
98.34
98.34
98.34
98.34
98.34
98.34
98.34
98.34
98.34
98.51
98.51
98.51
98.51
98.51
98.51
98.51
98.62
98.62
98.62
98.62
98.62
98.62
98.62
98.62
98.62
98.62
98.62
98.62
98.47
98.47
98.47
98.47
98.47
98.47
98.47
98.47
98.47
98.47
98.47
98.47
98.74
98.74
98.74
98.74
98.74
98.74
98.74
98.74
98.74
98.74
98.74
98.74
98.74
98.74
98.74
98.74
98.74
98.74
98.79
98.79
98.79
98.79
98.79
98.79
98.79
98.79
98.79
98.79
98.79
98.62
98.62
98.62
98.62
98.62
98.62
98.62
98.64
98.64
98.64
98.64
98.64
98.64
98.64
98.58
98.58
98.58
98.58
98.58
98.58
98.58
98.58
97.94
97.94
97.94
97.94
98.04
98.04
98.04
98.04
98.04
98.04
98.04
98.04
98.04
98.04
98.04
98.04
97.82
97.82
97.82
97.82
97.82
97.84
97.84
97.84
97.84
97.84
97.84
98.48
98.48
98.48
98.48
98.48
98.48
98.48
98.36
98.36
98.36
98.36
98.36
98.36
98.36
98.36
98.36
98.36
98.36
98.36
98.36
98.36
98.40
98.40
98.40
98.40
98.40
98.50
98.50
98.50
98.50
98.50
98.50
98.50
98.50
98.50
98.50
98.50
