95.71
95.71
95.71
95.71
95.71
95.71
95.71
95.71
95.07
95.07
95.07
95.07
95.07
95.07
95.07
95.07
95.07
95.07
95.07
94.98
94.98
94.98
94.98
94.98
94.98
94.98
94.98
94.40
94.40
94.40
94.40
94.40
94.40
94.40
92.58
92.58
92.58
92.58
92.58
92.58
92.58
92.58
92.58
91.68
91.68
91.68
91.68
91.68
91.68
91.08
91.08
91.08
91.08
91.08
91.08
91.08
91.08
91.08
91.08
91.08
91.56
91.56
91.56
91.56
91.56
91.56
91.56
91.56
91.56
91.56
91.56
91.56
91.56
91.56
88.86
88.86
88.86
88.86
88.86
88.86
88.86
88.72
88.72
88.72
88.72
88.72
88.72
88.72
88.72
88.72
92.01
92.01
92.01
92.01
92.01
92.01
92.01
92.01
91.71
91.71
91.71
91.71
91.71
91.71
91.71
90.07
90.07
90.07
90.07
90.07
90.07
90.07
90.07
94.43
94.43
94.43
94.43
94.43
94.43
94.43
94.43
94.43
94.43
94.43
97.48
97.48
97.48
97.48
97.48
97.48
97.48
97.48
98.28
98.28
98.28
98.28
98.28
98.28
98.28
98.28
