94.04
94.04
94.04
94.04
94.04
94.04
94.04
94.04
94.38
94.38
94.38
94.38
94.38
94.38
94.38
94.38
92.78
92.78
92.78
92.78
92.78
92.78
92.78
92.78
92.78
92.15
92.15
92.15
92.15
92.15
92.15
92.15
92.15
92.15
93.23
93.23
93.23
93.23
93.23
93.23
93.23
93.23
92.00
92.00
92.00
92.00
92.00
92.00
92.00
92.68
92.68
92.68
92.68
92.68
92.68
92.68
92.68
94.07
94.07
94.07
94.07
94.07
94.07
94.07
94.07
94.07
94.07
94.07
94.60
94.60
94.60
94.60
94.60
94.60
94.60
94.60
93.49
93.49
93.49
93.49
93.49
93.49
92.54
92.54
92.54
92.54
92.54
92.54
90.08
90.08
90.08
90.08
90.08
90.08
90.08
90.08
89.64
89.64
89.64
89.64
89.64
84.28
84.28
84.28
84.28
84.28
84.28
84.28
85.98
85.98
85.98
85.98
85.98
85.98
82.48
82.48
82.48
82.48
85.91
85.91
85.91
85.91
85.91
85.91
85.91
85.91
85.91
90.52
90.52
90.52
90.52
90.52
90.83
90.83
90.83
90.83
90.83
90.83
90.83
90.83
92.80
92.80
92.80
92.80
92.80
92.80
92.80
92.80
92.19
92.19
92.19
92.19
92.19
92.19
92.19
92.19
92.19
92.19
92.19
92.89
92.89
92.89
92.89
92.89
92.89
92.89
92.89
92.89
91.92
91.92
91.92
91.92
91.92
91.92
91.92
91.92
91.92
