96.06
96.06
96.06
96.06
96.06
96.06
96.06
96.06
96.06
96.06
96.06
96.06
96.06
96.06
96.06
96.06
95.38
95.38
95.38
95.38
95.38
95.38
95.38
95.38
95.38
93.94
93.94
93.94
93.94
93.94
93.94
93.94
93.94
93.94
93.94
93.94
93.94
95.81
95.81
95.81
95.81
95.81
95.81
95.81
95.31
95.31
95.31
95.31
95.31
95.31
95.31
94.81
94.81
94.81
94.81
94.81
94.81
94.81
94.81
94.81
94.81
94.81
94.81
95.19
95.19
95.19
95.19
95.19
95.19
96.19
96.19
96.19
96.19
96.19
96.19
96.19
96.19
95.50
95.50
95.50
95.50
95.50
95.50
95.50
95.50
94.38
94.38
94.38
94.38
94.38
94.38
94.38
94.38
94.38
94.50
94.50
94.50
94.50
94.50
94.50
94.50
94.50
94.50
95.69
95.69
95.69
95.69
95.69
95.69
95.69
95.69
94.38
94.38
94.38
94.38
94.38
94.38
94.38
94.38
91.75
91.75
91.75
91.75
91.75
91.75
91.31
91.31
91.31
91.31
91.31
91.31
91.31
92.44
92.44
92.44
92.44
92.44
92.44
92.44
92.44
90.88
90.88
90.88
90.88
90.88
90.88
90.88
90.88
87.56
87.56
87.56
87.56
87.56
87.56
87.56
87.56
89.50
89.50
89.50
89.50
89.50
89.50
89.50
89.50
89.50
89.50
91.31
91.31
91.31
91.31
91.31
91.31
91.31
91.31
91.19
91.19
91.19
91.19
91.19
91.19
91.19
91.19
91.19
93.19
93.19
93.19
93.19
93.19
93.19
93.19
93.19
