0.94
0.94
0.93
0.94
0.92
0.93
0.90
0.90
0.94
0.94
0.93
0.94
0.92
0.94
0.93
0.92
0.92
0.90
0.88
0.88
0.79
0.93
0.94
0.95
0.92
0.95
0.96
0.96
0.96
0.96
0.96
0.96
0.95
0.94
0.94
0.96
0.97
0.97
0.96
0.97
0.95
0.95
0.96
0.97
0.97
0.97
0.97
0.97
0.97
0.96
0.97
0.96
0.97
0.97
0.96
0.97
0.91
0.91
0.82
0.97
0.97
0.97
0.97
0.97
0.97
0.97
0.97
0.97
0.97
0.92
0.86
0.91
0.87
0.97
0.97
0.97
0.96
0.96
0.92
0.87
0.86
0.90
0.97
0.97
0.97
0.97
0.96
0.97
0.96
0.96
0.97
0.97
0.97
0.96
0.96
0.91
0.91
0.90
0.97
0.97
0.97
0.97
0.96
0.97
0.97
0.97
0.96
0.97
0.92
0.89
0.87
0.85
0.82
0.84
0.98
0.98
0.97
0.97
0.96
0.97
0.97
0.96
0.98
0.98
0.97
0.97
0.97
0.97
0.96
0.96
0.97
0.97
0.96
0.96
0.96
0.93
0.94
0.96
0.96
0.96
0.96
0.94
0.95
0.93
0.93
0.92
0.92
0.97
0.97
0.97
0.97
0.97
0.96
0.96
0.97
0.97
0.98
0.96
0.98
0.88
0.84
0.81
0.77
0.72
0.74
0.98
0.98
0.98
0.98
0.97
0.98
0.98
0.98
0.98
0.98
0.97
0.97
0.95
0.96
0.97
0.97
0.98
0.98
0.98
0.98
0.97
0.98
0.97
0.97
0.96
0.96
0.97
0.97
0.97
0.97
0.97
0.96
0.95
0.94
0.97
0.97
0.96
0.96
0.95
0.96
0.96
0.95
0.95
0.95
0.94
0.95
0.95
0.95
0.95
0.94
0.92
0.89
0.89
0.87
0.88
0.96
0.96
0.96
0.95
0.95
0.92
0.88
0.87
0.88
0.97
0.97
0.97
0.95
0.97
0.83
0.78
0.76
0.70
0.64
0.70
0.97
0.97
0.97
0.97
0.96
0.97
0.97
0.96
0.98
0.98
0.97
0.97
0.96
0.89
0.81
0.82
0.80
0.78
0.83
0.85
0.84
0.83
0.97
0.97
0.96
0.97
0.94
0.94
0.93
0.93
0.96
0.95
0.96
0.94
0.95
0.96
0.95
0.95
0.95
0.92
0.90
0.91
0.90
0.96
0.96
0.97
0.95
0.97
0.89
0.85
0.87
0.83
0.96
0.96
0.96
0.94
0.95
0.87
0.84
0.84
0.82
0.96
0.96
0.96
0.96
0.96
0.94
0.94
0.96
0.96
0.96
0.95
0.96
0.90
0.88
0.86
0.83
0.80
0.81
0.96
0.97
0.96
0.97
0.95
0.97
0.97
0.97
0.96
0.96
0.95
0.96
0.96
0.95
0.95
0.94
0.94
0.91
0.87
0.85
0.81
0.77
0.82
0.97
0.97
0.97
0.96
0.97
0.93
0.92
0.93
0.98
0.98
0.98
0.98
0.98
0.98
0.97
0.97
0.98
0.98
0.99
0.98
0.98
0.97
0.97
0.98
0.98
0.98
0.98
0.98
0.98
0.97
0.97
0.98
0.98
0.97
0.98
0.96
0.97
0.97
0.96
0.97
0.94
0.96
0.94
0.94
0.94
0.94
0.94
0.93
0.93
0.94
0.96
0.96
0.96
0.96
0.96
0.96
0.96
0.95
0.95
