91.88
91.88
91.88
91.88
91.88
91.88
90.49
90.49
90.49
90.49
92.62
92.62
92.62
92.62
92.62
92.62
92.62
94.45
94.45
94.45
94.45
94.45
95.77
95.77
95.77
95.77
95.77
95.77
95.77
96.71
96.71
96.71
96.71
96.71
96.71
96.71
97.16
97.16
97.16
97.16
97.16
97.16
97.16
97.16
97.16
97.16
96.45
96.45
96.45
96.45
96.45
96.45
96.45
96.45
96.45
96.45
96.45
97.43
97.43
97.43
97.43
97.43
97.43
97.43
96.50
96.50
96.50
96.50
96.50
96.50
96.50
96.50
96.50
96.50
96.50
96.50
96.50
96.50
93.41
93.41
93.41
93.41
93.41
93.41
93.41
88.50
88.50
88.50
88.50
88.50
88.50
88.50
83.89
83.89
83.89
83.89
83.48
83.48
83.48
83.48
83.48
83.48
83.48
83.48
89.29
89.29
89.29
89.29
89.29
89.29
92.87
92.87
92.87
92.87
92.87
92.87
92.87
92.87
92.87
92.87
92.87
92.60
92.60
92.60
92.60
92.60
92.60
92.60
92.60
92.60
92.60
92.60
93.13
93.13
93.13
93.13
93.13
93.13
93.13
93.13
94.26
94.26
94.26
94.26
94.26
94.26
94.26
94.26
96.24
96.24
96.24
96.24
96.24
96.24
96.24
