97.00
97.00
97.00
97.00
97.00
97.00
97.00
97.00
97.00
97.00
97.00
97.00
97.00
97.00
97.00
97.00
97.00
97.00
97.00
98.38
98.38
98.38
98.38
98.38
98.38
98.38
98.38
97.25
97.25
97.25
97.25
97.25
97.25
97.25
97.25
95.50
95.50
95.50
95.50
95.50
95.50
95.50
96.62
96.62
96.62
96.62
96.62
96.62
96.62
96.62
97.31
97.31
97.31
97.31
97.31
97.31
97.31
97.31
94.94
94.94
94.94
94.94
94.94
94.94
94.94
94.94
96.19
96.19
96.19
96.19
96.19
96.19
96.19
96.19
96.19
98.12
98.12
98.12
98.12
98.12
98.12
98.12
98.12
97.75
97.75
97.75
97.75
97.75
95.06
95.06
95.06
95.06
95.62
95.62
95.62
95.62
95.62
95.62
95.62
95.62
97.12
97.12
97.12
97.12
97.12
97.12
97.12
97.12
98.06
98.06
98.06
98.06
98.06
97.81
97.81
97.81
97.81
97.81
97.81
97.81
96.00
96.00
96.00
96.00
96.00
96.00
96.00
96.00
96.00
96.00
96.00
96.69
96.69
96.69
96.69
96.69
96.69
97.62
97.62
97.62
97.62
97.62
96.31
96.31
96.31
96.31
96.31
96.31
96.31
96.31
96.31
95.50
95.50
95.50
95.50
95.50
95.50
95.50
95.50
97.00
97.00
97.00
97.00
97.00
97.00
97.00
97.00
97.00
97.00
97.88
97.88
97.88
97.88
97.88
97.88
97.88
97.88
97.88
97.88
97.88
97.88
97.00
97.00
97.00
97.00
97.00
97.00
97.00
97.00
98.25
98.25
98.25
98.25
98.25
98.25
98.25
98.25
98.25
98.25
98.25
97.12
97.12
97.12
97.12
97.12
97.12
97.12
97.12
97.94
97.94
97.94
97.94
97.94
97.94
97.94
97.94
97.94
97.94
97.94
97.81
97.81
97.81
97.81
97.81
97.81
97.81
96.12
96.12
96.12
96.12
96.12
96.12
96.12
96.12
96.12
96.12
96.12
95.00
95.00
95.00
95.00
95.00
96.38
96.38
96.38
96.38
96.38
96.38
96.38
96.38
96.38
96.38
96.38
97.25
97.25
97.25
97.25
97.25
97.25
97.25
97.25
97.25
97.25
97.25
97.25
95.06
95.06
95.06
95.06
95.69
95.69
95.69
95.69
95.69
95.69
95.69
95.25
95.25
95.25
95.25
95.25
95.25
95.56
95.56
95.56
95.56
95.56
95.56
95.56
93.31
93.31
93.31
93.31
93.31
93.31
91.44
91.44
91.44
91.44
91.44
91.44
91.44
91.44
89.06
89.06
89.06
89.06
89.06
89.06
89.06
85.31
85.31
85.31
85.31
85.31
85.31
85.31
81.00
81.00
81.00
81.00
81.00
81.00
81.00
81.00
81.00
83.69
83.69
83.69
83.69
83.69
83.69
83.69
83.69
83.69
81.00
81.00
81.00
81.00
81.00
81.00
81.00
81.00
81.88
81.88
81.88
81.88
81.88
81.88
81.88
81.88
81.88
81.00
81.00
81.00
81.00
81.00
81.00
81.00
81.00
78.25
78.25
78.25
78.25
78.25
78.25
79.06
79.06
79.06
79.06
79.06
79.06
79.06
79.06
79.06
81.19
81.19
81.19
81.19
81.19
81.19
81.19
81.19
90.44
90.44
90.44
90.44
97.31
97.31
97.31
97.31
97.31
97.31
98.56
98.56
98.56
98.56
98.56
98.56
98.56
98.56
98.56
98.56
98.56
98.56
98.62
98.62
98.62
98.62
98.62
98.62
98.62
97.81
97.81
97.81
97.81
97.81
97.81
