96.69
96.69
96.69
96.69
96.69
96.69
97.62
97.62
97.62
97.62
97.62
96.31
96.31
96.31
96.31
96.31
96.31
96.31
96.31
96.31
95.50
95.50
95.50
95.50
95.50
95.50
95.50
95.50
97.00
97.00
97.00
97.00
97.00
97.00
97.00
97.00
97.00
97.00
97.88
97.88
97.88
97.88
97.88
97.88
97.88
97.88
97.88
97.88
97.88
97.88
97.00
97.00
97.00
97.00
97.00
97.00
97.00
97.00
98.25
98.25
98.25
98.25
98.25
98.25
98.25
98.25
98.25
98.25
98.25
97.12
97.12
97.12
97.12
97.12
97.12
97.12
97.12
97.94
97.94
97.94
97.94
97.94
97.94
97.94
97.94
97.94
97.94
97.94
97.81
97.81
97.81
97.81
97.81
97.81
97.81
96.12
96.12
96.12
96.12
96.12
96.12
96.12
96.12
96.12
96.12
96.12
95.00
95.00
95.00
95.00
95.00
96.38
96.38
96.38
96.38
96.38
96.38
96.38
96.38
96.38
96.38
96.38
97.25
97.25
97.25
97.25
97.25
97.25
97.25
97.25
97.25
97.25
97.25
97.25
95.06
95.06
95.06
95.06
95.69
95.69
95.69
95.69
95.69
95.69
95.69
95.25
95.25
95.25
95.25
95.25
95.25
95.56
95.56
95.56
95.56
95.56
95.56
95.56
93.31
93.31
93.31
93.31
93.31
93.31
91.44
91.44
91.44
91.44
91.44
91.44
91.44
91.44
