46.38
46.38
46.38
46.38
46.38
46.38
46.38
46.38
50.59
50.59
50.59
50.59
50.59
50.59
50.59
50.59
56.00
56.00
56.00
56.00
56.00
56.00
56.00
52.84
52.84
52.84
52.84
57.91
57.91
57.91
57.91
57.91
57.91
57.91
57.91
57.91
57.91
57.91
57.91
57.91
57.91
57.91
57.91
55.59
55.59
55.59
55.59
59.44
59.44
59.44
59.44
59.44
59.81
59.81
59.81
59.81
59.81
59.81
59.81
59.81
59.81
60.88
60.88
60.88
60.88
60.88
60.88
60.88
60.88
60.88
61.34
61.34
61.34
61.34
61.34
57.75
57.75
57.75
57.75
57.75
57.75
57.75
57.75
57.75
58.97
58.97
58.97
58.97
58.97
58.97
58.97
58.97
58.97
58.97
58.97
56.31
56.31
56.31
56.31
56.31
56.31
56.31
56.31
57.19
57.19
57.19
57.19
57.19
57.19
57.19
57.19
61.38
61.38
61.38
61.38
61.38
61.38
61.38
60.69
60.69
60.69
60.69
60.69
60.69
60.69
61.34
61.34
61.34
61.34
61.34
61.34
61.34
61.34
60.41
60.41
60.41
60.41
60.41
60.41
59.19
59.19
59.19
59.19
59.19
57.78
57.78
57.78
57.78
57.78
57.78
57.78
57.78
57.78
55.88
55.88
55.88
55.88
55.88
55.88
55.88
55.88
55.88
56.84
56.84
56.84
56.84
56.84
56.84
56.84
56.84
70.94
70.94
70.94
70.94
70.94
70.94
70.94
70.94
77.38
77.38
77.38
77.38
77.38
77.38
77.38
77.38
86.88
86.88
86.88
86.88
90.44
90.44
90.44
90.44
90.44
90.44
90.44
90.44
91.94
91.94
91.94
91.94
91.94
91.94
91.94
91.94
91.94
