92.39
92.39
92.39
92.39
95.42
95.42
95.42
95.42
95.42
95.42
95.42
95.42
95.55
95.55
95.55
95.55
96.70
96.70
96.70
96.70
96.70
96.70
96.70
96.70
96.81
96.81
96.81
96.81
96.81
96.81
96.81
97.12
97.12
97.12
97.12
97.12
97.12
97.12
97.12
97.12
97.97
97.97
97.97
97.97
97.97
97.97
97.97
98.44
98.44
98.44
98.44
98.44
98.44
98.44
98.44
98.44
98.46
98.46
98.46
98.46
98.46
98.46
98.46
98.46
98.46
98.48
98.48
98.48
98.48
98.48
98.48
98.48
98.48
98.48
98.48
98.61
98.61
98.61
98.61
98.61
98.61
98.61
98.61
98.76
98.76
98.76
98.76
98.76
98.76
98.76
98.76
98.56
98.56
98.56
98.56
98.56
98.56
98.56
98.56
98.54
98.54
98.54
98.54
98.54
98.54
98.54
98.48
98.48
98.48
98.48
98.48
98.48
98.48
98.48
98.51
98.51
98.51
98.51
98.51
98.51
98.51
98.51
98.14
98.14
98.14
98.14
97.62
97.62
97.62
97.62
97.62
97.62
97.62
98.45
98.45
98.45
98.45
98.45
98.45
98.45
98.45
98.52
98.52
98.52
98.52
98.52
98.32
98.32
98.32
98.32
98.32
98.32
98.32
98.57
98.57
98.57
98.57
98.57
98.57
98.57
98.57
98.45
98.45
98.45
98.45
98.45
98.45
98.45
98.45
98.45
98.45
98.45
98.49
98.49
98.49
98.49
98.49
98.49
98.49
98.47
98.47
98.47
98.47
98.47
98.47
98.47
98.47
98.47
98.47
98.47
98.45
98.45
98.45
98.45
98.45
98.45
98.45
98.45
98.45
98.45
98.45
