90.18
90.18
90.18
90.18
90.18
90.18
90.18
91.03
91.03
91.03
91.03
91.03
91.03
91.03
91.03
89.81
89.81
89.81
89.81
89.81
88.34
88.34
88.34
88.34
88.34
88.34
88.34
88.34
88.34
85.24
85.24
85.24
85.24
85.24
87.56
87.56
87.56
87.56
87.56
87.56
87.56
87.56
87.56
91.37
91.37
91.37
91.37
91.37
91.37
91.37
92.54
92.54
92.54
92.54
92.54
92.54
92.54
92.54
92.54
92.54
92.54
89.35
89.35
89.35
89.35
89.35
89.35
89.35
89.35
89.35
89.35
91.55
91.55
91.55
91.55
91.55
91.55
91.55
91.55
91.55
94.37
94.37
94.37
94.37
94.37
94.37
94.37
94.37
93.97
93.97
93.97
93.97
93.97
93.97
93.97
93.97
93.97
92.41
92.41
92.41
92.41
92.41
92.41
92.41
92.41
92.41
93.90
93.90
93.90
93.90
93.90
94.72
94.72
94.72
94.72
94.72
93.99
93.99
93.99
93.99
93.99
93.99
93.99
93.22
93.22
93.22
93.22
93.22
93.22
93.22
93.22
93.22
93.22
93.22
93.43
93.43
93.43
93.43
93.43
93.43
93.43
93.43
90.97
90.97
90.97
90.97
90.06
90.06
90.06
90.06
90.06
90.06
90.06
90.06
90.06
89.87
89.87
89.87
89.87
89.87
89.87
89.87
89.87
89.15
89.15
89.15
89.15
89.15
89.15
89.15
87.66
87.66
87.66
87.66
92.57
92.57
92.57
92.57
92.57
92.57
92.57
92.57
92.57
92.57
92.57
92.57
93.60
93.60
93.60
93.60
93.60
93.60
93.60
95.05
95.05
95.05
95.05
95.05
95.05
94.99
94.99
94.99
94.99
94.99
94.14
94.14
94.14
94.14
95.84
95.84
95.84
95.84
95.84
95.84
95.84
95.34
95.34
95.34
95.34
95.34
95.34
95.34
94.76
94.76
94.76
94.76
94.76
94.76
94.76
94.76
94.76
94.54
94.54
94.54
94.54
94.54
94.54
94.54
94.54
94.54
94.54
94.54
94.54
90.87
90.87
90.87
90.87
90.87
90.87
90.87
90.87
92.53
92.53
92.53
92.53
92.53
92.53
92.53
92.53
92.53
92.53
92.53
92.53
87.96
87.96
87.96
87.96
87.96
87.96
81.61
81.61
81.61
81.61
81.61
81.61
81.61
81.61
81.61
81.61
80.39
80.39
80.39
80.39
80.39
80.39
80.39
80.39
81.30
81.30
81.30
81.30
81.30
81.30
81.30
81.30
84.06
84.06
84.06
84.06
87.38
87.38
87.38
87.38
87.38
87.38
87.38
87.38
87.38
92.41
92.41
92.41
92.41
92.41
92.41
92.41
92.41
92.41
92.41
92.41
91.70
91.70
91.70
91.70
91.70
91.70
91.70
91.70
91.70
91.70
91.70
91.70
93.25
93.25
93.25
93.25
93.25
93.25
93.25
93.25
93.25
93.25
93.25
87.59
87.59
87.59
87.59
87.59
87.59
87.59
87.59
89.61
89.61
89.61
89.61
89.61
89.61
89.61
89.61
89.61
90.91
90.91
90.91
90.91
90.91
90.91
90.91
90.91
92.23
92.23
92.23
92.23
92.23
92.23
92.23
92.23
91.21
91.21
91.21
91.21
91.21
91.21
91.21
93.26
93.26
93.26
93.26
93.26
93.26
93.26
93.26
93.26
93.26
93.26
