0.74
0.78
0.81
0.69
0.78
0.61
0.63
0.52
0.88
0.89
0.91
0.85
0.90
0.76
0.72
0.67
0.64
0.93
0.94
0.95
0.91
0.95
0.78
0.73
0.72
0.69
0.96
0.96
0.96
0.96
0.96
0.95
0.92
0.92
0.96
0.95
0.96
0.94
0.95
0.85
0.78
0.78
0.95
0.96
0.96
0.95
0.96
0.92
0.89
0.90
0.96
0.96
0.96
0.96
0.96
0.94
0.92
0.91
0.96
0.96
0.96
0.96
0.95
0.94
0.93
0.91
0.92
0.96
0.95
0.95
0.94
0.95
0.87
0.81
0.74
0.69
0.95
0.95
0.95
0.95
0.94
0.92
0.89
0.85
0.82
0.95
0.95
0.95
0.95
0.93
0.95
0.94
0.94
0.93
0.93
0.91
0.92
0.96
0.95
0.95
0.94
0.94
0.88
0.84
0.82
0.96
0.96
0.96
0.95
0.95
0.96
0.96
0.96
0.96
0.96
0.93
0.88
0.89
0.88
0.89
0.97
0.97
0.97
0.97
0.97
0.95
0.95
0.91
0.97
0.97
0.98
0.97
0.98
0.98
0.98
0.98
0.98
0.96
0.96
0.98
0.98
0.98
0.98
0.98
0.98
0.97
0.97
0.96
0.96
0.94
0.95
0.98
0.98
0.98
0.97
0.97
0.97
0.97
0.97
0.97
0.97
0.96
0.93
0.92
0.96
0.96
0.96
0.96
0.95
0.94
0.91
0.91
0.96
0.96
0.95
0.95
0.93
0.90
0.91
0.94
0.94
0.94
0.92
0.93
0.87
0.83
0.77
0.75
0.94
0.94
0.94
0.93
0.93
0.89
0.95
0.95
0.95
0.94
0.96
0.96
0.97
0.96
0.96
0.93
0.90
0.86
0.84
0.97
0.97
0.97
0.96
0.96
0.92
0.90
0.89
0.89
0.97
0.97
0.97
0.96
0.97
0.92
0.92
0.97
0.97
0.97
0.97
0.96
0.92
0.90
0.86
0.82
0.97
0.97
0.97
0.97
0.97
0.96
0.95
0.95
0.94
0.94
0.94
0.97
0.97
0.97
0.97
0.97
0.94
0.91
0.89
0.97
0.97
0.97
0.97
0.97
0.82
0.97
0.97
0.97
0.96
0.96
0.92
0.83
0.88
0.97
0.97
0.97
0.96
0.97
0.81
0.74
0.67
0.62
0.97
0.97
0.96
0.96
0.96
0.94
0.92
0.90
0.85
0.85
0.87
0.97
0.97
0.97
0.97
0.96
0.96
0.95
0.95
0.94
0.94
0.94
0.96
0.96
0.96
0.95
0.96
0.96
0.96
0.96
0.96
0.96
0.95
0.93
0.93
0.92
0.92
0.90
0.91
0.96
0.96
0.96
0.95
0.96
0.96
0.96
0.96
0.96
0.96
0.86
0.97
0.97
0.97
0.97
0.97
0.94
0.93
