0.95
0.95
0.94
0.93
0.93
0.85
0.81
0.75
0.71
0.97
0.97
0.97
0.96
0.96
0.93
0.92
0.97
0.97
0.97
0.97
0.96
0.96
0.96
0.96
0.96
0.96
0.96
0.95
0.94
0.93
0.92
0.96
0.96
0.96
0.96
0.95
0.94
0.94
0.96
0.95
0.95
0.94
0.94
0.80
0.79
0.96
0.96
0.96
0.95
0.96
0.94
0.93
0.91
0.87
0.87
0.90
0.96
0.96
0.96
0.96
0.95
0.95
0.94
0.94
0.93
0.93
0.91
0.93
0.96
0.96
0.95
0.95
0.93
0.93
0.90
0.90
0.94
0.95
0.94
0.92
0.92
0.74
0.73
0.70
0.95
0.95
0.95
0.93
0.94
0.83
0.75
0.76
0.72
0.95
0.95
0.95
0.94
0.94
0.92
0.88
0.87
0.94
0.94
0.92
0.91
0.89
0.79
0.73
0.65
0.72
0.93
0.93
0.90
0.92
0.86
0.90
0.87
0.87
0.86
0.86
0.81
0.84
0.90
0.90
0.89
0.88
0.87
0.87
0.83
0.84
0.84
0.82
0.79
0.81
0.89
0.89
0.88
0.87
0.87
0.83
0.88
0.88
0.87
0.86
0.85
0.83
0.83
0.90
0.90
0.90
0.87
0.88
0.80
0.77
0.70
0.67
0.91
0.91
0.92
0.90
0.91
0.87
0.94
0.94
0.95
0.93
0.94
0.86
0.82
0.77
0.74
0.95
0.95
0.95
0.94
0.95
0.87
0.83
0.78
0.73
0.96
0.96
0.96
0.96
0.96
0.94
0.90
0.91
0.97
0.97
0.97
0.96
0.97
0.94
0.94
0.97
0.97
0.97
0.97
0.97
0.95
0.98
0.98
0.98
0.97
0.98
0.96
0.96
0.98
0.98
0.98
0.98
0.98
0.97
0.97
0.98
0.98
0.98
0.97
0.98
0.98
0.98
0.98
0.97
0.98
0.98
0.98
0.98
0.98
0.98
0.97
0.95
0.94
0.94
0.93
0.92
0.98
0.98
0.98
0.97
0.97
0.97
0.97
0.97
0.97
0.95
0.92
0.88
0.84
0.97
0.97
0.97
0.97
0.97
0.95
0.95
0.98
0.98
0.98
0.98
0.97
0.96
0.93
0.92
0.97
0.97
0.97
0.97
0.96
0.95
0.92
0.91
0.96
0.96
0.96
0.96
0.95
0.93
0.90
0.86
0.84
0.95
0.95
0.94
0.92
0.92
0.80
0.71
0.71
0.95
0.95
0.91
0.94
0.86
0.92
0.92
0.90
0.91
0.89
0.86
0.87
0.81
0.89
0.89
0.86
0.84
0.82
0.73
0.65
0.65
0.88
0.88
0.88
0.84
0.91
0.90
0.91
0.86
0.89
0.76
0.73
0.66
0.62
0.95
0.95
0.95
0.95
0.94
0.94
0.91
0.91
0.95
0.95
0.95
0.95
0.95
0.91
0.95
0.95
0.96
0.93
0.95
0.81
0.76
0.67
0.63
0.97
0.97
0.97
0.96
0.97
0.91
0.85
0.85
0.82
0.97
0.97
0.97
0.96
0.97
0.96
0.94
0.94
0.97
0.96
0.96
0.96
0.96
0.92
0.89
0.85
0.81
0.96
0.96
0.96
0.95
0.96
0.92
0.89
0.85
0.82
0.97
0.97
0.97
0.97
0.97
0.96
0.96
0.95
0.95
0.95
0.94
