98.28
98.28
98.28
98.28
98.28
97.99
97.99
97.99
97.99
97.99
97.99
97.99
98.14
98.14
98.14
98.14
98.14
98.14
98.14
98.34
98.34
98.34
98.34
98.34
98.34
98.34
98.15
98.15
98.15
98.15
98.15
98.15
98.15
98.15
98.13
98.13
98.13
98.13
98.13
97.99
97.99
97.99
97.99
97.99
97.99
97.99
97.99
97.99
97.99
97.99
97.43
97.43
97.43
97.43
97.43
97.43
97.43
97.43
96.04
96.04
96.04
96.04
96.04
96.04
96.04
96.04
96.04
96.04
96.04
96.04
95.61
95.61
95.61
95.61
95.61
95.61
96.27
96.27
96.27
96.27
96.27
96.27
96.27
96.27
95.71
95.71
95.71
95.71
95.71
95.71
95.71
95.71
95.71
95.71
95.71
95.71
95.71
95.71
92.92
92.92
92.92
92.92
92.92
93.33
93.33
93.33
93.33
93.33
93.33
93.33
93.04
93.04
93.04
93.04
93.04
93.04
93.04
86.59
86.59
86.59
86.59
87.20
87.20
87.20
87.20
87.20
87.20
88.12
88.12
88.12
88.12
92.33
92.33
92.33
92.33
92.33
91.89
91.89
91.89
91.89
91.89
91.89
91.89
91.89
91.89
90.45
90.45
90.45
90.45
90.45
90.45
90.45
90.45
90.45
93.88
93.88
93.88
93.88
93.88
93.88
93.88
96.10
96.10
96.10
96.10
96.10
96.10
96.10
96.10
95.19
95.19
95.19
95.19
95.19
95.19
95.19
95.19
95.19
95.19
95.19
95.19
95.19
95.19
95.22
95.22
95.22
95.22
95.22
95.22
96.87
96.87
96.87
96.87
96.87
96.87
96.87
96.87
96.87
96.87
96.87
97.24
97.24
97.24
97.24
97.24
97.24
97.24
96.44
96.44
96.44
96.44
96.44
96.44
96.44
97.36
97.36
97.36
97.36
97.36
97.36
97.36
97.36
98.32
98.32
98.32
98.32
98.32
98.32
98.32
98.32
98.45
98.45
98.45
98.45
98.45
98.45
98.45
98.45
98.45
98.45
98.45
98.45
98.45
98.45
98.45
98.25
98.25
98.25
98.25
98.25
98.25
98.25
98.57
98.57
98.57
98.57
98.57
98.39
98.39
98.39
98.39
98.39
98.39
98.39
98.39
