83.28
83.28
83.28
83.28
83.28
83.28
83.28
83.28
84.23
84.23
84.23
84.23
94.88
94.88
94.88
94.88
94.88
94.88
96.27
96.27
96.27
96.27
96.27
96.27
96.27
96.27
96.27
96.27
96.27
96.27
96.33
96.33
96.33
96.33
96.33
96.33
96.33
97.69
97.69
97.69
97.69
97.69
97.69
97.69
97.69
97.69
97.69
97.69
97.69
97.69
97.69
94.81
94.81
94.81
94.81
94.81
94.81
95.96
95.96
95.96
95.96
98.57
98.57
98.57
98.57
98.57
98.57
98.57
98.77
98.77
98.77
98.77
98.77
98.77
98.77
98.77
98.68
98.68
98.68
98.68
98.68
98.68
98.62
98.62
98.62
98.62
98.62
98.62
98.62
98.62
98.62
98.49
98.49
98.49
98.49
98.75
98.75
98.75
98.75
98.75
98.75
98.66
98.66
98.66
98.66
98.66
98.66
98.44
98.44
98.44
98.44
98.36
98.36
98.36
98.36
98.36
98.36
98.36
98.36
98.36
98.48
98.48
98.48
98.48
98.48
98.82
98.82
98.82
98.82
98.82
98.82
98.82
98.78
98.78
98.78
98.78
98.78
98.78
98.78
98.78
98.78
98.78
98.78
98.67
98.67
98.67
98.67
98.67
98.67
98.67
98.67
98.67
98.83
98.83
98.83
98.83
98.83
98.83
98.83
98.83
98.90
98.90
98.90
98.90
98.90
98.90
98.90
98.90
98.90
98.85
98.85
98.85
98.85
98.85
98.85
98.85
98.85
98.81
98.81
98.81
98.81
98.81
98.81
98.81
98.81
98.81
98.81
98.81
98.86
98.86
98.86
98.86
98.86
98.86
98.86
98.87
98.87
98.87
98.87
98.87
98.81
98.81
98.81
98.81
98.88
98.88
98.88
98.88
98.88
98.88
98.88
98.88
98.88
98.88
98.88
98.88
98.60
98.60
98.60
98.60
98.60
98.60
98.60
98.31
98.31
98.31
98.31
98.40
98.40
98.40
98.40
98.40
98.40
98.40
98.00
98.00
98.00
98.00
98.30
98.30
98.30
98.30
98.30
98.44
98.44
98.44
98.44
98.44
98.44
98.44
98.44
98.44
98.60
98.60
98.60
98.60
98.60
98.60
98.60
98.60
98.49
98.49
98.49
98.49
98.49
98.61
98.61
98.61
98.61
98.61
98.61
98.61
98.61
98.56
98.56
98.56
98.56
98.56
98.56
98.56
98.56
98.70
98.70
98.70
98.70
98.83
98.83
98.83
98.83
98.83
98.83
98.83
98.83
98.83
98.80
98.80
98.80
98.80
98.80
98.80
98.80
98.80
98.80
98.80
98.80
98.74
98.74
98.74
98.74
98.72
98.72
98.72
98.72
98.72
98.72
98.72
98.69
98.69
98.69
98.69
98.69
98.89
98.89
98.89
98.89
98.89
98.89
98.89
98.90
98.90
98.90
98.90
98.90
98.90
98.90
98.90
98.90
98.84
98.84
98.84
98.84
98.84
98.89
98.89
98.89
98.89
98.89
