92.62
92.62
92.62
92.62
92.62
92.62
94.48
94.48
94.48
94.48
94.48
94.48
94.48
94.48
94.48
94.48
94.48
94.05
94.05
94.05
94.05
94.05
94.05
94.05
94.05
93.26
93.26
93.26
93.26
93.26
93.26
93.26
93.26
93.26
93.26
93.26
95.27
95.27
95.27
95.27
95.27
95.27
95.27
95.27
95.27
95.27
95.90
95.90
95.90
95.90
95.90
95.50
95.50
95.50
95.50
95.50
95.50
95.50
95.50
95.50
95.14
95.14
95.14
95.14
95.14
95.14
95.14
95.14
96.45
96.45
96.45
96.45
96.45
96.06
96.06
96.06
96.06
96.06
96.53
96.53
96.53
96.53
96.53
96.77
96.77
96.77
96.77
96.77
96.77
96.77
96.77
96.77
96.10
96.10
96.10
96.10
96.10
96.10
96.10
96.10
96.10
96.10
96.10
96.10
95.18
95.18
95.18
95.18
95.18
95.18
95.18
95.18
95.23
95.23
95.23
95.23
95.23
95.23
95.23
95.23
94.50
94.50
94.50
94.50
94.50
94.50
94.50
94.50
94.50
95.10
95.10
95.10
95.10
95.10
95.10
95.10
93.45
93.45
93.45
93.45
93.45
93.45
93.45
93.45
94.17
94.17
94.17
94.17
94.17
94.17
94.17
94.17
95.63
95.63
95.63
95.63
95.63
95.63
95.63
95.63
94.53
94.53
94.53
94.53
94.53
94.53
94.53
94.53
92.65
92.65
92.65
92.65
92.65
92.65
92.65
95.09
95.09
95.09
95.09
95.09
95.09
95.09
95.09
95.09
95.16
95.16
95.16
95.16
95.16
95.16
95.16
95.16
92.71
92.71
92.71
92.71
93.05
93.05
93.05
93.05
93.05
93.05
93.05
93.05
93.05
93.05
94.10
94.10
94.10
94.10
94.10
94.10
94.10
94.10
94.10
94.10
94.10
92.31
92.31
92.31
92.31
92.31
92.31
92.31
92.31
92.31
92.31
92.31
