97.85
97.85
97.85
97.85
97.85
98.54
98.54
98.54
98.54
98.54
98.54
98.54
98.60
98.60
98.60
98.60
98.60
98.60
98.60
98.68
98.68
98.68
98.68
98.68
98.68
98.61
98.61
98.61
98.61
98.61
98.61
98.61
98.61
98.61
98.46
98.46
98.46
98.46
98.46
98.57
98.57
98.57
98.57
98.57
98.57
98.57
98.45
98.45
98.45
98.45
98.45
98.24
98.24
98.24
98.24
98.24
98.24
98.24
98.24
97.67
97.67
97.67
97.67
97.67
97.67
97.67
97.67
97.44
97.44
97.44
97.44
97.44
97.44
97.44
97.44
97.44
97.45
97.45
97.45
97.45
97.45
97.45
97.45
97.45
97.48
97.48
97.48
97.48
97.48
97.48
97.48
97.48
97.48
97.78
97.78
97.78
97.78
97.78
97.78
98.36
98.36
98.36
98.36
98.36
98.65
98.65
98.65
98.65
98.65
98.65
98.65
98.65
98.14
98.14
98.14
98.14
98.14
98.14
98.14
98.14
97.75
97.75
97.75
97.75
97.75
97.75
97.75
97.75
97.75
97.75
97.31
97.31
97.31
97.31
97.31
97.31
97.31
97.31
94.39
94.39
94.39
94.39
94.39
94.39
94.39
94.39
94.90
94.90
94.90
94.90
94.90
96.96
96.96
96.96
96.96
96.96
96.96
96.96
97.74
97.74
97.74
97.74
98.38
98.38
98.38
98.38
98.38
98.38
98.76
98.76
98.76
98.76
98.76
98.76
98.76
98.51
98.51
98.51
98.51
98.51
98.51
98.51
98.51
98.63
98.63
98.63
98.63
98.63
98.63
98.63
98.63
98.63
98.63
98.63
98.37
98.37
98.37
98.37
98.37
98.37
98.37
97.67
97.67
97.67
97.67
97.67
97.67
97.67
98.18
98.18
98.18
98.18
98.18
98.18
98.18
98.18
98.18
98.50
98.50
98.50
98.50
98.50
98.50
98.50
97.84
97.84
97.84
97.84
97.84
97.84
97.84
97.84
97.84
97.95
97.95
97.95
97.95
97.95
97.95
97.95
97.95
97.81
97.81
97.81
97.81
97.81
97.81
97.81
97.81
96.72
96.72
96.72
96.72
96.72
96.72
96.72
96.72
96.72
96.32
96.32
96.32
96.32
96.32
96.32
96.32
96.32
96.99
96.99
96.99
96.99
96.99
96.99
96.99
96.99
96.99
96.99
96.99
96.99
97.86
97.86
97.86
97.86
97.86
97.86
97.86
97.86
97.86
98.22
98.22
98.22
98.22
98.22
98.22
98.47
98.47
98.47
98.47
98.47
98.47
98.47
98.24
98.24
98.24
98.24
98.24
98.24
98.24
98.24
98.03
98.03
98.03
98.03
98.03
98.03
98.49
98.49
98.49
98.49
98.49
98.77
98.77
98.77
98.77
98.77
98.77
98.48
98.48
98.48
98.48
98.48
98.48
98.48
98.71
98.71
98.71
98.71
98.71
98.71
98.71
98.71
98.71
98.71
98.71
98.71
98.26
98.26
98.26
98.26
98.26
98.26
98.26
98.26
98.72
98.72
98.72
98.72
98.72
98.72
98.72
98.73
98.73
98.73
98.73
98.73
98.73
98.73
98.29
98.29
98.29
98.29
98.29
98.29
98.29
98.29
98.29
98.29
98.29
97.85
97.85
97.85
97.85
97.85
97.85
97.85
97.85
97.85
97.25
97.25
97.25
97.25
97.25
97.25
97.25
94.81
94.81
94.81
94.81
94.81
94.59
94.59
94.59
94.59
94.59
94.59
94.59
94.59
94.59
96.15
96.15
96.15
96.15
96.15
96.15
96.58
96.58
96.58
96.58
96.58
96.58
96.58
96.58
97.99
97.99
97.99
97.99
97.99
97.99
97.99
97.99
97.99
98.49
98.49
98.49
98.49
98.49
98.49
98.49
98.49
98.41
98.41
98.41
98.41
98.41
