97.55
97.55
97.55
97.55
97.55
97.55
97.47
97.47
97.47
97.47
97.47
97.47
97.47
97.47
96.09
96.09
96.09
96.09
96.09
96.09
96.09
96.09
96.09
94.87
94.87
94.87
94.87
96.43
96.43
96.43
96.43
96.43
96.43
96.43
96.43
96.43
96.43
96.43
96.47
96.47
96.47
96.47
96.47
96.47
96.47
96.44
96.44
96.44
96.44
96.44
96.44
96.44
96.44
96.99
96.99
96.99
96.99
96.99
96.99
96.99
96.99
96.61
96.61
96.61
96.61
97.16
97.16
97.16
97.16
97.16
97.16
97.16
97.16
97.16
96.74
96.74
96.74
96.74
96.74
96.74
96.74
96.74
96.74
96.74
98.06
98.06
98.06
98.06
98.06
98.06
98.14
98.14
98.14
98.14
98.14
98.14
98.14
98.14
98.21
98.21
98.21
98.21
98.21
98.21
98.21
98.21
98.21
98.21
98.21
98.21
98.17
98.17
98.17
98.17
98.17
98.17
98.01
98.01
98.01
98.01
98.01
98.01
98.01
97.37
97.37
97.37
97.37
97.37
97.37
97.37
94.05
94.05
94.05
94.05
94.05
94.05
94.05
94.05
93.42
93.42
93.42
93.42
93.42
93.42
93.42
93.42
93.82
93.82
93.82
93.82
93.82
93.82
93.82
93.82
96.62
96.62
96.62
96.62
96.62
96.62
96.62
96.62
96.62
97.12
97.12
97.12
97.12
97.75
97.75
97.75
97.75
97.75
97.75
97.75
97.75
97.75
97.84
97.84
97.84
97.84
97.84
97.84
97.84
97.84
97.84
97.84
97.84
97.84
97.84
97.84
97.78
97.78
97.78
97.78
97.78
97.78
96.66
96.66
96.66
96.66
97.59
97.59
97.59
97.59
97.59
97.59
97.59
97.79
97.79
97.79
97.79
97.79
97.79
97.79
97.82
97.82
97.82
97.82
97.82
97.82
97.82
97.97
97.97
97.97
97.97
97.97
97.97
97.97
97.97
97.97
97.37
97.37
97.37
97.37
97.37
97.37
96.08
96.08
96.08
96.08
96.08
96.08
96.08
96.08
96.08
96.08
96.08
91.04
91.04
91.04
91.04
