0.92
0.93
0.92
0.92
0.90
0.89
0.86
0.86
0.87
0.86
0.83
0.85
0.93
0.92
0.92
0.91
0.91
0.78
0.94
0.94
0.94
0.92
0.93
0.84
0.80
0.76
0.62
0.58
0.71
0.92
0.92
0.91
0.92
0.89
0.91
0.90
0.89
0.91
0.90
0.88
0.87
0.85
0.79
0.76
0.70
0.67
0.91
0.90
0.90
0.88
0.87
0.76
0.72
0.64
0.69
0.91
0.91
0.91
0.90
0.90
0.86
0.83
0.82
0.90
0.90
0.89
0.88
0.88
0.83
0.82
0.92
0.93
0.93
0.90
0.92
0.78
0.72
0.68
0.65
0.94
0.94
0.94
0.93
0.94
0.92
0.89
0.89
0.88
0.88
0.83
0.87
0.94
0.94
0.93
0.93
0.92
0.90
0.86
0.85
0.94
0.93
0.93
0.92
0.93
0.80
0.75
0.70
0.55
0.50
0.66
0.94
0.94
0.94
0.93
0.94
0.84
0.79
0.76
0.74
0.95
0.95
0.95
0.95
0.95
0.94
0.92
0.92
0.94
0.94
0.94
0.93
0.93
0.90
0.88
0.84
0.79
0.94
0.94
0.94
0.93
0.93
0.82
0.69
0.66
0.68
0.66
0.94
0.94
0.94
0.93
0.93
0.89
0.87
0.84
0.73
0.72
0.80
0.94
0.94
0.93
0.93
0.91
0.93
0.91
0.91
0.92
0.92
0.91
0.91
0.90
0.89
0.86
0.86
0.92
0.91
0.91
0.90
0.90
0.82
0.77
0.75
0.72
0.89
0.89
0.88
0.88
0.86
0.85
0.83
0.78
0.73
0.88
0.87
0.86
0.85
0.81
0.80
0.75
0.71
0.74
0.85
0.84
0.82
0.81
0.78
0.78
0.77
0.76
0.73
0.71
0.68
0.65
0.66
0.72
0.69
0.71
0.65
0.72
0.71
0.72
0.68
0.68
0.63
0.62
0.50
0.39
0.34
0.53
0.79
0.79
0.80
0.78
0.83
0.83
0.84
0.82
0.83
0.88
0.88
0.89
0.88
0.88
0.87
0.85
0.86
0.88
0.89
0.90
0.88
0.89
0.85
0.82
0.83
0.92
0.93
0.93
0.92
0.93
0.90
0.90
0.93
0.94
0.94
0.93
0.94
0.89
0.89
0.84
0.94
0.95
0.94
0.94
0.94
0.93
0.91
0.90
0.91
0.91
0.91
0.95
0.95
0.95
0.94
0.94
0.92
0.88
0.88
0.88
0.90
0.94
0.93
0.93
0.91
0.90
0.89
0.92
0.92
0.92
0.90
0.90
0.82
0.76
0.71
0.89
0.89
0.89
0.87
0.87
0.84
0.80
0.80
0.89
0.89
0.86
0.86
0.80
0.83
0.84
0.83
0.81
0.80
0.78
0.75
0.73
0.70
0.72
0.87
0.87
0.88
0.83
0.85
0.74
0.70
0.59
0.66
0.89
0.90
0.90
0.88
0.89
0.86
0.85
0.83
0.79
0.77
0.81
0.91
0.91
0.90
0.89
0.88
0.88
0.88
0.87
0.87
0.85
0.85
0.88
0.88
0.89
0.87
0.88
0.81
0.92
0.92
0.91
0.91
0.91
0.91
0.91
0.90
0.90
0.89
0.87
0.86
0.87
0.84
0.85
0.77
0.73
0.64
0.89
0.89
0.89
0.87
0.88
0.80
0.75
0.75
0.91
0.90
0.90
0.90
0.88
0.89
0.88
0.87
0.87
0.86
0.86
0.85
0.84
0.81
0.77
0.77
0.85
0.84
0.84
0.83
0.83
0.77
0.73
0.66
0.56
0.51
0.66
