0.96
0.96
0.96
0.96
0.96
0.93
0.93
0.88
0.96
0.96
0.96
0.96
0.96
0.95
0.93
0.93
0.96
0.96
0.96
0.95
0.95
0.86
0.86
0.80
0.96
0.96
0.96
0.95
0.95
0.92
0.92
0.96
0.96
0.96
0.96
0.95
0.95
0.95
0.94
0.96
0.96
0.95
0.95
0.94
0.95
0.95
0.94
0.93
0.93
0.85
0.80
0.73
0.67
0.93
0.93
0.92
0.92
0.91
0.86
0.83
0.79
0.74
0.91
0.91
0.92
0.88
0.91
0.78
0.72
0.77
0.94
0.94
0.94
0.93
0.93
0.88
0.82
0.83
0.83
0.81
0.81
0.95
0.95
0.95
0.95
0.94
0.94
0.94
0.92
0.96
0.96
0.96
0.95
0.95
0.92
0.92
0.95
0.95
0.95
0.94
0.94
0.95
0.95
0.95
0.94
0.95
0.95
0.95
0.95
0.95
0.95
0.90
0.86
0.84
0.83
0.96
0.96
0.96
0.96
0.95
0.95
0.95
0.96
0.96
0.95
0.95
0.94
0.92
0.90
0.88
0.79
0.77
0.83
0.96
0.95
0.95
0.94
0.94
0.79
0.73
0.69
0.67
0.95
0.95
0.94
0.94
0.93
0.82
0.82
0.94
0.94
0.94
0.94
0.92
0.93
0.89
0.90
0.89
0.90
0.94
0.94
0.93
0.92
0.92
0.91
0.91
0.93
0.92
0.92
0.90
0.90
0.81
0.74
0.77
0.93
0.93
0.91
0.92
0.88
0.89
0.85
0.84
0.92
0.92
0.92
0.92
0.94
0.94
0.95
0.93
0.94
0.87
0.84
0.84
0.95
0.95
0.95
0.94
0.95
0.96
0.96
0.96
0.95
0.96
0.90
0.90
0.96
0.96
0.96
0.96
0.96
0.93
0.93
0.96
0.96
0.96
0.94
0.95
0.86
0.77
0.78
0.97
0.96
0.97
0.95
0.96
0.70
0.97
0.97
0.97
0.96
0.96
0.94
0.90
0.89
0.96
0.96
0.96
0.96
0.96
0.95
0.95
0.92
