98.56
98.56
98.56
98.56
98.56
98.56
98.56
98.56
98.56
98.56
98.56
98.81
98.81
98.81
98.81
98.81
98.81
98.81
98.81
98.81
98.81
98.81
98.81
98.81
98.81
98.63
98.63
98.63
98.63
98.63
98.63
98.63
98.63
98.06
98.06
98.06
98.06
98.06
98.06
98.06
98.06
98.06
98.06
98.06
98.16
98.16
98.16
98.16
98.16
98.16
98.16
98.39
98.39
98.39
98.39
98.39
98.39
98.39
98.44
98.44
98.44
98.44
98.44
98.36
98.36
98.36
98.36
98.36
98.36
98.36
98.36
98.36
98.36
98.36
98.36
97.82
97.82
97.82
97.82
97.82
97.82
97.82
97.82
97.82
96.23
96.23
96.23
96.23
96.23
96.91
96.91
96.91
96.91
96.91
96.91
96.91
96.91
96.99
96.99
96.99
96.99
96.99
96.99
96.99
95.89
95.89
95.89
95.89
95.89
95.89
95.89
95.89
95.89
96.75
96.75
96.75
96.75
96.75
96.75
97.18
97.18
97.18
97.18
97.18
97.18
97.18
97.18
96.91
96.91
96.91
96.91
96.91
96.91
96.91
96.91
95.91
95.91
95.91
95.91
95.91
95.91
95.91
95.46
95.46
95.46
95.46
95.46
95.46
95.46
95.46
95.46
95.46
95.46
95.46
95.46
95.46
96.81
96.81
96.81
96.81
96.81
96.81
96.81
96.81
96.54
96.54
96.54
96.54
96.54
96.54
96.54
96.54
96.54
93.18
93.18
93.18
93.18
93.18
94.68
94.68
94.68
94.68
94.68
94.68
94.68
94.68
94.68
94.97
94.97
94.97
94.97
94.97
94.97
94.97
94.97
94.59
94.59
94.59
94.59
94.59
94.59
94.59
93.24
93.24
93.24
93.24
93.24
93.24
93.24
93.24
93.87
93.87
93.87
93.87
93.87
93.87
93.87
93.87
93.87
94.39
94.39
94.39
94.39
94.39
94.39
94.39
94.39
93.49
93.49
93.49
93.49
93.49
95.16
95.16
95.16
95.16
95.16
95.16
95.16
95.16
95.16
95.16
95.16
95.78
95.78
95.78
95.78
95.78
95.93
95.93
95.93
95.93
95.93
95.93
95.93
95.27
95.27
95.27
95.27
95.27
95.27
95.27
95.27
