98.26
98.26
98.26
98.26
98.26
98.26
98.26
98.26
96.94
96.94
96.94
96.94
96.94
96.94
96.94
96.03
96.03
96.03
96.03
96.03
96.03
96.03
96.52
96.52
96.52
96.52
96.52
96.52
96.52
96.52
96.53
96.53
96.53
96.53
96.53
96.53
96.53
96.53
97.11
97.11
97.11
97.11
97.84
97.84
97.84
97.84
98.27
98.27
98.27
98.27
98.27
98.27
98.27
98.27
98.27
98.27
98.27
98.26
98.26
98.26
98.26
98.26
98.45
98.45
98.45
98.45
98.45
98.45
98.45
98.07
98.07
98.07
98.07
98.07
97.55
97.55
97.55
97.55
97.55
97.55
97.55
97.55
97.76
97.76
97.76
97.76
97.76
97.17
97.17
97.17
97.17
97.17
97.17
97.17
97.17
95.27
95.27
95.27
95.27
95.27
95.27
95.27
95.27
96.30
96.30
96.30
96.30
96.30
95.36
95.36
95.36
95.36
95.36
95.36
95.36
95.36
96.57
96.57
96.57
96.57
96.57
