90.02
90.02
90.02
90.02
90.02
90.02
90.02
90.02
95.08
95.08
95.08
95.08
95.08
95.08
95.08
95.08
95.08
95.08
96.34
96.34
96.34
96.34
96.34
96.34
96.34
96.34
96.34
96.34
96.34
96.34
96.43
96.43
96.43
96.43
96.43
96.43
96.43
96.24
96.24
96.24
96.24
96.24
96.24
96.24
96.24
96.49
96.49
96.49
96.49
96.49
96.49
96.49
96.49
96.49
94.86
94.86
94.86
94.86
94.86
94.86
94.86
94.86
94.86
94.86
94.86
93.54
93.54
93.54
93.54
93.54
93.54
93.54
93.54
92.04
92.04
92.04
92.04
92.04
92.04
92.04
89.60
89.60
89.60
89.60
89.60
89.60
86.48
86.48
86.48
86.48
86.48
86.48
86.48
86.48
86.48
86.48
86.48
85.81
85.81
85.81
85.81
85.81
85.81
85.81
85.19
85.19
85.19
85.19
85.19
85.19
85.19
82.20
82.20
82.20
82.20
82.20
85.07
85.07
85.07
85.07
85.07
85.07
91.72
91.72
91.72
91.72
91.72
91.72
91.72
91.72
91.72
91.72
91.72
91.72
91.72
91.72
90.37
90.37
90.37
90.37
90.37
90.37
90.37
90.37
92.33
92.33
92.33
92.33
92.33
90.67
90.67
90.67
90.67
90.67
93.09
93.09
93.09
93.09
93.09
93.09
93.09
93.09
93.09
93.09
93.09
93.09
92.04
92.04
92.04
92.04
92.04
92.04
92.04
92.04
92.04
91.51
91.51
91.51
91.51
91.51
91.51
91.51
91.51
91.51
93.64
93.64
93.64
93.64
93.64
93.64
93.64
92.34
92.34
92.34
92.34
92.34
92.34
92.34
88.41
88.41
88.41
88.41
88.41
88.41
88.41
88.41
88.88
88.88
88.88
88.88
88.88
88.88
88.88
90.90
90.90
90.90
90.90
90.90
90.90
90.90
90.90
