0.94
0.93
0.92
0.91
0.89
0.85
0.89
0.89
0.89
0.86
0.86
0.77
0.90
0.93
0.92
0.88
0.88
0.76
0.69
0.72
0.74
0.72
0.79
0.79
0.79
0.78
0.93
0.94
0.94
0.93
0.94
0.90
0.91
0.90
0.94
0.94
0.93
0.93
0.92
0.92
0.90
0.89
0.90
0.95
0.94
0.94
0.94
0.93
0.91
0.89
0.90
0.94
0.93
0.93
0.92
0.93
0.94
0.93
0.94
0.93
0.94
0.93
0.93
0.94
0.94
0.94
0.92
0.94
0.89
0.89
0.95
0.96
0.97
0.95
0.97
0.91
0.91
0.97
0.97
0.98
0.97
0.98
0.97
0.97
0.97
0.98
0.98
0.98
0.98
0.98
0.97
0.96
0.95
0.95
0.95
0.97
0.97
0.97
0.97
0.97
0.96
0.95
0.94
0.97
0.98
0.98
0.97
0.98
0.90
0.85
0.85
0.83
0.98
0.98
0.98
0.98
0.98
0.98
0.98
0.98
0.98
0.98
0.98
0.98
0.98
0.95
0.91
0.89
0.84
0.81
0.82
0.98
0.98
0.98
0.98
0.98
0.96
0.94
0.94
0.89
0.88
0.91
0.98
0.98
0.98
0.98
0.98
0.98
0.98
0.98
0.97
0.98
0.97
0.97
0.97
0.97
0.99
0.99
0.99
0.99
0.98
