95.55
95.55
95.55
95.55
95.55
95.30
95.30
95.30
95.30
95.30
96.94
96.94
96.94
96.94
96.94
98.43
98.43
98.43
98.43
98.43
98.43
98.43
98.73
98.73
98.73
98.73
98.73
98.73
98.73
98.73
98.73
98.73
98.73
98.73
98.83
98.83
98.83
98.83
98.83
98.83
98.83
98.66
98.66
98.66
98.66
98.66
98.66
98.66
98.66
98.63
98.63
98.63
98.63
98.63
98.62
98.62
98.62
98.62
98.62
98.62
98.02
98.02
98.02
98.02
98.02
98.02
98.02
96.68
96.68
96.68
96.68
96.68
96.68
96.68
96.68
96.68
96.68
96.68
97.01
97.01
97.01
97.01
97.01
97.01
97.01
97.01
97.01
97.01
97.01
94.97
94.97
94.97
94.97
94.97
94.97
94.97
91.45
91.45
91.45
91.45
91.45
91.45
91.45
91.45
87.53
87.53
87.53
87.53
87.77
87.77
87.77
87.77
89.83
89.83
89.83
89.83
89.83
89.83
89.83
89.83
89.83
92.75
92.75
92.75
92.75
92.75
92.75
92.75
92.75
92.75
92.75
92.75
88.90
88.90
88.90
88.90
88.66
88.66
88.66
88.66
88.66
88.66
88.66
88.66
88.66
88.66
88.66
87.56
87.56
87.56
87.56
87.31
87.31
87.31
87.31
87.31
92.69
92.69
92.69
92.69
92.69
92.69
92.69
92.69
92.69
91.67
91.67
91.67
91.67
91.67
91.67
91.67
91.67
91.95
91.95
91.95
91.95
93.12
93.12
93.12
93.12
93.12
93.12
93.12
93.12
94.32
94.32
94.32
94.32
94.32
94.32
91.82
91.82
91.82
91.82
91.82
91.82
91.82
90.36
90.36
90.36
90.36
90.36
90.36
90.36
90.36
90.36
88.14
88.14
88.14
88.14
88.14
88.14
88.14
88.14
88.14
88.14
88.14
90.08
90.08
90.08
90.08
90.08
90.08
90.08
90.08
90.08
90.08
90.08
88.17
88.17
88.17
88.17
88.17
88.17
88.17
88.17
88.17
88.17
91.35
91.35
91.35
91.35
91.35
93.60
93.60
93.60
93.60
93.60
93.60
93.60
93.60
93.60
93.60
93.60
94.81
94.81
94.81
94.81
94.53
94.53
94.53
94.53
94.53
94.53
94.53
95.45
95.45
95.45
95.45
95.45
95.45
95.45
95.68
95.68
95.68
95.68
97.34
97.34
97.34
97.34
97.34
97.34
97.34
97.34
96.17
96.17
96.17
96.17
96.17
96.17
96.17
96.17
96.17
96.17
96.17
96.03
96.03
96.03
96.03
96.03
96.03
96.03
96.03
96.03
97.45
97.45
97.45
97.45
97.45
97.45
97.45
97.45
97.83
97.83
97.83
97.83
97.83
97.83
97.83
97.01
97.01
97.01
97.01
97.01
97.01
97.01
