0.94
0.94
0.95
0.93
0.94
0.84
0.83
0.80
0.95
0.95
0.95
0.94
0.95
0.92
0.91
0.96
0.96
0.96
0.95
0.95
0.94
0.91
0.91
0.91
0.91
0.90
0.96
0.96
0.96
0.95
0.95
0.94
0.91
0.91
0.91
0.91
0.84
0.90
0.95
0.95
0.95
0.94
0.94
0.89
0.85
0.79
0.94
0.93
0.93
0.92
0.93
0.93
0.92
0.92
0.91
0.91
0.91
0.90
0.88
0.87
0.81
0.76
0.67
0.73
0.90
0.90
0.91
0.91
0.92
0.92
0.92
0.91
0.92
0.87
0.86
0.92
0.92
0.93
0.91
0.93
0.85
0.83
0.81
0.93
0.94
0.94
0.93
0.94
0.88
0.85
0.78
0.95
0.95
0.95
0.95
0.95
0.94
0.93
0.92
0.95
0.96
0.95
0.95
0.95
0.88
0.83
0.79
0.72
0.95
0.95
0.95
0.95
0.95
0.90
0.91
0.96
0.96
0.95
0.95
0.95
0.96
0.96
0.95
0.95
0.96
0.95
0.95
0.94
0.94
0.89
0.83
0.82
0.80
0.95
0.95
0.94
0.94
0.94
0.90
0.90
0.87
0.95
0.95
0.95
0.95
0.95
0.96
0.95
0.95
0.95
0.95
0.90
0.83
0.83
0.95
0.96
0.96
0.95
0.96
0.95
0.95
0.94
0.94
0.71
0.72
0.95
0.95
0.94
0.94
0.93
0.90
0.84
0.84
