0.91
0.90
0.90
0.89
0.89
0.84
0.84
0.89
0.89
0.88
0.87
0.87
0.80
0.77
0.70
0.67
0.91
0.92
0.92
0.90
0.92
0.88
0.88
0.88
0.94
0.94
0.94
0.94
0.93
0.94
0.93
0.93
0.92
0.92
0.92
0.94
0.95
0.95
0.93
0.94
0.90
0.89
0.90
0.93
0.93
0.93
0.92
0.93
0.94
0.94
0.94
0.92
0.93
0.85
0.80
0.80
0.78
0.94
0.94
0.94
0.93
0.93
0.86
0.83
0.78
0.77
0.93
0.93
0.93
0.92
0.92
0.93
0.93
0.92
0.92
0.91
0.91
0.89
0.89
0.89
0.89
0.88
0.92
0.92
0.91
0.91
0.89
0.91
0.90
0.90
0.89
0.89
0.86
0.88
0.89
0.89
0.88
0.88
0.86
0.87
0.86
0.86
0.85
0.84
0.81
0.79
0.78
0.86
0.86
0.85
0.85
0.82
0.84
0.80
0.86
0.87
0.84
0.83
0.79
0.73
0.65
0.68
0.66
0.71
0.76
0.71
0.75
0.70
0.85
0.85
0.85
0.84
0.88
0.88
0.88
0.88
0.87
0.88
0.87
0.87
0.87
0.87
0.88
0.85
0.87
0.81
0.78
0.75
0.71
0.89
0.89
0.89
0.88
0.88
0.86
0.86
0.88
0.88
0.87
0.87
0.85
0.82
0.81
0.89
0.89
0.90
0.90
0.92
0.92
0.92
0.90
0.90
0.82
0.79
0.79
0.78
0.90
0.90
0.91
0.89
0.91
0.85
0.84
0.83
0.90
0.90
0.90
0.88
0.89
0.90
0.90
0.90
0.88
0.90
0.84
0.84
0.83
0.92
0.93
0.93
0.91
0.92
0.86
0.87
0.86
0.94
0.94
0.94
0.93
0.93
0.92
0.93
0.92
0.92
0.91
0.90
0.88
0.88
0.89
0.87
0.86
0.85
0.86
0.85
0.91
0.92
0.91
0.91
0.90
0.91
0.90
0.90
0.90
0.90
0.90
0.90
0.89
0.89
0.88
0.88
0.83
0.80
0.73
0.68
0.88
0.87
0.86
0.86
0.84
0.79
0.79
0.78
0.76
0.74
0.69
0.66
0.55
0.63
0.73
0.72
0.74
0.70
0.77
0.76
0.77
0.74
0.74
0.80
0.80
0.81
0.78
0.78
0.72
0.69
0.71
0.84
0.85
0.86
0.82
0.84
0.75
0.71
0.68
0.65
0.87
0.87
0.87
0.86
0.86
0.84
0.82
0.81
0.81
0.79
0.90
0.91
0.91
0.90
0.91
0.90
0.89
0.89
0.88
0.88
0.92
0.93
0.93
0.92
0.92
0.87
0.86
0.93
0.94
0.94
0.93
0.93
0.92
0.91
0.94
0.94
0.94
0.93
0.93
0.89
0.85
0.82
0.85
0.94
0.94
0.93
0.94
0.93
0.92
0.89
0.89
