97.25
97.25
97.25
97.25
97.25
97.25
97.25
97.62
97.62
97.62
97.62
97.62
97.62
97.62
97.62
98.00
98.00
98.00
98.00
98.00
98.00
98.00
98.00
97.62
97.62
97.62
97.62
97.62
97.62
97.62
97.62
95.44
95.44
95.44
95.44
95.44
95.44
95.44
95.44
97.25
97.25
97.25
97.25
97.25
97.25
97.25
97.25
97.31
97.31
97.31
97.31
97.31
97.31
97.31
97.31
97.31
97.31
97.31
95.56
95.56
95.56
95.56
95.56
95.56
95.56
95.56
95.56
96.31
96.31
96.31
96.31
96.31
96.31
96.31
96.31
95.31
95.31
95.31
95.31
95.31
95.31
95.31
95.31
94.50
94.50
94.50
94.50
94.25
94.25
94.25
94.25
94.25
94.25
94.25
94.25
94.25
91.69
91.69
91.69
91.69
91.69
91.69
91.69
91.69
91.69
89.69
89.69
89.69
89.69
89.69
89.69
89.69
89.69
93.50
93.50
93.50
93.50
93.50
93.50
93.50
93.50
96.06
96.06
96.06
96.06
96.06
96.06
96.06
96.06
96.06
96.06
93.81
93.81
93.81
93.81
93.81
93.81
93.81
93.81
93.81
93.81
93.81
92.88
92.88
92.88
92.88
92.88
92.88
95.81
95.81
95.81
95.81
95.81
95.81
95.81
95.81
96.00
96.00
96.00
96.00
96.00
96.00
96.00
93.31
93.31
93.31
93.31
93.31
93.31
93.31
93.31
93.31
94.38
94.38
94.38
94.38
94.38
94.38
94.38
94.38
94.38
95.94
95.94
95.94
95.94
95.94
95.94
95.94
95.94
94.94
94.94
94.94
94.94
94.94
94.94
94.94
93.88
93.88
93.88
93.88
93.88
93.88
93.88
93.88
93.88
93.19
93.19
93.19
93.19
93.19
93.19
93.19
93.19
92.75
92.75
92.75
92.75
92.75
92.75
92.69
92.69
92.69
92.69
92.69
93.19
93.19
93.19
93.19
93.19
93.19
93.19
93.19
93.19
91.12
91.12
91.12
91.12
91.12
91.12
91.12
91.12
91.12
92.50
92.50
92.50
92.50
92.50
92.50
92.50
92.50
92.50
90.62
90.62
90.62
90.62
90.62
90.62
90.62
90.62
90.62
90.62
90.62
90.62
90.62
90.62
90.62
90.62
90.62
90.62
90.88
90.88
90.88
90.88
90.88
90.88
90.88
91.38
91.38
91.38
91.38
91.38
91.38
91.38
88.94
88.94
88.94
88.94
88.94
88.94
88.94
88.94
88.94
90.25
90.25
90.25
90.25
90.25
90.25
90.25
90.25
90.25
89.62
89.62
89.62
89.62
89.62
89.62
89.62
90.06
90.06
90.06
90.06
90.06
90.06
90.06
90.00
90.00
90.00
90.00
90.00
90.00
90.00
90.00
92.19
92.19
92.19
92.19
92.19
92.19
92.19
92.19
92.19
92.19
92.19
92.19
