0.97
0.97
0.97
0.96
0.97
0.80
0.86
0.97
0.97
0.96
0.96
0.96
0.90
0.89
0.89
0.96
0.96
0.96
0.96
0.96
0.93
0.93
0.88
0.96
0.96
0.95
0.96
0.94
0.94
0.94
0.94
0.94
0.93
0.94
0.92
0.92
0.92
0.93
0.92
0.91
0.89
0.89
0.88
0.86
0.87
0.82
0.88
0.86
0.85
0.85
0.84
0.84
0.80
0.78
0.78
0.82
0.82
0.82
0.80
0.80
0.78
0.78
0.82
0.82
0.83
0.80
0.82
0.77
0.75
0.70
0.68
0.79
0.81
0.82
0.76
0.80
0.85
0.86
0.87
0.81
0.86
0.73
0.66
0.72
0.88
0.90
0.90
0.88
0.89
0.80
0.92
0.93
0.92
0.92
0.90
0.88
0.90
0.92
0.93
0.94
0.90
0.93
0.80
0.77
0.74
0.70
0.64
0.70
0.93
0.94
0.94
0.92
0.94
0.87
0.82
0.82
0.95
0.95
0.93
0.95
0.90
0.96
0.94
0.94
0.94
0.94
0.93
0.93
0.90
0.90
0.85
0.85
0.92
0.92
0.90
0.87
0.91
0.91
0.89
0.86
0.90
0.90
0.88
0.88
0.86
0.83
0.79
0.79
0.86
0.86
0.86
0.82
0.83
0.89
0.89
0.88
0.86
0.85
0.78
0.74
0.72
0.75
0.89
0.90
0.90
0.87
0.90
0.80
0.77
0.72
0.70
0.90
0.91
0.91
0.90
0.91
0.88
0.90
0.90
0.89
0.90
0.87
0.89
0.88
0.89
0.88
0.88
0.87
0.87
0.81
0.75
0.75
0.89
0.89
0.89
0.88
0.89
0.86
0.86
0.86
0.90
0.91
0.90
0.91
0.89
0.89
0.91
0.90
0.90
0.89
0.88
0.87
0.82
0.76
0.76
0.88
0.88
0.88
0.86
0.87
0.81
0.78
0.75
0.71
0.67
0.72
0.91
0.91
0.91
0.90
0.90
0.87
0.85
0.86
0.86
0.91
0.92
0.90
0.91
0.89
0.91
0.89
0.89
0.89
0.91
0.90
0.90
0.87
0.89
0.89
0.90
0.86
0.89
0.81
0.79
0.81
0.80
0.92
0.92
0.93
0.90
0.91
0.86
0.85
0.89
0.91
0.92
0.92
0.90
0.91
0.82
0.82
0.92
0.93
0.94
0.92
0.94
0.87
0.84
0.87
0.86
0.92
0.93
0.93
0.92
0.93
0.91
0.89
0.89
0.93
0.93
0.93
0.91
0.92
0.85
0.83
0.86
0.93
0.93
0.92
0.91
0.91
0.82
0.93
0.93
0.93
0.92
0.92
0.86
0.85
0.83
0.93
0.93
0.93
0.92
0.91
0.88
0.83
0.83
0.95
0.95
0.95
0.93
0.95
0.87
0.84
0.80
0.81
0.95
0.95
0.95
0.93
0.93
0.86
0.83
0.84
0.83
0.94
0.94
0.94
0.92
0.91
0.91
0.90
0.91
0.88
0.91
0.87
0.88
0.87
0.86
0.83
0.86
0.93
0.92
0.92
0.90
0.93
0.94
0.95
0.94
0.95
0.96
0.96
0.96
0.96
0.96
0.96
0.95
0.96
0.96
0.96
0.96
0.96
0.93
0.90
0.91
0.85
0.83
0.88
0.96
0.96
0.94
0.95
0.92
0.95
0.95
0.94
0.93
0.93
0.92
0.81
0.80
0.94
0.93
0.92
0.92
0.90
0.89
0.86
0.85
0.85
0.91
0.90
0.87
0.88
0.83
0.77
