98.46
98.46
98.46
98.46
98.46
98.46
98.46
98.46
98.46
98.46
98.46
98.59
98.59
98.59
98.59
98.59
98.59
98.59
98.59
98.28
98.28
98.28
98.28
98.28
98.28
98.28
98.28
98.40
98.40
98.40
98.40
98.19
98.19
98.19
98.19
98.19
98.19
98.19
98.19
97.66
97.66
97.66
97.66
97.66
97.66
97.66
97.66
97.66
97.66
97.67
97.67
97.67
97.67
97.67
97.67
97.67
97.58
97.58
97.58
97.58
97.58
97.58
97.58
96.90
96.90
96.90
96.90
97.92
97.92
97.92
97.92
97.92
97.92
98.13
98.13
98.13
98.13
98.13
98.13
98.13
98.13
97.03
97.03
97.03
97.03
97.03
97.03
97.03
97.03
97.03
96.69
96.69
96.69
96.69
96.69
96.69
96.69
94.72
94.72
94.72
94.72
94.72
94.72
93.21
93.21
93.21
93.21
93.21
90.49
90.49
90.49
90.49
90.49
90.49
90.49
90.49
90.49
85.55
85.55
85.55
85.55
85.55
85.55
91.64
91.64
91.64
91.64
91.64
91.64
91.64
91.64
96.22
96.22
96.22
96.22
96.22
96.22
96.22
96.22
96.22
96.22
96.22
96.86
96.86
96.86
96.86
96.86
96.86
96.86
96.86
97.76
97.76
97.76
97.76
97.76
97.76
97.76
97.59
97.59
97.59
97.59
98.33
98.33
98.33
98.33
98.33
98.33
98.33
98.33
98.33
98.26
98.26
98.26
98.26
98.26
98.26
98.26
98.26
97.99
97.99
97.99
97.99
97.99
97.99
97.99
97.99
97.99
97.58
97.58
97.58
97.58
97.58
97.58
97.58
97.58
96.98
96.98
96.98
96.98
96.98
96.98
96.98
96.98
97.09
97.09
97.09
97.09
97.09
97.09
97.09
97.09
97.09
97.09
97.09
