0.80
0.80
0.80
0.78
0.77
0.77
0.73
0.75
0.78
0.77
0.78
0.75
0.76
0.70
0.73
0.72
0.72
0.70
0.69
0.67
0.66
0.72
0.71
0.73
0.66
0.68
0.62
0.62
0.49
0.60
0.56
0.57
0.56
0.47
0.53
0.35
0.37
0.69
0.68
0.69
0.64
0.66
0.58
0.58
0.49
0.43
0.70
0.70
0.68
0.62
0.62
0.55
0.48
0.51
0.73
0.73
0.74
0.67
0.70
0.79
0.79
0.80
0.76
0.78
0.69
0.65
0.62
0.58
0.82
0.82
0.83
0.81
0.81
0.79
0.77
0.74
0.71
0.83
0.83
0.83
0.82
0.81
0.82
0.80
0.79
0.83
0.83
0.84
0.82
0.83
0.81
0.79
0.80
0.78
0.79
0.73
0.84
0.84
0.84
0.82
0.82
0.85
0.85
0.85
0.83
0.84
0.80
0.79
0.77
0.85
0.85
0.85
0.83
0.84
0.79
0.76
0.69
0.64
0.88
0.87
0.87
0.86
0.84
0.84
0.83
0.86
0.86
0.86
0.85
0.84
0.81
0.78
0.79
