0.95
0.95
0.95
0.95
0.95
0.94
0.93
0.96
0.96
0.97
0.96
0.96
0.93
0.93
0.97
0.98
0.98
0.98
0.97
0.97
0.96
0.96
0.98
0.98
0.98
0.98
0.98
0.97
0.95
0.94
0.88
0.87
0.91
0.98
0.98
0.98
0.98
0.98
0.96
0.98
0.98
0.98
0.98
0.97
0.94
0.95
0.98
0.97
0.98
0.96
0.97
0.74
0.74
0.98
0.98
0.98
0.98
0.98
0.97
0.96
0.98
0.98
0.97
0.98
0.96
0.94
0.94
0.91
0.97
0.97
0.97
0.97
0.95
0.96
0.95
0.94
0.97
0.96
0.96
0.96
0.95
0.92
0.93
0.95
0.95
0.94
0.94
0.92
0.93
0.92
0.91
0.94
0.95
0.95
0.94
0.95
0.92
0.89
0.90
0.88
0.90
0.93
0.94
0.94
0.94
0.93
0.93
0.90
0.91
0.93
0.91
0.90
0.89
0.89
0.90
0.96
0.96
0.97
0.97
0.96
0.96
0.96
0.96
0.96
0.96
0.95
0.96
0.89
0.82
0.82
0.81
0.83
0.97
0.97
0.97
0.97
0.96
0.97
0.97
0.96
0.95
0.95
0.95
0.94
0.95
0.90
0.87
0.83
0.81
0.96
0.96
0.95
0.95
0.93
0.95
0.94
0.94
0.91
0.92
0.76
0.67
0.67
0.62
0.60
0.41
0.64
0.93
0.93
0.92
0.92
0.91
0.91
0.90
0.89
0.85
0.84
0.88
0.89
0.89
0.89
0.88
0.88
0.84
0.84
0.89
0.89
0.90
0.88
0.89
0.87
0.84
0.81
0.81
0.93
0.93
0.93
0.92
0.93
0.89
0.86
0.85
0.76
0.74
0.83
0.93
0.93
0.94
0.92
0.94
0.87
0.84
0.83
0.82
0.95
0.95
0.96
0.95
0.96
0.96
0.96
0.95
0.96
0.90
