98.72
98.72
98.72
98.72
98.72
98.72
98.72
98.72
98.72
98.72
98.68
98.68
98.68
98.68
98.68
98.68
98.68
98.68
98.68
98.68
98.68
98.56
98.56
98.56
98.56
98.56
98.56
98.56
98.56
98.56
98.56
98.56
98.59
98.59
98.59
98.59
98.59
98.59
98.59
98.59
98.07
98.07
98.07
98.07
98.07
98.07
98.07
98.07
97.60
97.60
97.60
97.60
97.60
97.60
97.60
97.60
96.16
96.16
96.16
96.16
96.16
96.16
96.16
96.16
95.88
95.88
95.88
95.88
95.88
95.88
95.88
95.22
95.22
95.22
95.22
95.22
95.22
95.22
95.64
95.64
95.64
95.64
95.64
95.64
95.64
96.60
96.60
96.60
96.60
96.60
96.60
96.60
96.60
96.60
96.60
96.60
96.60
95.70
95.70
95.70
95.70
95.70
95.70
96.28
96.28
96.28
96.28
96.28
96.28
96.28
96.28
96.28
96.96
96.96
96.96
96.96
96.96
96.96
96.96
96.96
96.96
96.96
96.96
97.85
97.85
97.85
97.85
97.85
97.73
97.73
97.73
97.73
97.73
97.73
97.29
97.29
97.29
97.29
97.29
98.04
98.04
98.04
98.04
98.04
98.04
98.04
98.04
97.93
97.93
97.93
97.93
97.93
97.93
97.93
97.93
