0.98
0.98
0.98
0.98
0.98
0.97
0.97
0.97
0.96
0.96
0.96
0.96
0.98
0.98
0.98
0.97
0.97
0.96
0.95
0.95
0.98
0.98
0.98
0.98
0.98
0.88
0.79
0.78
0.71
0.63
0.69
0.98
0.98
0.98
0.98
0.98
0.97
0.97
0.98
0.98
0.98
0.98
0.98
0.89
0.79
0.79
0.74
0.70
0.74
0.97
0.97
0.97
0.97
0.97
0.95
0.92
0.93
0.92
0.97
0.97
0.97
0.97
0.97
0.95
0.96
0.91
0.97
0.97
0.97
0.97
0.96
0.96
0.96
0.95
0.97
0.97
0.96
0.96
0.96
0.86
0.79
0.80
0.76
0.95
0.95
0.95
0.95
0.95
0.90
0.85
0.85
0.83
0.96
0.96
0.96
0.95
0.95
0.94
0.94
0.90
0.96
0.96
0.96
0.96
0.95
0.94
0.94
0.94
0.95
0.94
0.94
0.94
0.93
0.93
0.92
0.94
0.94
0.95
0.94
0.94
0.92
0.91
0.91
0.95
0.95
0.95
0.94
0.94
0.95
0.95
0.95
0.94
0.94
0.89
0.86
0.82
0.82
0.95
0.95
0.95
0.95
0.95
0.92
0.90
0.90
0.88
0.90
0.95
0.95
0.95
0.94
0.94
0.90
0.87
0.87
0.86
0.96
0.96
0.95
0.95
0.95
0.91
0.96
0.96
0.96
0.96
0.96
0.95
0.94
0.93
0.92
0.96
0.96
0.95
0.96
0.94
0.95
0.93
0.93
0.95
0.95
0.94
0.93
0.93
0.76
0.96
0.96
0.96
0.96
0.94
0.94
0.93
0.92
0.95
0.95
0.95
0.95
0.93
0.95
0.94
0.94
0.97
0.97
0.97
0.95
0.95
0.90
0.86
0.81
0.83
0.96
0.96
0.95
0.95
0.94
0.91
0.93
0.94
0.94
0.94
0.94
0.93
0.93
0.93
0.94
0.95
0.95
0.94
0.95
0.90
0.86
0.87
0.84
0.85
0.96
0.96
0.96
0.96
0.96
0.95
0.94
0.94
0.96
0.96
0.95
0.95
0.94
0.94
0.94
0.94
0.94
0.93
0.93
0.91
0.91
0.90
0.90
0.89
0.95
0.95
0.95
0.95
0.95
0.93
0.92
0.92
0.96
0.96
0.95
0.96
0.93
0.96
0.95
0.95
0.94
0.94
0.94
0.94
0.94
0.93
0.94
0.92
0.92
0.90
0.90
0.94
0.94
0.94
0.93
0.93
0.90
0.91
0.95
0.95
0.94
0.95
0.93
0.96
0.95
0.95
0.94
0.95
0.94
0.93
0.92
0.89
0.92
0.85
0.92
0.91
0.90
0.88
0.90
0.85
0.86
0.79
0.72
0.65
0.69
0.68
0.70
0.81
0.74
0.79
0.74
0.88
0.88
0.88
0.87
0.87
0.86
0.85
0.81
0.82
0.87
0.89
0.89
0.83
0.86
0.68
0.69
0.90
0.93
0.91
0.92
0.89
0.93
0.93
0.93
0.91
0.92
0.94
0.95
0.95
0.94
0.93
0.92
0.89
0.90
0.89
0.89
0.84
0.88
0.95
0.95
0.95
0.95
0.94
0.92
0.93
0.84
0.95
0.95
0.96
0.93
0.96
0.78
0.80
0.96
0.96
0.95
0.96
0.94
0.96
0.96
0.96
0.96
0.96
0.96
0.95
0.96
0.89
0.85
0.86
0.85
0.96
0.97
0.96
0.96
0.95
0.96
0.95
0.95
0.93
0.92
0.91
0.93
0.97
0.97
0.97
0.96
0.96
0.90
0.87
0.86
0.84
0.96
0.96
0.94
0.96
0.93
0.95
0.95
0.95
0.95
0.94
0.95
0.93
0.94
0.93
0.93
0.94
0.93
0.94
0.93
0.91
0.91
0.91
0.88
0.91
0.78
0.76
0.76
0.76
0.87
0.88
0.87
0.83
0.84
0.72
0.70
0.72
0.89
0.89
0.91
0.87
0.90
0.85
0.84
0.81
0.82
0.93
0.94
0.94
0.93
0.93
0.91
0.92
0.90
0.94
0.95
0.95
0.94
0.94
0.93
0.91
0.91
0.96
0.96
0.95
0.95
0.94
0.89
0.94
0.94
0.94
0.93
0.93
0.94
0.94
0.95
0.94
0.94
0.93
0.92
0.92
0.90
0.91
0.89
0.90
0.95
0.95
0.95
0.95
0.94
0.94
0.93
0.92
