0.60
0.62
0.62
0.53
0.57
0.49
0.56
0.47
0.63
0.67
0.66
0.54
0.59
0.50
0.48
0.57
0.86
0.86
0.89
0.80
0.86
0.71
0.66
0.72
0.93
0.94
0.93
0.94
0.92
0.94
0.94
0.94
0.94
0.93
0.93
0.91
0.90
0.90
0.88
0.89
0.93
0.93
0.93
0.92
0.93
0.89
0.94
0.95
0.95
0.95
0.94
0.95
0.94
0.94
0.95
0.96
0.97
0.96
0.97
0.95
0.95
0.97
0.98
0.98
0.97
0.98
0.94
0.89
0.90
0.98
0.98
0.98
0.98
0.97
0.96
0.96
0.98
0.98
0.98
0.98
0.97
0.97
0.97
0.97
0.97
0.97
0.98
0.97
0.98
0.96
0.94
0.94
0.93
0.97
0.97
0.97
0.97
0.97
0.97
0.97
0.97
0.96
0.97
0.96
0.96
0.95
0.96
0.96
0.96
0.96
0.94
0.93
0.94
0.97
0.97
0.97
0.97
0.96
0.97
0.97
0.97
0.97
0.97
0.97
0.97
0.96
0.95
0.91
0.90
0.92
0.94
0.94
0.94
0.94
0.93
0.95
0.95
0.95
0.95
0.95
0.94
0.92
0.90
0.87
0.86
0.90
0.95
0.95
0.94
0.96
0.93
0.96
0.95
0.95
0.93
0.93
0.93
0.92
0.91
0.87
0.93
0.93
0.93
0.92
0.92
0.91
0.92
0.92
0.91
0.91
0.89
0.88
