0.92
0.92
0.92
0.91
0.94
0.94
0.94
0.93
0.94
0.89
0.84
0.84
0.96
0.96
0.96
0.95
0.95
0.83
0.70
0.71
0.96
0.96
0.96
0.96
0.96
0.93
0.91
0.88
0.77
0.76
0.84
0.97
0.97
0.96
0.96
0.96
0.92
0.92
0.86
0.95
0.95
0.95
0.94
0.94
0.88
0.78
0.77
0.78
0.77
0.76
0.95
0.94
0.94
0.92
0.93
0.93
0.93
0.92
0.92
0.88
0.82
0.82
0.84
0.84
0.75
0.81
0.92
0.92
0.92
0.91
0.91
0.87
0.84
0.80
0.73
0.94
0.94
0.94
0.93
0.93
0.88
0.87
0.80
0.94
0.94
0.95
0.93
0.94
0.85
0.79
0.73
0.95
0.95
0.96
0.93
0.95
0.78
0.73
0.70
0.66
0.96
0.96
0.96
0.94
0.95
0.83
0.71
0.67
0.64
0.65
0.95
0.96
0.96
0.95
0.96
0.91
0.85
0.86
0.85
0.87
0.96
0.96
0.96
0.96
0.96
0.94
0.94
0.90
0.97
0.97
0.97
0.96
0.96
0.86
0.79
0.70
0.77
0.96
0.96
0.97
0.96
0.96
0.89
0.83
0.77
0.69
0.96
0.97
0.97
0.96
0.96
0.96
0.95
0.94
0.94
0.94
0.93
0.97
0.97
0.96
0.96
0.96
0.92
0.89
0.96
0.96
0.96
0.96
0.95
0.93
0.89
0.90
0.96
0.96
0.96
0.96
0.95
0.94
0.93
0.90
0.96
0.96
0.96
0.96
0.97
0.97
0.97
0.97
0.96
0.96
0.96
0.93
0.97
0.97
0.97
0.96
0.96
0.73
0.96
0.96
0.96
0.95
0.94
0.90
0.96
0.96
0.96
0.94
0.95
0.79
0.73
0.64
0.58
0.95
0.95
0.94
0.94
0.92
0.88
0.88
0.83
0.93
0.93
0.93
0.92
0.92
0.93
0.92
0.91
0.90
0.89
0.81
0.76
0.69
0.63
0.92
0.92
0.91
0.90
0.89
0.85
0.80
0.81
0.92
0.92
0.92
0.91
0.94
0.94
0.94
0.93
0.94
0.88
0.83
0.84
0.95
0.95
0.95
0.95
0.95
0.91
0.91
0.95
0.96
0.96
0.95
0.95
0.92
0.86
0.85
0.86
0.85
0.75
0.84
0.96
0.97
0.96
0.96
0.96
0.95
0.92
0.91
0.97
0.97
0.97
0.96
0.96
0.90
0.82
0.83
0.97
0.97
0.96
0.96
0.96
0.95
0.95
0.93
0.96
0.96
0.95
0.94
0.95
0.82
0.76
0.68
0.60
0.94
0.93
0.93
0.92
0.91
0.83
0.79
0.74
0.61
0.58
0.71
