71.88
71.88
71.88
71.88
69.50
69.50
69.50
69.50
69.50
69.50
69.50
69.50
70.06
70.06
70.06
70.06
70.06
70.06
70.06
70.06
68.06
68.06
68.06
68.06
68.06
68.06
68.44
68.44
68.44
68.44
68.44
68.44
68.44
68.88
68.88
68.88
68.88
68.88
68.88
68.88
68.88
70.06
70.06
70.06
70.06
70.06
70.06
70.06
70.06
70.06
71.06
71.06
71.06
71.06
71.06
71.06
71.06
71.81
71.81
71.81
71.81
71.81
71.81
71.81
76.25
76.25
76.25
76.25
76.25
76.25
76.25
76.25
76.25
77.88
77.88
77.88
77.88
77.88
77.88
77.88
77.88
77.88
77.88
77.88
77.88
80.12
80.12
80.12
80.12
80.12
80.12
80.12
80.12
80.12
79.75
79.75
79.75
79.75
79.75
79.75
79.75
77.75
77.75
77.75
77.75
77.75
77.75
77.75
73.69
73.69
73.69
73.69
73.69
73.69
73.69
78.62
78.62
78.62
78.62
78.62
78.62
78.62
78.62
78.75
78.75
78.75
78.75
78.75
78.75
78.75
78.75
78.75
85.06
85.06
85.06
85.06
85.06
85.06
85.06
85.06
85.06
87.75
87.75
87.75
87.75
87.75
87.75
87.75
91.19
91.19
91.19
91.19
91.19
91.19
91.19
91.19
92.50
92.50
92.50
92.50
92.50
92.50
94.00
94.00
94.00
94.00
94.00
94.00
94.00
95.31
95.31
95.31
95.31
95.31
95.31
95.31
95.31
95.06
95.06
95.06
95.06
95.06
95.06
95.06
94.56
94.56
94.56
94.56
94.56
94.56
94.56
94.56
94.56
96.06
96.06
96.06
96.06
96.06
96.06
96.06
96.06
96.06
96.75
96.75
96.75
96.75
96.75
96.75
96.75
97.00
97.00
97.00
97.00
97.00
97.00
97.00
97.00
97.38
97.38
97.38
97.38
97.38
97.38
97.38
97.38
97.38
97.62
97.62
97.62
97.62
97.62
97.62
97.62
97.62
97.62
97.62
97.62
97.31
97.31
97.31
97.31
97.31
97.31
97.31
97.31
96.81
96.81
96.81
96.81
96.81
96.81
96.81
96.81
96.81
97.38
97.38
97.38
97.38
97.38
97.38
97.38
97.38
96.56
96.56
96.56
96.56
96.56
96.56
96.56
96.56
97.50
97.50
97.50
97.50
97.50
97.50
97.50
97.50
96.69
96.69
96.69
96.69
96.69
96.69
96.69
97.25
97.25
97.25
97.25
97.25
97.25
97.25
97.25
97.19
97.19
97.19
97.19
97.19
97.19
97.19
97.19
97.50
97.50
97.50
97.50
97.50
97.50
97.50
97.50
97.50
97.88
97.88
97.88
97.88
97.88
97.88
97.88
97.88
97.88
97.81
97.81
97.81
97.81
97.81
97.81
97.81
97.12
97.12
97.12
97.12
97.12
97.12
97.12
97.12
96.75
96.75
96.75
96.75
96.75
96.75
96.75
96.75
96.12
96.12
96.12
96.12
96.12
96.12
96.12
96.12
93.94
93.94
93.94
93.94
93.94
93.94
93.94
93.94
93.00
93.00
93.00
93.00
93.00
93.00
93.00
93.00
82.38
82.38
82.38
82.38
82.38
82.38
82.38
82.38
87.25
87.25
87.25
87.25
87.25
87.25
87.25
87.25
94.06
94.06
94.06
94.06
94.06
94.06
94.06
94.06
95.12
95.12
95.12
95.12
95.12
95.12
95.12
95.44
95.44
95.44
95.44
95.44
95.44
95.44
96.88
96.88
96.88
96.88
96.88
96.88
96.88
96.31
96.31
96.31
96.31
96.31
96.31
96.31
96.81
96.81
96.81
96.81
96.81
96.81
96.81
96.81
97.81
97.81
97.81
97.81
97.81
97.81
97.81
97.81
97.81
97.56
97.56
97.56
97.56
97.56
97.38
97.38
97.38
97.38
97.38
97.38
