98.75
98.75
98.75
98.75
98.75
98.75
98.75
98.74
98.74
98.74
98.74
98.74
98.74
98.74
98.74
98.81
98.81
98.81
98.81
98.81
98.81
98.81
98.81
98.81
98.81
98.81
98.81
98.81
98.81
98.82
98.82
98.82
98.82
98.82
98.85
98.85
98.85
98.85
98.85
98.85
98.85
98.85
98.85
98.91
98.91
98.91
98.91
98.91
98.91
98.91
98.91
98.93
98.93
98.93
98.93
98.93
98.93
98.94
98.94
98.94
98.94
98.94
98.94
98.94
98.94
98.94
98.96
98.96
98.96
98.96
98.96
98.96
98.96
98.96
98.94
98.94
98.94
98.94
98.94
98.94
98.94
98.94
98.94
98.94
98.94
98.95
98.95
98.95
98.95
98.95
98.95
98.95
98.95
98.95
98.95
98.95
98.95
98.95
98.93
98.93
98.93
98.93
98.94
98.94
98.94
98.94
98.94
98.94
98.92
98.92
98.92
98.92
98.92
98.92
98.92
98.92
98.92
98.93
98.93
98.93
98.93
98.93
98.91
98.91
98.91
98.91
98.91
98.91
98.91
98.84
98.84
98.84
98.84
98.84
98.84
98.84
98.84
98.84
98.84
98.84
98.87
98.87
98.87
98.87
98.87
98.87
98.87
98.87
98.87
