0.98
0.98
0.98
0.98
0.98
0.98
0.98
0.97
0.97
0.97
0.97
0.97
0.94
0.91
0.91
0.90
0.98
0.98
0.98
0.98
0.99
0.99
0.99
0.99
0.99
0.99
0.99
0.99
0.98
0.98
0.98
0.99
0.99
0.99
0.99
0.99
0.99
0.99
0.99
0.99
0.99
0.99
0.99
0.99
0.99
0.99
0.99
0.99
0.99
0.98
0.98
0.99
0.99
0.99
0.99
0.99
0.97
0.93
0.92
0.85
0.82
0.85
0.99
0.99
0.98
0.98
0.98
0.94
0.98
0.98
0.98
0.98
0.98
0.95
0.90
0.90
0.87
0.98
0.98
0.98
0.97
0.97
0.95
0.93
0.93
0.97
0.97
0.97
0.97
0.97
0.95
0.92
0.90
0.89
0.97
0.97
0.96
0.97
0.95
0.96
0.95
0.97
0.96
0.96
0.96
0.96
0.96
0.93
0.93
0.93
0.96
0.97
0.97
0.97
0.98
0.98
0.98
0.98
0.98
0.96
0.96
0.98
0.98
0.98
0.98
0.98
0.96
0.96
0.99
0.99
0.98
0.99
0.98
0.98
0.98
0.98
0.98
0.97
0.96
0.97
0.99
0.99
0.99
0.99
0.99
0.98
0.98
0.99
0.99
0.99
0.99
0.99
0.98
0.98
0.99
0.99
0.99
0.99
0.99
0.99
0.99
0.99
0.99
0.99
0.99
0.99
0.99
0.97
0.93
0.95
0.92
0.98
0.98
0.98
0.98
0.98
0.97
0.95
0.94
0.94
0.98
0.98
0.98
0.98
0.97
0.98
0.98
0.98
0.98
0.98
0.98
0.96
0.96
0.96
0.95
0.95
0.90
0.96
0.96
0.94
0.96
0.91
0.97
0.96
0.96
0.92
0.91
0.89
0.89
0.83
0.86
0.83
0.77
0.71
0.67
0.77
0.88
0.88
0.85
0.80
0.82
0.81
0.77
0.76
0.71
0.72
0.70
0.73
0.72
0.76
0.76
0.74
0.70
0.68
0.66
0.65
0.65
0.63
0.60
