97.62
97.62
97.62
97.62
97.62
97.62
97.62
97.62
97.06
97.06
97.06
97.06
97.75
97.75
97.75
97.75
97.75
97.75
97.75
98.69
98.69
98.69
98.69
98.69
98.69
98.69
98.62
98.62
98.62
98.62
98.62
98.56
98.56
98.56
98.56
98.56
98.56
98.56
98.56
98.56
98.56
98.56
98.81
98.81
98.81
98.81
98.81
98.81
98.81
98.81
98.81
98.81
98.81
98.81
98.81
98.81
98.81
98.81
98.81
98.81
98.69
98.69
98.69
98.69
98.69
98.69
98.69
98.69
98.25
98.25
98.25
98.25
98.25
98.25
98.25
98.25
98.25
98.25
98.25
96.94
96.94
96.94
96.94
95.38
95.38
95.38
95.38
95.38
95.38
95.38
95.38
95.38
94.62
94.62
94.62
94.62
94.62
94.62
94.62
93.94
93.94
93.94
93.94
93.94
93.94
93.94
93.94
92.50
92.50
92.50
92.50
92.50
92.50
92.50
92.50
92.50
92.50
92.50
92.50
89.19
89.19
89.19
89.19
89.19
89.19
89.19
89.38
89.38
89.38
89.38
89.38
89.38
89.38
89.38
89.38
91.88
91.88
91.88
91.88
91.88
91.88
91.88
88.88
88.88
88.88
88.88
88.88
88.88
88.88
88.88
88.88
94.31
94.31
94.31
94.31
94.31
94.31
94.31
94.31
95.44
95.44
95.44
95.44
95.44
95.44
95.44
95.44
95.81
95.81
95.81
95.81
95.81
95.81
95.81
97.19
97.19
97.19
97.19
97.19
97.19
97.19
98.06
98.06
98.06
98.06
98.06
98.06
98.06
98.06
98.19
98.19
98.19
98.19
98.19
98.19
98.19
98.19
98.19
98.81
98.81
98.81
98.81
98.81
98.81
98.81
98.81
98.81
98.81
98.81
98.81
98.81
98.81
98.81
98.81
98.81
98.81
98.81
98.81
98.81
98.81
98.81
98.69
98.69
98.69
98.69
98.69
98.69
98.69
98.69
98.69
98.62
98.62
98.62
98.62
98.62
98.62
98.62
98.62
98.62
98.62
98.62
98.12
98.12
98.12
98.12
98.12
98.12
98.12
98.12
98.12
96.81
96.81
96.81
96.81
96.81
96.81
96.81
96.81
96.56
96.56
96.56
96.56
97.94
97.94
97.94
97.94
97.94
97.94
97.94
97.94
97.94
98.31
98.31
98.31
98.31
98.31
98.31
98.31
98.31
98.31
98.81
98.81
98.81
98.81
98.81
98.81
98.81
98.81
98.81
98.81
98.81
98.81
98.81
98.81
98.81
98.81
98.81
98.81
98.81
98.81
98.81
98.81
98.81
98.81
98.81
98.56
98.56
98.56
98.56
98.06
98.06
98.06
98.06
98.06
98.06
98.06
96.88
96.88
96.88
96.88
96.88
96.88
96.88
96.88
96.62
96.62
96.62
96.62
96.62
96.62
96.62
96.62
96.62
96.62
96.62
96.62
96.62
96.62
94.94
94.94
94.94
94.94
94.94
94.56
94.56
94.56
94.56
94.56
94.56
94.62
94.62
94.62
94.62
94.62
94.62
94.62
94.19
94.19
94.19
94.19
96.81
96.81
96.81
96.81
96.81
96.81
96.81
98.38
98.38
98.38
98.38
98.38
98.38
98.38
98.38
98.38
98.38
98.38
98.56
98.56
98.56
98.56
98.56
98.56
98.88
98.88
98.88
98.88
98.88
98.88
98.88
98.88
98.81
98.81
98.81
98.81
98.81
98.81
98.81
98.81
