0.97
0.97
0.96
0.96
0.96
0.92
0.88
0.83
0.77
0.96
0.96
0.95
0.95
0.93
0.95
0.94
0.93
0.92
0.91
0.91
0.94
0.94
0.92
0.93
0.90
0.91
0.91
0.94
0.93
0.93
0.91
0.92
0.80
0.95
0.95
0.94
0.94
0.93
0.94
0.94
0.94
0.92
0.93
0.83
0.79
0.73
0.61
0.56
0.69
0.95
0.95
0.95
0.95
0.95
0.92
0.89
0.89
0.89
0.88
0.84
0.87
0.96
0.96
0.96
0.96
0.96
0.94
0.94
0.97
0.97
0.97
0.96
0.96
0.95
0.95
0.96
0.96
0.96
0.96
0.96
0.95
0.94
0.96
0.95
0.95
0.94
0.95
0.95
0.94
0.94
0.93
0.92
0.89
0.89
0.89
0.90
0.92
0.92
0.93
0.92
0.93
0.93
0.94
0.92
0.94
0.87
0.82
0.83
0.94
0.94
0.94
0.94
0.93
0.93
0.90
0.90
0.89
0.89
0.85
0.88
0.94
0.94
0.95
0.94
0.94
0.95
0.95
0.94
0.95
0.95
0.95
0.94
0.94
0.87
0.87
