98.15
98.15
98.15
98.15
98.15
98.15
98.15
98.15
98.15
98.28
98.28
98.28
98.28
98.28
98.28
98.28
98.43
98.43
98.43
98.43
98.43
98.43
98.43
98.43
98.26
98.26
98.26
98.26
98.50
98.50
98.50
98.50
98.50
98.31
98.31
98.31
98.31
98.31
98.31
98.31
98.31
98.31
98.34
98.34
98.34
98.34
98.34
98.34
98.34
98.34
98.34
97.24
97.24
97.24
97.24
97.24
97.24
97.24
97.24
98.22
98.22
98.22
98.22
98.22
98.22
98.22
98.22
98.22
97.86
97.86
97.86
97.86
97.86
97.86
97.86
95.91
95.91
95.91
95.91
95.91
94.63
94.63
94.63
94.63
94.63
94.63
94.63
92.79
92.79
92.79
92.79
91.71
91.71
91.71
91.71
91.71
91.71
91.71
91.71
91.71
91.71
91.71
87.93
87.93
87.93
87.93
87.93
87.93
87.93
87.93
85.07
85.07
85.07
85.07
85.07
85.07
85.07
79.78
79.78
79.78
79.78
79.78
79.78
79.78
79.04
79.04
79.04
79.04
79.04
79.04
79.04
82.08
82.08
82.08
82.08
87.86
87.86
87.86
87.86
87.86
87.86
87.86
91.89
91.89
91.89
91.89
91.89
91.89
91.89
95.06
95.06
95.06
95.06
96.89
96.89
96.89
96.89
96.89
96.89
96.89
96.89
94.78
94.78
94.78
94.78
94.78
94.78
94.38
94.38
94.38
94.38
94.38
94.38
94.38
94.38
94.38
94.38
94.38
96.39
96.39
96.39
96.39
96.39
96.39
96.39
96.39
96.39
96.39
96.39
95.69
95.69
95.69
95.69
95.69
95.69
95.69
95.69
95.69
95.69
95.69
96.93
96.93
96.93
96.93
96.93
96.93
96.93
96.93
96.93
96.93
97.28
97.28
97.28
97.28
97.28
97.28
97.28
97.97
97.97
97.97
97.97
97.97
98.24
98.24
98.24
98.24
98.24
98.24
98.24
98.24
98.24
98.24
98.24
98.43
98.43
98.43
98.43
98.43
98.43
98.43
98.66
98.66
98.66
98.66
98.66
98.72
98.72
98.72
98.72
98.72
98.72
98.72
98.46
98.46
98.46
98.46
98.46
98.46
98.46
98.46
98.64
98.64
98.64
98.64
98.64
98.64
98.64
98.64
98.75
98.75
98.75
98.75
98.75
98.75
98.75
98.75
98.80
98.80
98.80
98.80
98.80
98.80
98.80
98.80
98.73
98.73
98.73
98.73
98.73
98.73
98.73
98.73
98.73
98.73
98.73
98.73
98.41
98.41
98.41
98.41
98.41
98.41
98.41
98.41
98.61
98.61
98.61
98.61
98.61
98.61
98.61
98.61
98.61
98.61
98.61
98.61
98.61
98.40
98.40
98.40
98.40
98.40
98.40
97.79
97.79
97.79
97.79
97.79
97.79
97.79
97.09
97.09
97.09
97.09
97.09
97.09
97.00
97.00
97.00
97.00
97.00
97.00
97.00
97.00
95.69
95.69
95.69
95.69
96.77
96.77
96.77
96.77
96.77
96.77
96.77
98.10
98.10
98.10
98.10
98.10
98.24
98.24
98.24
98.24
98.24
98.24
97.47
97.47
97.47
97.47
97.47
97.47
97.47
97.47
