0.86
0.86
0.87
0.86
0.86
0.87
0.87
0.84
0.86
0.76
0.72
0.67
0.55
0.50
0.65
0.88
0.88
0.89
0.86
0.87
0.80
0.75
0.75
0.74
0.75
0.72
0.90
0.90
0.90
0.89
0.92
0.92
0.91
0.90
0.90
0.87
0.84
0.84
0.83
0.92
0.93
0.92
0.91
0.91
0.89
0.87
0.88
0.94
0.94
0.93
0.93
0.93
0.93
0.93
0.92
0.92
0.86
0.88
0.93
0.94
0.94
0.92
0.93
0.84
0.83
0.94
0.94
0.94
0.94
0.94
0.94
0.93
0.92
0.91
0.94
0.94
0.94
0.94
0.94
0.94
0.94
0.93
0.94
0.89
0.84
0.84
0.84
0.85
0.82
0.94
0.94
0.94
0.94
0.94
0.94
0.92
0.92
0.95
0.95
0.95
0.94
0.94
0.93
0.91
0.90
0.91
0.94
0.94
0.93
0.93
0.92
0.86
0.78
0.78
0.93
0.93
0.93
0.91
0.91
0.82
0.73
0.73
0.94
0.93
0.93
0.92
0.94
0.94
0.94
0.93
0.94
0.87
0.83
0.77
0.73
0.95
0.95
0.95
0.94
0.95
0.92
0.91
0.95
0.96
0.96
0.95
0.95
0.95
0.93
0.93
0.92
0.92
0.88
0.92
0.96
0.96
0.96
0.96
0.95
0.92
0.92
0.95
0.95
0.95
0.94
0.95
0.95
0.95
0.94
0.94
0.95
0.95
0.95
0.94
0.95
0.95
0.95
0.94
0.95
0.87
0.87
0.95
0.95
0.95
0.94
0.95
0.95
0.96
0.96
0.95
0.95
0.95
0.95
0.95
0.95
0.95
0.89
0.95
0.95
0.94
0.94
0.94
0.95
0.95
0.95
0.94
0.94
0.83
0.71
0.71
0.95
0.95
0.95
0.95
0.94
0.94
0.94
0.94
0.93
0.92
0.92
0.84
0.75
0.70
