97.15
97.15
97.15
97.15
97.15
98.48
98.48
98.48
98.48
98.48
98.48
98.48
98.21
98.21
98.21
98.21
98.65
98.65
98.65
98.65
98.65
98.65
98.65
98.65
98.65
98.65
98.65
98.28
98.28
98.28
98.28
98.28
98.28
98.28
98.28
97.63
97.63
97.63
97.63
97.63
97.63
97.63
96.38
96.38
96.38
96.38
96.38
96.38
96.38
96.38
96.38
95.13
95.13
95.13
95.13
95.13
95.13
95.13
91.73
91.73
91.73
91.73
91.73
91.73
86.96
86.96
86.96
86.96
86.96
86.96
86.96
86.96
89.51
89.51
89.51
89.51
89.51
89.51
89.51
89.51
92.02
92.02
92.02
92.02
92.02
92.02
92.02
92.02
90.33
90.33
90.33
90.33
90.33
90.33
90.33
93.65
93.65
93.65
93.65
93.65
93.65
93.65
93.65
93.65
94.56
94.56
94.56
94.56
94.56
94.71
94.71
94.71
94.71
94.71
94.71
94.71
94.71
95.97
95.97
95.97
95.97
95.97
95.97
95.97
96.57
96.57
96.57
96.57
96.57
96.57
96.57
96.57
96.57
98.23
98.23
98.23
98.23
98.23
98.23
98.23
98.23
97.58
97.58
97.58
97.58
97.58
97.58
97.58
97.58
97.58
97.58
97.58
97.65
97.65
97.65
97.65
97.65
97.65
97.65
97.65
97.65
97.65
97.65
98.15
98.15
98.15
98.15
98.15
98.15
98.15
98.15
98.15
98.57
98.57
98.57
98.57
98.57
98.57
98.57
98.57
97.72
97.72
97.72
97.72
97.72
97.72
97.72
97.72
97.72
97.05
97.05
97.05
97.05
97.05
97.05
97.05
97.05
98.40
98.40
98.40
98.40
98.40
98.16
98.16
98.16
98.16
98.16
98.16
98.16
98.16
98.16
98.39
98.39
98.39
98.39
98.39
98.39
98.39
98.39
98.75
98.75
98.75
98.75
98.75
98.75
98.75
98.75
98.75
98.75
98.75
98.77
98.77
98.77
98.77
98.77
98.77
98.77
98.77
98.79
98.79
98.79
98.79
98.79
98.79
98.79
98.79
98.79
98.79
98.79
98.79
98.79
98.79
98.68
98.68
98.68
98.68
98.68
98.68
98.68
98.68
98.68
98.68
98.68
98.68
98.84
98.84
98.84
98.84
98.84
98.84
98.84
98.84
98.79
98.79
98.79
98.79
98.79
98.54
98.54
98.54
98.54
98.54
98.54
98.54
98.54
98.56
98.56
98.56
98.56
98.56
98.53
98.53
98.53
98.53
98.53
98.53
98.53
98.53
98.53
98.53
98.53
98.06
98.06
98.06
98.06
98.06
98.06
98.06
98.06
98.06
98.06
98.06
96.97
96.97
96.97
96.97
96.97
95.88
95.88
95.88
95.88
97.56
97.56
97.56
97.56
97.56
97.56
97.56
97.56
