98.00
98.00
98.00
98.00
98.00
98.00
98.00
98.00
98.00
98.00
98.00
98.00
98.00
98.00
98.00
98.44
98.44
98.44
98.44
98.44
98.44
98.44
98.44
98.44
98.44
98.44
98.44
98.44
98.44
98.44
98.44
98.44
98.19
98.19
98.19
98.19
98.19
98.19
98.19
98.19
98.19
98.12
98.12
98.12
98.12
98.12
98.12
98.12
98.12
98.31
98.31
98.31
98.31
98.31
98.31
98.31
98.31
97.69
97.69
97.69
97.69
98.12
98.12
98.12
98.12
98.12
98.12
98.12
98.12
98.12
98.12
98.12
98.50
98.50
98.50
98.50
98.50
98.50
98.50
98.50
98.50
98.50
98.50
98.12
98.12
98.12
98.12
98.12
98.12
98.12
97.25
97.25
97.25
97.25
97.25
97.62
97.62
97.62
97.62
97.62
97.62
96.81
96.81
96.81
96.81
96.81
96.81
96.81
96.81
96.81
97.25
97.25
97.25
97.25
97.25
97.25
97.25
97.25
97.25
97.62
97.62
97.62
97.62
97.50
97.50
97.50
97.50
97.50
97.50
97.50
97.50
97.06
97.06
97.06
97.06
97.06
97.06
97.06
97.06
97.06
98.12
98.12
98.12
98.12
98.12
98.12
98.12
98.12
98.12
98.19
98.19
98.19
98.19
98.19
98.19
98.19
98.19
96.69
96.69
96.69
96.69
96.69
96.69
96.69
96.69
96.69
97.00
97.00
97.00
97.00
97.00
97.00
97.00
97.00
97.00
98.00
98.00
98.00
98.00
98.00
98.00
98.00
98.00
96.88
96.88
96.88
96.88
96.88
96.88
96.88
96.88
95.44
95.44
95.44
95.44
95.44
95.44
95.44
95.44
95.44
96.94
96.94
96.94
96.94
96.94
96.94
96.94
96.94
96.94
96.94
96.94
97.62
97.62
97.62
97.62
97.62
97.62
97.62
97.62
97.62
97.62
97.62
94.94
94.94
94.94
94.94
94.94
94.94
94.94
94.94
94.88
94.88
94.88
94.88
94.88
94.88
94.88
94.88
94.88
96.19
96.19
96.19
96.19
96.19
96.19
96.19
96.19
96.19
95.88
95.88
95.88
95.88
97.25
97.25
97.25
97.25
97.25
97.25
97.25
97.25
97.25
97.25
97.25
97.00
97.00
97.00
97.00
97.00
97.00
97.00
97.00
97.00
97.62
97.62
97.62
97.62
98.62
98.62
98.62
98.62
98.62
98.62
98.62
98.69
98.69
98.69
98.69
98.69
98.69
98.69
98.62
98.62
98.62
98.62
98.62
98.62
98.62
98.62
98.62
98.62
98.62
98.06
98.06
98.06
98.06
98.06
98.06
98.06
98.06
98.06
97.06
97.06
97.06
97.06
97.06
97.06
97.06
97.06
97.06
96.06
96.06
96.06
96.06
96.06
96.06
96.06
96.06
94.81
94.81
94.81
94.81
94.81
94.81
90.31
90.31
90.31
90.31
90.31
90.31
90.31
90.31
90.31
91.19
91.19
91.19
91.19
91.19
91.19
91.19
91.19
91.19
91.19
91.19
91.69
91.69
91.69
91.69
91.69
91.69
91.69
91.69
95.31
95.31
95.31
95.31
95.31
95.31
95.31
95.31
95.31
97.00
97.00
97.00
97.00
97.00
97.00
97.00
97.00
97.00
97.00
97.00
98.25
98.25
98.25
98.25
98.25
