69.28
69.28
69.28
69.28
69.28
69.28
69.28
69.28
79.16
79.16
79.16
79.16
79.16
79.16
79.16
79.16
86.36
86.36
86.36
86.36
86.36
86.36
86.36
86.36
86.36
87.21
87.21
87.21
87.21
87.21
87.21
87.21
87.21
87.21
89.97
89.97
89.97
89.97
89.97
89.97
89.97
89.97
91.08
91.08
91.08
91.08
91.08
91.08
91.08
91.08
91.08
93.70
93.70
93.70
93.70
93.70
93.70
93.70
93.70
94.19
94.19
94.19
94.19
94.19
94.19
94.19
94.19
93.44
93.44
93.44
93.44
93.44
93.44
93.44
93.44
93.44
93.44
93.44
95.66
95.66
95.66
95.66
95.66
95.66
95.66
95.66
95.66
96.90
96.90
96.90
96.90
96.90
96.90
96.90
96.90
95.18
95.18
95.18
95.18
95.18
95.18
95.18
95.26
95.26
95.26
95.26
95.26
97.07
97.07
97.07
97.07
97.07
97.07
97.07
97.07
97.07
97.25
97.25
97.25
97.25
97.25
97.25
94.67
94.67
94.67
94.67
94.67
94.67
94.67
94.67
95.52
95.52
95.52
95.52
95.52
95.52
95.52
95.52
95.52
95.52
95.52
96.11
96.11
96.11
96.11
96.11
96.11
96.11
96.13
96.13
96.13
96.13
96.13
96.13
96.13
96.13
93.46
93.46
93.46
93.46
93.46
93.46
93.46
89.26
89.26
89.26
89.26
89.26
89.26
89.26
89.26
89.26
89.59
89.59
89.59
89.59
89.59
89.59
89.48
89.48
89.48
89.48
90.68
90.68
90.68
90.68
90.68
90.68
90.68
90.68
90.80
90.80
90.80
90.80
90.80
90.80
90.80
90.80
90.80
92.12
92.12
92.12
92.12
92.12
92.12
92.12
91.65
91.65
91.65
91.65
91.65
91.65
91.65
91.65
92.75
92.75
92.75
92.75
92.75
92.75
92.75
92.75
93.68
93.68
93.68
93.68
93.68
93.68
93.68
94.59
94.59
94.59
94.59
94.59
94.59
94.59
94.59
95.02
95.02
95.02
95.02
95.02
96.28
96.28
96.28
96.28
96.28
96.28
96.28
96.28
96.28
96.28
96.28
96.97
96.97
96.97
96.97
96.97
96.97
96.97
97.02
97.02
97.02
97.02
97.02
97.02
97.02
97.02
97.47
97.47
97.47
97.47
97.47
97.47
97.47
97.98
97.98
97.98
97.98
97.98
97.98
97.98
97.98
97.98
97.98
97.98
97.98
97.98
97.98
98.09
98.09
98.09
98.09
98.09
98.09
98.09
98.09
98.09
98.09
98.27
98.27
98.27
98.27
98.27
98.27
97.94
97.94
97.94
97.94
97.94
97.89
97.89
97.89
97.89
97.89
97.89
97.89
97.89
98.03
98.03
98.03
98.03
98.03
97.96
97.96
97.96
97.96
97.96
97.96
97.96
97.96
97.96
96.55
96.55
96.55
96.55
96.55
96.55
96.55
96.55
96.55
96.55
96.55
97.13
97.13
97.13
97.13
