98.25
98.25
98.25
98.25
98.25
98.25
98.25
98.25
98.25
98.25
98.25
98.38
98.38
98.38
98.38
98.38
98.38
98.38
98.38
98.38
98.38
98.38
98.38
98.38
98.38
98.00
98.00
98.00
98.00
98.00
98.00
98.00
98.00
97.50
97.50
97.50
97.50
97.50
97.50
97.50
97.50
97.50
97.81
97.81
97.81
97.81
97.81
96.56
96.56
96.56
96.56
96.56
96.56
96.56
95.25
95.25
95.25
95.25
95.25
95.25
95.25
95.25
95.25
95.25
95.25
95.31
95.31
95.31
95.31
95.31
95.31
95.31
95.31
94.94
94.94
94.94
94.94
94.94
94.94
94.94
94.94
94.94
94.94
94.94
96.88
96.88
96.88
96.88
96.88
96.88
96.88
96.88
97.31
97.31
97.31
97.31
97.31
97.31
97.31
97.31
97.88
97.88
97.88
97.88
97.88
97.88
97.88
98.00
98.00
98.00
98.00
98.06
98.06
98.06
98.06
98.06
98.06
98.06
98.06
97.62
97.62
97.62
97.62
97.62
97.62
97.62
97.62
97.44
97.44
97.44
97.44
97.44
97.50
97.50
97.50
97.50
97.50
97.50
97.50
98.38
98.38
98.38
98.38
98.38
98.38
98.38
98.38
98.38
98.38
98.38
98.38
98.25
98.25
98.25
98.25
98.25
97.94
97.94
97.94
97.94
97.94
97.94
97.94
97.94
97.56
97.56
97.56
97.56
97.56
97.56
97.56
97.56
98.50
98.50
98.50
98.50
98.50
98.50
98.50
98.50
98.62
98.62
98.62
98.62
98.62
98.62
98.62
98.56
98.56
98.56
98.56
98.56
98.56
98.56
98.56
98.56
98.56
98.56
98.56
98.56
98.56
98.56
98.56
97.19
97.19
97.19
97.19
97.19
97.19
97.19
97.19
93.31
93.31
93.31
93.31
93.31
92.44
92.44
92.44
92.44
92.44
92.44
92.44
92.44
92.31
92.31
92.31
92.31
92.31
92.31
92.31
92.31
92.31
95.00
95.00
95.00
95.00
95.00
96.44
96.44
96.44
96.44
96.44
96.44
96.44
96.44
98.00
98.00
98.00
98.00
98.00
98.00
98.00
98.00
98.00
98.50
98.50
98.50
98.50
98.50
98.50
98.50
98.50
98.50
98.50
98.50
98.31
98.31
98.31
98.31
98.31
98.31
98.31
98.31
98.31
98.19
98.19
98.19
98.19
98.00
98.00
98.00
98.00
98.00
98.00
98.00
98.00
98.00
98.06
98.06
98.06
98.06
98.06
98.06
98.00
98.00
98.00
98.00
98.00
98.06
98.06
98.06
98.06
98.06
98.06
98.06
98.06
98.06
98.06
98.06
98.06
97.88
97.88
97.88
97.88
97.88
97.88
97.88
97.81
97.81
97.81
97.81
97.81
97.31
97.31
97.31
97.31
97.31
97.31
97.31
97.31
97.31
97.31
97.06
97.06
97.06
97.06
97.06
97.06
97.06
97.06
97.06
97.06
97.06
97.06
97.06
97.06
96.69
96.69
96.69
96.69
96.69
96.69
96.69
96.69
96.69
95.50
95.50
95.50
95.50
95.50
95.50
95.50
95.50
93.19
93.19
93.19
93.19
93.19
93.19
92.12
92.12
92.12
92.12
92.12
92.12
92.12
92.12
90.44
90.44
90.44
90.44
87.38
87.38
87.38
87.38
87.38
87.38
87.38
87.38
84.44
84.44
84.44
84.44
84.44
84.44
81.62
81.62
81.62
81.62
81.62
81.62
81.62
