0.21
0.24
0.21
0.20
0.21
0.21
0.24
0.14
0.17
0.16
0.20
0.24
0.24
0.24
0.24
0.24
0.24
0.24
0.23
0.24
0.24
0.24
0.24
0.24
0.23
0.24
0.24
0.23
0.21
0.25
0.25
0.25
0.23
0.24
0.24
0.23
0.23
0.23
0.22
0.22
0.20
0.25
0.25
0.25
0.22
0.24
0.17
0.15
0.27
0.27
0.28
0.25
0.26
0.24
0.27
0.18
0.17
0.16
0.19
0.28
0.28
0.28
0.26
0.27
0.25
0.29
0.24
0.32
0.27
0.27
0.27
0.24
0.25
0.24
0.26
0.13
0.16
0.16
0.19
0.27
0.27
0.27
0.25
0.26
0.29
0.30
0.29
0.26
0.27
0.21
0.25
0.23
0.38
0.39
0.39
0.35
0.37
0.33
0.30
0.32
0.30
0.34
0.22
0.29
0.38
0.38
0.38
0.33
0.35
0.30
0.34
0.39
0.42
0.40
0.35
0.37
0.32
0.27
0.30
0.28
0.32
0.21
0.27
0.54
0.53
0.54
0.49
0.52
0.46
0.41
0.43
0.40
0.45
0.38
0.60
0.61
0.61
0.58
0.60
0.54
0.57
0.57
0.51
0.61
0.61
0.62
0.58
0.61
0.60
0.58
0.60
0.56
0.58
0.60
0.62
0.59
0.58
0.59
0.55
0.48
0.53
0.61
0.57
0.59
0.53
0.54
0.51
0.52
0.51
0.45
0.49
0.43
0.44
0.43
0.39
0.39
0.39
0.35
0.37
0.32
0.36
0.38
0.33
0.35
0.36
0.35
0.32
0.34
0.30
0.34
0.28
0.37
0.35
0.37
0.35
0.32
0.34
0.30
0.34
0.27
0.36
0.38
0.36
0.38
0.34
0.36
0.31
0.35
0.38
0.37
0.38
0.34
0.36
0.31
0.27
0.29
0.40
0.39
0.40
0.36
0.38
0.33
0.28
0.31
0.30
0.33
0.28
0.39
0.39
0.39
0.36
0.38
0.33
0.30
0.32
0.31
0.33
0.30
0.36
0.38
0.36
0.33
0.35
0.32
0.28
0.30
0.28
0.31
0.21
0.28
0.37
0.37
0.37
0.35
0.35
0.31
0.31
0.29
0.33
0.33
0.33
0.30
0.31
0.29
0.33
0.27
0.29
0.33
0.33
0.33
0.30
0.31
0.28
0.31
0.26
0.26
0.30
0.31
0.30
0.27
0.28
0.27
0.27
0.24
0.29
0.31
0.30
0.27
0.28
0.26
0.30
0.26
0.24
0.21
0.25
0.32
0.33
0.32
0.30
0.31
0.28
0.25
0.29
0.29
0.30
0.27
0.27
0.29
0.27
0.25
0.26
0.25
0.22
0.15
0.25
0.28
0.25
0.23
0.24
0.23
0.12
0.11
0.25
0.27
0.25
0.23
0.24
0.22
0.12
0.13
0.09
0.11
0.29
0.29
0.29
0.28
