98.56
98.56
98.56
98.56
98.56
98.56
98.56
97.56
97.56
97.56
97.56
97.56
94.53
94.53
94.53
94.53
92.29
92.29
92.29
92.29
92.29
92.30
92.30
92.30
92.30
92.30
92.30
92.30
92.30
90.73
90.73
90.73
90.73
93.29
93.29
93.29
93.29
93.29
93.29
93.29
93.29
97.51
97.51
97.51
97.51
97.51
97.51
97.51
97.51
97.51
97.65
97.65
97.65
97.65
97.65
97.65
97.65
97.65
97.91
97.91
97.91
97.91
97.91
97.91
97.91
97.91
96.87
96.87
96.87
96.87
96.87
96.87
96.87
97.08
97.08
97.08
97.08
97.08
97.08
97.08
97.08
97.08
95.43
95.43
95.43
95.43
95.43
95.83
95.83
95.83
95.83
95.83
97.53
97.53
97.53
97.53
97.53
97.53
97.53
97.53
97.53
97.53
97.53
97.53
97.53
97.53
96.05
96.05
96.05
96.05
96.05
96.05
96.05
96.05
96.05
92.21
92.21
92.21
92.21
92.21
92.21
92.21
92.21
96.64
96.64
96.64
96.64
96.64
96.64
96.64
96.64
96.64
95.98
95.98
95.98
95.98
95.98
95.98
97.90
97.90
97.90
97.90
97.90
97.90
98.68
98.68
98.68
98.68
98.68
98.68
98.68
98.68
98.51
98.51
98.51
98.51
98.51
98.51
98.51
98.51
98.51
98.80
98.80
98.80
98.80
98.80
98.80
98.80
98.80
98.81
98.81
98.81
98.81
98.81
98.81
98.81
98.81
98.81
98.81
98.81
98.81
98.59
98.59
98.59
98.59
98.59
98.59
98.59
98.59
97.82
97.82
97.82
97.82
97.82
97.82
97.82
97.82
97.82
97.82
97.82
97.82
95.80
95.80
95.80
95.80
95.80
95.80
95.80
95.80
92.38
92.38
92.38
92.38
92.38
93.11
93.11
93.11
93.11
93.11
93.11
93.11
93.11
93.11
90.62
90.62
90.62
90.62
90.62
90.62
90.62
94.81
94.81
94.81
94.81
94.81
94.81
94.81
96.90
96.90
96.90
96.90
96.90
96.90
96.90
96.90
97.73
97.73
97.73
97.73
98.23
98.23
98.23
98.23
98.23
98.23
98.23
98.23
97.35
97.35
97.35
97.35
97.03
97.03
97.03
97.03
