96.61
96.61
96.61
96.61
96.61
96.61
96.61
96.61
96.61
97.33
97.33
97.33
97.33
97.33
97.33
97.33
97.33
97.84
97.84
97.84
97.84
97.84
97.84
97.84
97.57
97.57
97.57
97.57
97.57
97.57
97.57
97.57
97.57
97.57
97.57
97.57
97.57
97.57
97.83
97.83
97.83
97.83
97.83
97.83
97.83
97.29
97.29
97.29
97.29
97.29
97.29
97.29
97.29
96.89
96.89
96.89
96.89
96.89
96.89
96.89
94.68
94.68
94.68
94.68
94.68
94.68
93.51
93.51
93.51
93.51
93.51
93.51
93.51
93.51
92.68
92.68
92.68
92.68
92.68
92.68
92.68
92.68
92.68
91.98
91.98
91.98
91.98
91.98
91.98
91.71
91.71
91.71
91.71
91.71
91.71
91.71
93.00
93.00
93.00
93.00
93.00
93.00
93.00
93.00
95.60
95.60
95.60
95.60
95.60
95.60
95.60
95.60
96.26
96.26
96.26
96.26
96.26
96.26
96.26
96.26
96.87
96.87
96.87
96.87
96.87
96.87
96.87
96.87
96.87
