92.50
92.50
92.50
92.50
92.50
92.50
92.50
92.50
96.84
96.84
96.84
96.84
96.84
96.84
96.84
96.84
96.84
97.74
97.74
97.74
97.74
97.74
97.74
97.74
97.74
97.74
97.74
97.74
97.74
97.76
97.76
97.76
97.76
97.76
97.76
97.76
97.76
97.74
97.74
97.74
97.74
97.74
97.74
97.74
97.74
96.71
96.71
96.71
96.71
96.71
96.71
96.71
95.70
95.70
95.70
95.70
95.70
95.70
93.49
93.49
93.49
93.49
93.49
93.49
93.49
93.49
93.49
93.52
93.52
93.52
93.52
94.28
94.28
94.28
94.28
94.28
94.28
94.28
94.28
94.81
94.81
94.81
94.81
94.81
94.81
94.81
94.81
94.81
93.79
93.79
93.79
93.79
93.79
93.79
93.79
93.79
93.79
95.46
95.46
95.46
95.46
95.46
95.46
96.60
96.60
96.60
96.60
96.60
96.60
96.60
96.60
96.19
96.19
96.19
96.19
96.19
96.19
96.19
96.19
96.80
96.80
96.80
96.80
96.80
96.80
96.80
96.80
97.25
97.25
97.25
97.25
97.25
97.25
97.25
97.25
97.25
97.25
97.25
96.82
96.82
96.82
96.82
96.82
96.82
96.82
96.82
