0.93
0.93
0.92
0.92
0.91
0.90
0.90
0.90
0.90
0.89
0.89
0.88
0.89
0.89
0.90
0.87
0.90
0.79
0.92
0.92
0.92
0.91
0.91
0.89
0.88
0.88
0.92
0.92
0.92
0.91
0.92
0.87
0.81
0.81
0.93
0.93
0.93
0.92
0.92
0.89
0.90
0.92
0.92
0.92
0.92
0.91
0.90
0.88
0.88
0.91
0.91
0.91
0.90
0.90
0.89
0.87
0.92
0.92
0.91
0.91
0.90
0.91
0.90
0.93
0.93
0.93
0.93
0.91
0.93
0.91
0.91
0.90
0.91
0.88
0.90
0.91
0.91
0.90
0.90
0.89
0.86
0.84
0.81
0.82
0.88
0.87
0.87
0.85
0.85
0.79
0.75
0.68
0.53
0.48
0.67
0.90
0.90
0.89
0.89
0.87
0.85
0.82
0.78
0.68
0.65
0.78
0.90
0.90
0.91
0.91
0.93
0.94
0.94
0.93
0.93
0.93
0.91
0.91
0.91
0.91
0.88
0.91
0.93
0.93
0.93
0.92
0.92
0.92
0.93
0.90
0.92
0.81
0.76
0.68
0.60
0.94
0.95
0.95
0.94
0.95
0.94
0.93
0.92
0.92
0.92
0.91
0.95
0.95
0.95
0.95
0.95
0.94
0.93
0.92
0.95
0.95
0.95
0.95
0.94
0.94
0.93
0.92
0.94
0.95
0.95
0.94
0.94
0.95
0.95
0.95
0.95
0.95
0.94
0.92
0.92
0.92
0.92
0.91
0.95
0.95
0.95
0.95
0.94
0.93
0.95
0.95
0.94
0.94
0.93
0.94
0.93
0.93
0.92
0.92
0.90
0.92
0.94
0.93
0.93
0.92
0.92
0.86
0.81
0.78
0.76
0.93
0.93
0.93
0.93
0.92
0.92
0.90
0.90
0.93
0.93
0.92
0.92
0.91
0.90
0.92
0.91
0.91
0.90
0.89
0.86
0.84
0.78
0.75
0.90
0.90
0.89
0.89
0.88
0.86
0.83
0.83
0.89
0.89
0.89
0.88
0.87
0.86
0.83
0.81
0.80
0.89
0.89
0.89
0.88
0.87
0.82
0.91
0.91
0.91
0.90
0.90
0.83
0.85
0.93
0.93
0.92
0.90
0.90
0.76
0.75
0.89
0.88
0.89
0.87
