98.42
98.42
98.42
98.42
98.42
98.42
98.42
98.42
98.42
98.42
98.38
98.38
98.38
98.38
98.38
98.38
98.38
98.38
97.36
97.36
97.36
97.36
97.36
97.36
97.36
97.36
97.36
95.14
95.14
95.14
95.14
95.14
95.14
95.14
95.14
95.74
95.74
95.74
95.74
95.74
92.80
92.80
92.80
92.80
92.80
92.80
92.80
92.80
92.80
92.80
92.80
92.29
92.29
92.29
92.29
92.29
92.29
92.29
92.29
92.29
92.29
91.51
91.51
91.51
91.51
91.51
91.51
91.51
91.51
91.51
94.41
94.41
94.41
94.41
94.41
94.41
94.41
94.41
94.41
94.41
95.76
95.76
95.76
95.76
95.76
95.76
95.76
95.76
95.76
95.76
95.76
98.09
98.09
98.09
98.09
98.09
98.09
98.09
98.61
98.61
98.61
98.61
98.61
98.61
98.61
98.61
98.82
98.82
98.82
98.82
98.82
98.82
98.82
98.82
98.82
98.82
98.82
98.83
98.83
98.83
98.83
98.83
98.83
98.83
98.86
98.86
98.86
98.86
98.86
98.86
98.86
98.86
98.80
98.80
98.80
98.80
98.80
98.80
98.80
98.80
