0.85
0.85
0.84
0.83
0.81
0.78
0.75
0.65
0.52
0.49
0.68
0.84
0.84
0.84
0.82
0.81
0.83
0.83
0.83
0.80
0.80
0.73
0.69
0.61
0.66
0.84
0.84
0.84
0.82
0.83
0.79
0.79
0.87
0.87
0.86
0.84
0.84
0.78
0.71
0.72
0.86
0.86
0.86
0.82
0.83
0.73
0.70
0.67
0.65
0.87
0.87
0.86
0.84
0.84
0.81
0.76
0.77
0.88
0.88
0.88
0.86
0.86
0.87
0.87
0.87
0.85
0.88
0.88
0.89
0.86
0.87
0.82
0.77
0.77
0.89
0.89
0.89
0.87
0.91
0.91
0.91
0.90
0.90
0.86
0.82
0.82
0.81
0.82
0.78
0.91
0.91
0.91
0.89
0.91
0.91
0.91
0.91
0.90
0.90
0.82
0.78
0.75
0.73
0.91
0.91
0.91
0.89
0.90
0.83
0.76
0.76
0.92
0.92
0.92
0.91
0.91
0.83
0.79
0.72
0.76
0.92
0.92
0.92
0.90
0.91
0.81
0.72
0.78
0.91
0.91
0.91
0.90
0.91
0.85
0.79
0.79
0.92
0.92
0.92
0.91
0.91
0.92
0.92
0.92
0.91
0.91
0.84
0.80
0.75
0.58
0.54
0.72
0.91
0.91
0.91
0.90
0.90
0.81
0.76
0.66
0.71
0.91
0.91
0.91
0.90
0.90
0.86
0.81
0.81
0.92
0.92
0.92
0.91
0.91
0.87
0.80
0.79
0.79
0.77
0.92
0.92
0.92
0.91
0.91
0.91
0.91
0.91
0.89
0.90
0.81
0.75
0.67
0.47
0.41
0.66
0.90
0.90
0.91
0.90
0.90
0.85
0.85
0.92
0.92
0.92
0.91
0.91
0.85
0.78
0.82
0.91
0.91
0.91
0.90
0.90
0.83
0.78
0.69
0.60
0.90
0.90
0.90
0.89
0.89
0.83
0.82
