92.25
92.25
92.25
92.25
92.25
92.25
92.25
92.25
92.43
92.43
92.43
92.43
92.43
92.43
92.43
94.18
94.18
94.18
94.18
94.18
94.18
94.18
94.18
94.18
95.06
95.06
95.06
95.06
95.06
95.06
95.06
94.94
94.94
94.94
94.94
94.94
95.15
95.15
95.15
95.15
95.15
95.15
95.15
95.15
95.15
95.73
95.73
95.73
95.73
95.73
95.73
95.73
95.73
95.73
95.69
95.69
95.69
95.69
95.69
95.69
95.69
93.94
93.94
93.94
93.94
93.94
93.94
93.94
93.94
93.94
94.78
94.78
94.78
94.78
94.78
93.46
93.46
93.46
93.46
93.46
93.46
93.46
93.46
90.78
90.78
90.78
90.78
91.03
91.03
91.03
91.03
91.03
91.03
91.03
91.03
89.95
89.95
89.95
89.95
89.95
89.95
89.95
89.95
89.95
90.88
90.88
90.88
90.88
90.88
90.88
90.88
90.88
91.89
91.89
91.89
91.89
91.89
91.89
91.89
91.89
91.89
91.89
91.89
89.99
89.99
89.99
89.99
89.99
89.99
89.99
91.11
91.11
91.11
91.11
91.11
91.11
91.11
91.11
91.11
91.11
91.11
89.71
89.71
89.71
89.71
89.71
89.71
89.71
89.71
89.71
89.77
89.77
89.77
89.77
89.77
89.77
89.77
89.77
89.77
91.03
91.03
91.03
91.03
91.03
91.03
91.03
91.03
91.03
91.64
91.64
91.64
91.64
91.64
91.64
91.64
91.64
94.14
94.14
94.14
94.14
94.14
94.14
94.14
94.14
94.14
96.88
96.88
96.88
96.88
96.88
96.88
96.88
96.88
96.88
96.88
96.88
97.20
97.20
97.20
97.20
97.20
97.20
97.20
97.20
97.20
97.20
97.83
97.83
97.83
97.83
97.83
97.83
97.83
97.83
97.83
97.83
97.83
97.83
97.36
97.36
97.36
97.36
97.36
97.36
97.36
96.27
96.27
96.27
96.27
96.27
96.27
96.27
96.27
96.00
96.00
96.00
96.00
96.29
96.29
96.29
96.29
96.29
96.29
96.29
96.29
97.07
97.07
97.07
97.07
97.07
97.07
97.07
97.07
97.58
97.58
97.58
97.58
97.58
97.58
97.58
97.58
97.58
97.58
97.58
97.08
97.08
97.08
97.08
97.08
96.65
96.65
96.65
96.65
96.65
96.65
96.65
96.65
96.65
96.65
96.68
96.68
96.68
96.68
96.68
96.68
96.68
96.99
96.99
96.99
96.99
96.99
96.99
96.99
96.99
96.06
96.06
96.06
96.06
96.81
96.81
96.81
96.81
96.81
96.81
96.81
96.81
96.81
96.81
96.81
97.09
97.09
97.09
97.09
97.09
97.09
97.09
94.83
94.83
94.83
94.83
94.83
94.83
94.83
94.83
92.28
92.28
92.28
92.28
92.28
92.28
92.28
92.28
90.10
90.10
90.10
90.10
90.10
90.10
90.10
90.10
92.19
92.19
92.19
92.19
94.43
94.43
94.43
94.43
94.43
94.43
94.43
94.43
94.43
