92.80
92.80
92.80
92.80
92.80
92.80
91.95
91.95
91.95
91.95
91.95
91.95
91.95
91.49
91.49
91.49
91.49
91.49
91.49
87.76
87.76
87.76
87.76
87.76
87.76
87.76
87.65
87.65
87.65
87.65
87.65
87.65
87.65
87.65
87.65
84.44
84.44
84.44
84.44
84.44
84.44
84.44
85.96
85.96
85.96
85.96
85.96
85.96
85.44
85.44
85.44
85.44
85.44
85.44
85.44
85.44
85.44
85.44
85.44
86.37
86.37
86.37
86.37
86.37
86.37
86.37
86.37
82.93
82.93
82.93
82.93
82.93
84.38
84.38
84.38
84.38
84.38
84.38
84.38
84.38
84.38
87.07
87.07
87.07
87.07
87.07
87.07
91.75
91.75
91.75
91.75
91.75
91.75
91.75
91.75
91.75
93.68
93.68
93.68
93.68
93.68
93.68
93.68
93.68
94.66
94.66
94.66
94.66
94.66
94.66
94.66
94.66
93.26
93.26
93.26
93.26
93.26
93.26
93.26
94.31
94.31
94.31
94.31
94.31
94.31
94.31
94.34
94.34
94.34
94.34
94.34
94.34
94.34
94.34
94.34
95.48
95.48
95.48
95.48
95.48
95.48
95.48
95.48
95.48
95.48
95.82
95.82
95.82
95.82
95.82
95.82
95.82
96.93
96.93
96.93
96.93
96.93
96.93
96.93
96.93
96.93
96.93
96.93
96.61
96.61
96.61
96.61
96.61
96.61
96.61
96.61
97.67
97.67
97.67
97.67
97.67
97.67
97.67
97.67
97.67
97.67
95.97
95.97
95.97
95.97
95.97
95.97
95.97
95.66
95.66
95.66
95.66
95.37
95.37
95.37
95.37
95.37
95.37
95.37
95.37
95.37
95.37
95.37
95.37
95.37
95.37
91.96
91.96
91.96
91.96
91.96
91.96
91.96
91.96
91.96
86.08
86.08
86.08
86.08
86.08
86.08
86.08
86.08
83.04
83.04
83.04
83.04
83.04
83.04
83.04
83.04
75.10
75.10
75.10
75.10
75.10
75.10
75.10
75.10
75.10
75.89
75.89
75.89
75.89
75.89
75.89
75.89
75.33
75.33
75.33
75.33
75.33
75.33
75.33
70.45
70.45
70.45
70.45
70.45
70.45
70.45
70.45
70.45
73.53
73.53
73.53
73.53
