54.87
54.87
54.87
54.87
54.87
54.87
54.87
54.87
54.87
57.84
57.84
57.84
57.84
57.84
57.84
57.84
57.84
57.84
57.84
57.84
66.28
66.28
66.28
66.28
66.28
66.28
66.28
66.28
68.34
68.34
68.34
68.34
68.34
68.34
68.34
68.34
68.34
68.34
68.34
73.44
73.44
73.44
73.44
73.44
83.75
83.75
83.75
83.75
83.75
83.75
83.75
87.39
87.39
87.39
87.39
87.39
87.39
87.39
87.39
87.39
87.39
87.39
89.88
89.88
89.88
89.88
89.88
89.88
89.88
89.88
87.63
87.63
87.63
87.63
87.63
87.63
87.63
87.63
87.63
88.38
88.38
88.38
88.38
88.38
85.15
85.15
85.15
85.15
85.15
86.80
86.80
86.80
86.80
86.80
86.80
86.80
86.80
86.80
86.80
86.80
87.40
87.40
87.40
87.40
87.40
87.40
87.40
87.40
91.40
91.40
91.40
91.40
91.40
91.40
91.40
93.62
93.62
93.62
93.62
93.62
93.62
93.62
92.50
92.50
92.50
92.50
92.50
92.52
92.52
92.52
92.52
92.52
92.52
92.52
90.25
90.25
90.25
90.25
90.25
90.25
90.25
90.25
89.42
89.42
89.42
89.42
89.42
89.42
89.42
89.42
89.42
89.42
89.42
88.70
88.70
88.70
88.70
88.70
88.70
88.70
88.70
88.70
86.92
86.92
86.92
86.92
86.92
86.92
85.04
85.04
85.04
85.04
85.04
85.04
85.04
85.04
85.04
83.02
83.02
83.02
83.02
83.02
83.02
83.02
83.02
83.02
77.61
77.61
77.61
77.61
77.61
77.61
77.61
68.22
68.22
68.22
68.22
68.22
68.22
68.22
68.22
68.22
65.63
65.63
65.63
65.63
65.63
65.63
65.63
57.65
57.65
57.65
57.65
57.65
57.65
57.65
57.65
57.65
55.39
55.39
55.39
55.39
55.39
55.39
55.39
55.39
55.39
51.81
51.81
51.81
51.81
51.81
51.81
51.81
