51.64
51.64
51.64
51.64
51.64
51.64
51.64
56.73
56.73
56.73
56.73
56.73
61.99
61.99
61.99
61.99
61.99
61.99
61.99
61.99
62.85
62.85
62.85
62.85
62.85
70.08
70.08
70.08
70.08
70.08
70.08
70.08
70.08
70.08
80.04
80.04
80.04
80.04
80.04
85.17
85.17
85.17
85.17
85.17
85.17
85.17
85.17
85.17
85.17
85.17
85.17
88.57
88.57
88.57
88.57
88.57
88.57
88.57
90.21
90.21
90.21
90.21
90.21
90.21
90.21
90.21
90.21
90.21
90.21
94.01
94.01
94.01
94.01
94.01
94.01
94.01
93.79
93.79
93.79
93.79
93.79
93.79
93.79
96.03
96.03
96.03
96.03
96.03
96.03
96.03
96.03
95.29
95.29
95.29
95.29
95.29
95.29
95.29
95.29
94.25
94.25
94.25
94.25
94.25
94.25
94.25
94.25
92.87
92.87
92.87
92.87
92.87
92.87
91.10
91.10
91.10
91.10
91.10
86.31
86.31
86.31
86.31
75.53
75.53
75.53
75.53
67.73
67.73
67.73
67.73
67.73
67.73
67.73
67.73
67.73
61.23
61.23
61.23
61.23
61.23
61.23
61.23
61.23
61.23
58.52
58.52
58.52
58.52
51.92
51.92
51.92
51.92
51.92
51.92
51.92
51.92
56.24
56.24
56.24
56.24
56.24
56.24
56.24
56.24
53.45
53.45
53.45
53.45
53.45
53.45
63.03
63.03
63.03
63.03
63.03
63.03
60.01
60.01
60.01
60.01
60.01
60.01
60.01
60.01
60.01
