98.05
98.05
98.05
98.05
98.05
98.05
98.05
98.05
98.15
98.15
98.15
98.15
98.15
98.15
98.15
98.15
98.52
98.52
98.52
98.52
98.52
98.53
98.53
98.53
98.53
98.53
98.53
98.53
98.53
98.53
97.68
97.68
97.68
97.68
97.68
97.68
97.68
97.68
97.68
96.43
96.43
96.43
96.43
96.43
96.43
96.43
95.01
95.01
95.01
95.01
95.01
95.01
95.01
95.01
95.01
94.63
94.63
94.63
94.63
94.63
94.63
94.63
94.63
95.21
95.21
95.21
95.21
95.21
95.21
95.21
96.74
96.74
96.74
96.74
96.74
96.79
96.79
96.79
96.79
96.79
96.79
96.79
97.74
97.74
97.74
97.74
97.74
97.74
97.74
97.74
97.74
97.74
97.74
97.94
97.94
97.94
97.94
97.94
97.94
97.94
97.94
97.94
97.73
97.73
97.73
97.73
97.73
97.73
97.73
97.73
96.19
96.19
96.19
96.19
96.19
96.19
96.19
96.19
95.78
95.78
95.78
95.78
95.78
93.67
93.67
93.67
93.67
93.67
93.67
93.67
93.67
94.65
94.65
94.65
94.65
94.65
94.65
94.65
94.65
95.26
95.26
95.26
95.26
95.26
95.26
95.26
95.26
95.26
95.93
95.93
95.93
95.93
95.93
95.93
95.93
95.93
96.38
96.38
96.38
96.38
96.38
96.38
96.38
96.38
96.38
97.10
97.10
97.10
97.10
97.10
97.10
97.10
