88.09
88.09
88.09
88.09
88.09
88.09
88.09
88.09
91.57
91.57
91.57
91.57
91.57
91.57
91.57
91.57
91.57
91.57
91.57
91.57
94.71
94.71
94.71
94.71
94.71
94.71
94.71
94.71
94.89
94.89
94.89
94.89
94.89
94.89
94.89
94.89
94.89
94.89
94.89
94.89
94.89
94.89
96.96
96.96
96.96
96.96
96.96
96.96
96.96
96.96
96.96
96.96
96.96
96.91
96.91
96.91
96.91
96.91
96.91
96.66
96.66
96.66
96.66
96.66
96.66
96.66
96.66
96.66
97.35
97.35
97.35
97.35
97.35
97.35
97.35
97.35
96.99
96.99
96.99
96.99
96.99
96.99
96.99
96.99
96.99
96.99
96.99
94.87
94.87
94.87
94.87
94.87
94.87
94.87
94.87
94.87
95.47
95.47
95.47
95.47
95.47
95.47
95.47
95.47
95.47
95.55
95.55
95.55
95.55
95.55
95.55
95.55
95.55
97.13
97.13
97.13
97.13
97.13
97.13
97.13
98.22
98.22
98.22
98.22
98.22
98.22
98.22
95.94
95.94
95.94
95.94
95.94
95.94
95.94
95.94
95.94
95.94
95.94
95.94
97.55
97.55
97.55
97.55
97.55
97.55
97.55
97.55
97.55
97.55
97.55
97.55
95.20
95.20
95.20
95.20
95.20
95.20
95.20
95.20
94.56
94.56
94.56
94.56
93.79
93.79
93.79
93.79
93.79
93.79
93.79
93.79
96.32
96.32
96.32
96.32
96.32
96.32
96.32
96.32
98.46
98.46
98.46
98.46
98.46
98.46
98.46
98.46
98.46
98.46
98.46
98.46
98.46
98.46
98.01
98.01
98.01
98.01
98.01
98.01
98.01
98.01
98.01
98.56
98.56
98.56
98.56
98.56
98.56
98.56
98.20
98.20
98.20
98.20
98.20
98.20
98.20
98.20
98.20
98.20
98.20
98.01
98.01
98.01
98.01
98.01
98.01
98.63
98.63
98.63
98.63
98.63
98.63
98.63
98.63
98.63
98.63
98.63
98.63
98.15
98.15
98.15
98.15
98.15
98.15
98.15
98.15
98.15
98.15
98.15
98.50
98.50
98.50
98.50
98.50
98.50
98.50
98.50
98.50
98.50
98.50
98.50
98.67
98.67
98.67
98.67
98.67
98.67
98.67
98.36
98.36
98.36
98.36
98.36
98.36
98.36
98.36
98.36
98.47
98.47
98.47
98.47
98.47
98.47
98.47
98.47
98.47
98.69
98.69
98.69
98.69
98.69
98.69
98.69
98.49
98.49
98.49
98.49
98.49
98.49
98.49
98.49
98.40
98.40
98.40
98.40
98.40
98.40
98.40
98.40
98.08
98.08
98.08
98.08
98.08
98.08
98.08
98.08
97.22
97.22
97.22
97.22
97.22
97.22
97.22
97.22
97.22
97.22
97.22
97.47
97.47
97.47
97.47
97.47
97.47
98.44
98.44
98.44
98.44
98.44
98.44
98.44
98.44
98.44
98.37
98.37
98.37
98.37
98.37
98.37
98.37
98.37
98.37
98.37
98.37
97.49
97.49
97.49
97.49
97.49
97.49
