0.85
0.84
0.84
0.83
0.82
0.76
0.72
0.68
0.65
0.81
0.81
0.80
0.79
0.78
0.74
0.72
0.61
0.49
0.45
0.64
0.76
0.75
0.75
0.73
0.70
0.69
0.69
0.69
0.68
0.67
0.67
0.65
0.65
0.61
0.59
0.59
0.63
0.61
0.62
0.59
0.59
0.57
0.54
0.53
0.54
0.50
0.52
0.48
0.42
0.49
0.53
0.52
0.53
0.49
0.50
0.46
0.47
0.40
0.38
0.48
0.47
0.48
0.45
0.46
0.42
0.43
0.35
0.33
0.44
0.43
0.44
0.41
0.42
0.38
0.38
0.35
0.43
0.43
0.43
0.40
0.41
0.38
0.35
0.35
0.35
0.37
0.29
0.34
0.43
0.43
0.43
0.41
0.41
0.39
0.41
0.34
0.41
0.43
0.42
0.43
0.41
0.40
0.38
0.41
0.41
0.38
0.44
0.44
0.44
0.42
0.42
0.40
0.42
0.42
0.41
0.42
0.41
0.42
0.40
0.40
0.38
0.41
0.41
0.37
0.42
0.44
0.43
0.40
0.41
0.39
0.44
0.36
0.45
0.44
0.45
0.42
0.42
0.40
0.42
0.45
0.46
0.46
0.44
0.44
0.42
0.45
0.46
0.43
0.43
0.44
0.44
0.40
0.41
0.37
0.45
0.44
0.45
0.43
0.54
0.52
0.53
0.49
0.51
0.56
0.56
0.56
0.53
0.65
0.65
0.65
0.60
0.62
0.60
0.70
0.70
0.70
0.67
0.70
0.63
0.61
0.59
0.55
0.70
0.70
0.70
0.67
0.68
0.63
0.58
0.60
0.59
0.59
0.52
0.70
0.70
0.70
0.67
0.68
0.63
0.63
0.62
0.68
0.67
0.67
0.65
0.67
0.62
0.60
0.54
0.43
0.37
0.55
0.69
0.69
0.70
0.67
0.69
0.64
0.61
0.57
0.50
0.71
0.70
0.70
0.68
0.69
0.65
0.60
0.61
0.67
0.66
0.67
0.65
0.65
0.63
0.61
0.56
0.48
0.43
0.58
0.66
0.66
0.67
0.65
0.66
0.62
0.60
0.58
0.55
0.68
0.68
0.69
0.67
0.68
0.64
0.61
0.61
0.56
