74.62
74.62
74.62
74.62
74.62
74.62
74.62
74.62
74.62
74.62
74.62
73.75
73.75
73.75
73.75
73.77
73.77
73.77
73.77
73.77
73.77
73.77
78.96
78.96
78.96
78.96
84.66
84.66
84.66
84.66
84.66
84.66
84.66
84.66
84.66
85.70
85.70
85.70
85.70
85.70
85.70
87.77
87.77
87.77
87.77
87.77
87.77
87.77
89.09
89.09
89.09
89.09
89.09
88.09
88.09
88.09
88.09
88.09
88.09
88.09
89.61
89.61
89.61
89.61
89.61
89.61
89.61
89.61
89.61
89.61
89.61
89.60
89.60
89.60
89.60
89.60
89.13
89.13
89.13
89.13
89.13
89.13
89.13
89.13
87.91
87.91
87.91
87.91
87.91
87.50
87.50
87.50
87.50
87.50
87.28
87.28
87.28
87.28
87.28
87.28
87.28
87.28
87.59
87.59
87.59
87.59
87.59
87.59
87.59
87.59
83.47
83.47
83.47
83.47
83.47
83.47
83.47
86.97
86.97
86.97
86.97
86.97
86.97
86.97
86.97
86.97
87.09
87.09
87.09
87.09
87.09
87.09
87.09
87.09
87.07
87.07
87.07
87.07
87.07
87.07
87.07
87.07
87.07
87.96
87.96
87.96
87.96
87.96
86.36
86.36
86.36
86.36
86.36
86.36
86.36
84.27
84.27
84.27
84.27
84.27
84.27
84.27
84.27
84.27
83.03
83.03
83.03
83.03
85.40
85.40
85.40
85.40
85.40
85.40
84.90
84.90
84.90
84.90
84.90
84.90
84.90
85.06
85.06
85.06
85.06
85.06
85.06
85.06
84.86
84.86
84.86
84.86
84.86
84.86
85.18
85.18
85.18
85.18
85.18
85.18
83.27
83.27
83.27
83.27
83.27
83.27
83.27
83.96
83.96
83.96
83.96
83.96
83.96
83.96
83.96
79.00
79.00
79.00
79.00
79.00
79.00
79.00
80.83
80.83
80.83
80.83
80.83
80.83
80.83
80.83
80.83
82.53
82.53
82.53
82.53
82.53
82.53
82.53
82.53
