0.23
0.25
0.23
0.22
0.23
0.21
0.11
0.13
0.09
0.11
0.25
0.25
0.25
0.25
0.22
0.25
0.23
0.21
0.22
0.21
0.11
0.12
0.26
0.27
0.26
0.24
0.25
0.20
0.23
0.27
0.28
0.27
0.26
0.26
0.31
0.32
0.31
0.30
0.30
0.28
0.27
0.29
0.26
0.28
0.28
0.28
0.29
0.28
0.26
0.27
0.25
0.28
0.29
0.30
0.29
0.27
0.28
0.26
0.25
0.31
0.32
0.31
0.30
0.30
0.28
0.26
0.29
0.29
0.29
0.29
0.27
0.28
0.26
0.29
0.29
0.30
0.29
0.27
0.28
0.30
0.31
0.30
0.27
0.28
0.26
0.28
0.30
0.30
0.30
0.28
0.28
0.26
0.29
0.24
0.21
0.17
0.23
0.31
0.32
0.31
0.29
0.29
0.27
0.29
0.28
0.34
0.33
0.34
0.32
0.32
0.33
0.32
0.31
0.31
0.29
0.28
0.31
