0.93
0.93
0.94
0.92
0.93
0.84
0.85
0.94
0.95
0.94
0.94
0.94
0.88
0.88
0.96
0.96
0.96
0.95
0.95
0.91
0.89
0.96
0.96
0.97
0.96
0.97
0.97
0.97
0.97
0.97
0.96
0.95
0.94
0.94
0.93
0.93
0.97
0.96
0.96
0.96
0.96
0.91
0.91
0.96
0.96
0.96
0.96
0.96
0.94
0.89
0.88
0.89
0.90
0.95
0.95
0.95
0.95
0.94
0.93
0.93
0.92
0.93
0.93
0.93
0.92
0.92
0.80
0.82
0.93
0.93
0.93
0.91
0.91
0.81
0.72
0.76
0.92
0.92
0.92
0.90
0.95
0.95
0.95
0.93
0.95
0.79
0.74
0.64
0.70
0.95
0.95
0.95
0.94
0.93
0.90
0.90
0.86
0.96
0.96
0.96
0.95
0.96
0.85
0.76
0.76
0.96
0.96
0.96
0.96
0.95
0.89
0.89
0.97
0.96
0.96
0.95
0.96
0.81
0.76
0.73
0.62
0.56
0.67
0.96
0.96
0.94
0.94
0.89
0.82
