82.11
82.11
82.11
82.11
82.11
82.11
82.11
82.11
82.11
82.45
82.45
82.45
82.45
82.45
82.45
82.45
82.45
82.45
85.90
85.90
85.90
85.90
85.90
85.90
85.90
85.90
85.90
84.46
84.46
84.46
84.46
84.46
84.46
84.46
84.46
84.46
84.70
84.70
84.70
84.70
84.70
84.70
83.71
83.71
83.71
83.71
83.71
83.71
83.71
83.58
83.58
83.58
83.58
83.58
83.58
83.58
83.58
79.62
79.62
79.62
79.62
79.62
79.62
79.62
79.62
81.82
81.82
81.82
81.82
81.82
81.82
81.82
81.52
81.52
81.52
81.52
81.52
81.52
81.52
81.52
81.52
81.52
81.52
76.85
76.85
76.85
76.85
76.85
76.85
70.01
70.01
70.01
70.01
70.01
70.01
65.78
65.78
65.78
65.78
65.78
65.78
65.78
72.38
72.38
72.38
72.38
72.38
72.38
72.38
72.38
72.38
82.83
82.83
82.83
82.83
82.83
82.83
82.83
82.83
87.79
87.79
87.79
87.79
87.79
87.79
87.79
87.79
91.74
91.74
91.74
91.74
91.74
91.74
91.74
93.35
93.35
93.35
93.35
93.35
93.35
93.35
94.35
94.35
94.35
94.35
94.35
94.35
94.84
94.84
94.84
94.84
94.84
94.84
94.84
94.84
95.18
95.18
95.18
95.18
95.18
95.18
95.18
95.18
94.73
94.73
94.73
94.73
94.73
94.73
94.73
95.58
95.58
95.58
95.58
95.58
95.58
95.58
90.89
90.89
90.89
90.89
90.89
90.89
89.59
89.59
89.59
89.59
93.59
93.59
93.59
93.59
93.59
93.59
93.59
93.59
93.04
93.04
93.04
93.04
93.04
93.04
93.04
93.04
93.04
95.36
95.36
95.36
95.36
95.36
96.86
96.86
96.86
96.86
96.97
96.97
96.97
96.97
96.97
96.97
96.97
96.97
96.97
96.64
96.64
96.64
96.64
96.64
96.64
96.64
96.64
93.67
93.67
93.67
93.67
93.67
93.16
93.16
93.16
93.16
93.16
93.16
93.16
95.86
95.86
95.86
95.86
95.86
95.86
97.66
97.66
97.66
97.66
97.66
97.76
97.76
97.76
97.76
97.76
97.76
97.76
97.76
97.76
97.94
97.94
97.94
97.94
97.94
97.94
97.94
97.94
98.11
98.11
98.11
98.11
98.11
97.78
97.78
97.78
97.78
97.78
97.78
97.78
97.78
97.78
98.01
98.01
98.01
98.01
98.01
98.01
98.01
98.01
97.01
97.01
97.01
97.01
97.01
97.01
97.01
95.60
95.60
95.60
95.60
95.60
95.60
95.60
94.72
94.72
94.72
94.72
94.72
94.72
94.72
94.72
93.25
93.25
93.25
93.25
93.25
93.25
88.72
88.72
88.72
88.72
88.72
88.72
88.72
89.33
89.33
89.33
89.33
89.33
89.33
89.33
90.73
90.73
90.73
90.73
90.73
90.73
90.73
90.73
