98.71
98.71
98.71
98.71
98.71
98.71
98.71
98.88
98.88
98.88
98.88
98.88
98.88
98.88
98.88
98.94
98.94
98.94
98.94
98.94
98.94
98.94
98.94
98.94
98.92
98.92
98.92
98.92
98.92
98.93
98.93
98.93
98.93
98.93
98.93
98.93
98.93
98.93
98.93
98.92
98.92
98.92
98.92
98.92
98.92
98.92
98.92
98.92
98.92
98.92
98.82
98.82
98.82
98.82
98.82
98.82
98.82
98.85
98.85
98.85
98.85
98.85
98.85
98.85
98.85
98.85
98.85
98.61
98.61
98.61
98.61
98.61
98.61
98.61
98.61
98.21
98.21
98.21
98.21
98.21
98.21
98.21
98.21
97.09
97.09
97.09
97.09
97.09
97.09
97.09
97.09
97.09
97.56
97.56
97.56
97.56
97.56
97.56
97.56
97.56
97.50
97.50
97.50
97.50
97.50
97.50
97.50
97.50
97.50
98.16
98.16
98.16
98.16
98.16
98.16
98.16
98.16
98.16
98.56
98.56
98.56
98.56
98.56
98.56
98.56
98.82
98.82
98.82
98.82
98.82
98.82
98.82
98.82
98.88
98.88
98.88
98.88
98.88
98.88
98.88
98.92
98.92
98.92
98.92
98.92
98.92
98.92
98.92
98.93
98.93
98.93
98.93
98.93
98.92
98.92
98.92
98.92
98.92
98.92
98.92
98.92
98.92
98.92
98.92
98.92
98.92
98.92
98.92
98.90
98.90
98.90
98.90
98.90
98.90
98.90
98.90
98.90
98.90
98.90
98.90
98.72
98.72
98.72
98.72
98.72
98.72
98.72
98.72
98.72
98.53
98.53
98.53
98.53
98.53
98.34
98.34
98.34
98.34
97.92
97.92
97.92
97.92
97.92
97.92
97.92
97.92
97.92
