0.83
0.84
0.86
0.80
0.83
0.72
0.66
0.60
0.91
0.92
0.92
0.89
0.91
0.81
0.77
0.72
0.57
0.52
0.71
0.94
0.94
0.94
0.94
0.93
0.93
0.90
0.90
0.94
0.94
0.95
0.93
0.94
0.84
0.94
0.94
0.94
0.93
0.93
0.90
0.87
0.88
0.94
0.94
0.94
0.92
0.93
0.83
0.78
0.73
0.54
0.49
0.69
0.94
0.94
0.94
0.93
0.94
0.91
0.88
0.88
0.95
0.95
0.95
0.95
0.95
0.94
0.94
0.92
0.95
0.95
0.94
0.93
0.94
0.87
0.83
0.81
0.80
0.94
0.94
0.94
0.94
0.94
0.94
0.95
0.94
0.94
0.94
0.87
0.77
0.78
0.80
0.79
0.87
0.80
0.84
0.81
0.95
0.95
0.95
0.95
0.94
0.95
0.93
0.93
0.95
0.95
0.94
0.94
0.93
0.91
0.88
0.89
0.94
0.94
0.93
0.92
0.92
0.86
0.82
0.80
0.78
0.94
0.93
0.93
0.92
0.94
0.94
0.94
0.92
0.92
0.82
0.77
0.73
0.60
0.55
0.70
0.95
0.95
0.95
0.94
0.94
0.92
0.89
0.89
0.95
0.95
0.95
0.94
0.95
0.74
0.95
0.95
0.95
0.95
0.94
0.93
0.93
0.91
0.95
0.95
0.95
0.94
0.93
0.87
0.77
0.78
0.95
0.95
0.95
0.94
0.95
0.91
0.89
0.94
0.95
0.95
0.94
0.94
0.89
0.86
0.84
0.75
0.71
0.81
0.95
0.95
0.94
0.94
0.93
0.91
0.89
0.94
0.94
0.94
0.93
0.93
0.91
0.91
0.92
0.92
0.92
0.88
0.90
0.70
0.70
0.93
0.92
0.92
0.90
0.91
0.81
0.74
0.72
0.68
0.94
0.95
0.95
0.93
0.94
0.89
0.83
0.82
0.69
0.64
0.80
0.94
0.94
0.93
0.93
0.91
0.91
0.90
0.88
0.91
0.90
0.90
0.88
0.86
0.81
0.71
0.72
0.91
0.91
0.90
0.88
0.93
0.93
0.93
0.92
0.92
0.93
0.93
0.93
0.92
0.93
0.86
0.88
0.95
0.95
0.95
0.94
0.94
0.91
0.91
0.94
0.94
0.94
0.93
0.93
0.90
0.86
0.88
0.93
0.93
0.94
0.93
0.93
0.87
0.86
0.94
0.94
0.94
0.94
0.94
0.93
0.92
0.90
0.84
0.84
0.89
0.94
0.94
0.94
0.94
0.94
0.93
0.90
0.90
0.94
0.94
0.94
0.93
0.95
0.95
0.95
0.94
0.94
0.92
0.90
0.89
0.94
0.94
0.94
0.93
0.93
0.90
0.87
0.83
0.77
0.94
0.94
0.93
0.93
0.92
0.93
0.91
0.91
0.91
0.91
0.91
0.92
0.91
0.91
0.90
0.90
0.82
0.79
0.74
0.58
0.55
0.71
0.90
0.90
0.89
0.88
0.87
0.79
0.83
