0.92
0.93
0.93
0.92
0.91
0.92
0.91
0.90
0.89
0.88
0.81
0.77
0.73
0.60
0.55
0.70
0.91
0.91
0.90
0.88
0.88
0.78
0.73
0.71
0.68
0.92
0.92
0.92
0.90
0.91
0.82
0.74
0.72
0.73
0.71
0.93
0.94
0.94
0.92
0.93
0.85
0.81
0.75
0.93
0.93
0.93
0.92
0.93
0.94
0.94
0.92
0.93
0.80
0.95
0.96
0.96
0.95
0.95
0.94
0.93
0.93
0.92
0.92
0.89
0.91
0.96
0.96
0.96
0.96
0.97
0.97
0.97
0.96
0.97
0.89
0.69
0.68
0.97
0.97
0.97
0.97
0.97
0.97
0.97
0.97
0.97
0.97
0.95
0.92
0.87
0.96
0.96
0.96
0.95
0.95
0.75
0.76
0.95
0.94
0.94
0.93
0.92
0.84
0.80
0.76
0.63
0.60
0.71
0.91
0.90
0.89
0.88
0.87
0.81
0.77
0.71
0.74
0.85
0.84
0.84
0.82
0.81
0.73
0.86
0.85
0.86
0.84
0.84
0.81
0.79
0.78
0.87
0.87
0.88
0.84
0.86
0.76
0.69
0.70
0.92
0.92
0.92
0.90
0.92
0.83
