0.90
0.90
0.91
0.90
0.90
0.88
0.91
0.91
0.92
0.90
0.91
0.84
0.80
0.75
0.79
0.92
0.92
0.93
0.91
0.92
0.86
0.82
0.76
0.81
0.94
0.94
0.95
0.93
0.94
0.95
0.95
0.95
0.95
0.95
0.92
0.92
0.95
0.95
0.95
0.94
0.94
0.90
0.87
0.83
0.77
0.95
0.95
0.95
0.94
0.95
0.90
0.87
0.87
0.96
0.96
0.96
0.96
0.96
0.94
0.90
0.90
0.89
0.89
0.84
0.88
0.97
0.97
0.97
0.96
0.96
0.96
0.96
0.96
0.95
0.96
0.90
0.86
0.84
0.84
0.96
0.96
0.96
0.95
0.96
0.89
0.85
0.80
0.75
0.97
0.97
0.97
0.96
0.97
0.93
0.93
0.90
0.96
0.96
0.96
0.96
0.96
0.95
0.93
0.92
0.95
0.95
0.95
0.95
0.94
0.92
0.89
0.85
0.81
0.96
0.95
0.95
0.95
0.94
0.95
0.95
0.95
0.94
0.96
0.96
0.96
0.96
0.96
0.92
0.92
0.87
0.96
0.96
0.96
0.96
0.96
0.94
0.91
0.91
0.97
0.97
0.97
0.97
0.97
0.94
0.88
0.88
0.96
0.96
0.96
0.96
0.96
0.94
0.94
0.91
0.96
0.95
0.95
0.95
0.94
0.93
0.93
0.93
0.93
0.92
0.92
0.91
0.86
0.78
0.77
0.92
0.92
0.92
0.91
0.91
0.89
0.92
0.92
0.91
0.90
0.90
0.82
0.85
0.90
0.90
0.90
0.89
0.91
0.92
0.91
0.91
0.91
0.92
0.92
0.90
0.91
0.88
0.92
0.90
0.90
0.89
0.90
0.89
0.89
0.88
0.88
0.87
0.86
0.89
0.89
0.89
0.88
0.89
0.87
0.86
0.86
0.89
0.89
0.89
0.87
0.89
0.79
0.75
0.67
0.54
0.49
0.65
0.91
0.92
0.93
0.90
0.92
0.84
0.80
0.85
0.92
0.93
0.93
0.93
0.93
0.92
0.92
0.92
0.91
0.91
0.91
0.93
0.93
0.93
0.92
0.92
0.89
0.85
0.85
0.94
0.94
0.94
0.92
0.94
0.73
0.95
0.95
0.95
0.93
0.95
0.83
0.79
0.75
0.61
0.56
0.70
0.96
0.96
0.96
0.95
0.95
0.91
0.91
0.95
0.95
0.94
0.93
0.94
0.88
0.85
0.81
0.70
0.67
0.77
0.95
0.95
0.95
0.94
0.95
0.81
0.75
0.72
0.69
0.96
0.96
0.96
0.95
0.95
0.90
0.90
0.96
0.96
0.95
0.95
0.94
0.95
0.95
0.94
0.95
0.93
0.94
0.80
0.75
0.70
0.55
0.49
0.66
0.95
0.95
0.95
0.93
0.94
0.84
0.78
0.71
0.65
0.95
0.94
0.94
0.94
0.93
0.90
0.91
0.95
0.95
0.94
0.93
0.96
0.96
0.95
0.95
0.95
0.90
0.83
0.81
0.70
0.65
0.78
0.95
0.95
0.95
0.94
0.95
0.83
0.79
0.76
0.63
0.57
0.71
0.96
0.96
0.95
0.95
0.94
0.93
0.93
0.94
0.94
0.94
0.94
0.93
0.93
0.90
0.90
0.90
0.90
0.85
0.89
0.93
0.93
0.92
0.91
0.91
0.84
0.84
0.80
0.92
0.92
0.91
0.91
0.90
