98.17
98.17
98.17
98.17
98.17
98.17
98.17
98.59
98.59
98.59
98.59
98.59
98.59
98.59
98.59
98.59
98.59
98.59
98.59
98.59
98.59
98.59
98.59
98.59
98.59
98.59
98.59
98.59
98.59
98.47
98.47
98.47
98.47
98.47
98.47
98.47
98.33
98.33
98.33
98.33
98.33
98.33
98.33
98.33
98.33
98.33
98.33
98.33
98.25
98.25
98.25
98.25
98.25
97.13
97.13
97.13
97.13
97.13
97.13
97.52
97.52
97.52
97.52
97.52
97.52
97.52
97.52
98.19
98.19
98.19
98.19
98.19
98.19
98.19
98.19
98.19
98.19
98.19
98.19
98.19
98.19
97.34
97.34
97.34
97.34
97.51
97.51
97.51
97.51
97.51
97.51
97.51
97.51
97.51
96.88
96.88
96.88
96.88
97.18
97.18
97.18
97.18
97.18
97.18
97.79
97.79
97.79
97.79
97.79
97.79
97.79
97.79
97.79
98.36
98.36
98.36
98.36
98.36
98.17
98.17
98.17
98.17
98.52
98.52
98.52
98.52
98.52
98.52
98.52
98.52
98.52
98.52
98.52
98.63
98.63
98.63
98.63
98.63
98.63
98.63
98.55
98.55
98.55
98.55
98.55
98.55
98.60
98.60
98.60
98.60
98.60
98.60
98.60
98.60
98.11
98.11
98.11
98.11
98.11
98.11
98.11
97.45
97.45
97.45
97.45
97.45
97.45
97.45
97.45
95.02
95.02
95.02
95.02
95.02
93.77
93.77
93.77
93.77
93.77
93.77
93.77
93.77
95.54
95.54
95.54
95.54
97.84
97.84
97.84
97.84
97.84
97.84
97.84
97.84
98.18
98.18
98.18
98.18
98.18
98.18
98.18
98.18
98.18
98.18
98.18
98.77
98.77
98.77
98.77
98.77
98.77
98.77
98.77
98.77
98.77
98.77
