94.24
94.24
94.24
94.24
94.24
94.24
95.56
95.56
95.56
95.56
95.56
95.56
95.56
98.38
98.38
98.38
98.38
98.38
98.38
98.38
98.38
98.38
98.19
98.19
98.19
98.19
98.19
98.19
98.58
98.58
98.58
98.58
98.58
98.58
98.58
97.84
97.84
97.84
97.84
98.12
98.12
98.12
98.12
98.12
98.12
98.12
98.24
98.24
98.24
98.24
98.24
98.24
98.24
98.24
98.24
98.28
98.28
98.28
98.28
98.28
98.28
98.28
97.93
97.93
97.93
97.93
97.93
97.93
97.93
98.06
98.06
98.06
98.06
98.06
98.06
98.06
98.06
98.06
98.06
98.06
98.33
98.33
98.33
98.33
98.33
98.39
98.39
98.39
98.39
98.39
98.39
98.39
98.39
98.39
98.00
98.00
98.00
98.00
98.00
98.00
98.00
98.00
98.00
98.43
98.43
98.43
98.43
98.43
98.43
98.43
98.43
98.72
98.72
98.72
98.72
98.72
98.72
98.72
98.72
