0.84
0.85
0.86
0.82
0.84
0.74
0.71
0.70
0.86
0.86
0.86
0.84
0.85
0.85
0.87
0.87
0.84
0.85
0.78
0.77
0.75
0.86
0.87
0.87
0.85
0.86
0.81
0.80
0.81
0.77
0.87
0.87
0.88
0.85
0.86
0.87
0.88
0.88
0.86
0.87
0.88
0.88
0.88
0.86
0.87
0.81
0.76
0.77
0.86
0.87
0.87
0.85
0.86
0.78
0.77
0.79
0.79
0.88
0.89
0.89
0.86
0.87
0.88
0.89
0.89
0.87
0.87
0.89
0.89
0.89
0.88
0.87
0.85
0.81
0.82
0.87
0.87
0.88
0.84
0.86
0.74
0.71
0.68
0.66
0.89
0.89
0.89
0.86
0.87
0.90
0.90
0.90
0.89
0.88
0.86
0.84
0.80
0.73
0.70
0.80
0.89
0.89
0.88
0.87
0.87
0.82
0.80
0.80
0.80
0.88
0.88
0.88
0.85
0.86
0.76
0.72
0.66
0.60
