0.87
0.88
0.87
0.86
0.85
0.83
0.79
0.80
0.81
0.82
0.82
0.79
0.80
0.80
0.87
0.86
0.85
0.84
0.83
0.79
0.73
0.73
0.82
0.82
0.81
0.79
0.78
0.73
0.74
0.79
0.79
0.79
0.76
0.77
0.76
0.77
0.71
0.71
0.65
0.63
0.63
0.56
0.77
0.77
0.77
0.74
0.80
0.80
0.80
0.78
0.77
0.76
0.72
0.73
0.72
0.71
0.70
0.82
0.82
0.83
0.79
0.81
0.72
0.70
0.61
0.51
0.47
0.61
0.87
0.88
0.88
0.86
0.87
0.83
0.79
0.79
0.89
0.89
0.90
0.87
0.89
0.79
0.75
0.72
0.69
0.89
0.90
0.90
0.88
0.90
0.89
0.88
0.88
0.86
0.87
0.85
0.89
0.88
0.87
0.86
0.84
0.79
0.72
0.73
0.87
0.87
0.87
0.85
0.89
0.88
0.88
0.87
0.87
0.85
0.82
0.80
0.80
0.87
0.87
0.86
0.84
0.84
0.77
0.73
0.70
0.67
0.87
0.86
0.85
0.84
0.81
0.78
0.78
