0.80
0.80
0.80
0.78
0.79
0.84
0.84
0.84
0.83
0.83
0.83
0.83
0.82
0.82
0.82
0.83
0.81
0.82
0.75
0.70
0.70
0.87
0.88
0.87
0.87
0.86
0.86
0.85
0.84
0.86
0.86
0.86
0.84
0.85
0.76
0.69
0.69
0.88
0.87
0.86
0.85
0.84
0.78
0.72
0.72
0.84
0.84
0.84
0.82
0.82
0.77
0.74
0.70
0.67
0.81
0.80
0.80
0.79
0.78
0.77
0.77
0.79
0.79
0.78
0.77
0.75
0.75
0.75
0.73
0.78
0.78
0.78
0.76
0.75
0.71
0.68
0.66
0.61
0.73
0.72
0.72
0.70
0.70
0.65
0.63
0.54
0.47
0.72
0.72
0.72
0.68
0.70
0.63
0.62
0.49
0.44
0.72
0.71
0.71
0.69
0.68
0.71
0.70
0.70
0.68
0.68
0.64
0.64
0.62
0.66
0.65
0.67
0.63
0.64
0.60
0.60
0.65
0.64
0.65
0.61
0.63
0.57
0.57
0.45
0.56
0.60
0.60
0.60
0.57
0.58
0.55
0.56
0.48
0.37
0.32
0.48
0.62
0.61
0.62
0.59
0.60
0.56
0.53
0.54
0.51
0.53
0.53
0.60
0.61
0.61
0.56
0.58
0.56
0.63
0.62
0.63
0.60
0.61
0.58
0.57
0.51
0.46
0.68
0.67
0.68
0.66
0.66
0.63
0.59
0.60
0.68
0.68
0.69
0.66
0.67
0.62
0.60
0.52
0.39
0.34
0.53
0.69
0.69
0.70
0.67
0.68
0.63
0.61
0.53
0.47
0.69
0.68
0.69
0.67
0.67
0.61
0.62
0.59
0.69
0.69
0.69
0.67
0.67
0.63
0.57
0.54
0.70
0.69
0.70
0.67
0.68
0.62
0.60
0.63
0.69
0.68
0.68
0.65
0.65
0.57
0.62
0.65
0.65
0.66
0.60
0.63
0.56
0.57
0.45
0.39
0.73
0.74
0.75
0.69
0.72
0.58
0.65
0.81
0.82
0.82
0.80
0.80
0.76
0.72
0.73
0.69
0.72
0.49
0.65
0.88
0.88
0.88
0.87
0.86
0.84
0.80
0.81
0.88
0.88
0.89
0.86
0.88
0.77
0.73
0.69
0.66
0.90
0.91
0.90
0.90
0.88
0.87
0.83
0.84
0.87
0.84
0.84
0.82
0.83
0.82
