98.77
98.77
98.77
98.77
98.77
98.77
98.77
98.77
98.88
98.88
98.88
98.88
98.88
98.88
98.88
98.88
98.88
98.83
98.83
98.83
98.83
98.83
98.83
98.83
98.83
98.66
98.66
98.66
98.66
98.66
98.66
98.87
98.87
98.87
98.87
98.87
98.80
98.80
98.80
98.80
98.80
98.80
98.80
98.80
98.55
98.55
98.55
98.55
98.55
98.26
98.26
98.26
98.26
98.26
98.26
98.44
98.44
98.44
98.44
98.64
98.64
98.64
98.64
98.64
98.64
98.64
98.64
98.80
98.80
98.80
98.80
98.80
98.80
98.80
98.80
98.80
98.80
98.80
98.90
98.90
98.90
98.90
98.90
98.90
98.90
98.84
98.84
98.84
98.84
98.84
98.84
98.84
98.84
98.83
98.83
98.83
98.83
98.83
98.32
98.32
98.32
98.32
98.56
98.56
98.56
98.56
98.56
98.56
98.56
97.41
97.41
97.41
97.41
97.41
97.41
97.41
96.95
96.95
96.95
96.95
96.95
96.95
96.95
96.95
96.95
