98.44
98.44
98.44
98.44
98.71
98.71
98.71
98.71
98.71
98.71
98.71
98.71
98.71
98.71
98.71
98.71
98.71
98.71
98.52
98.52
98.52
98.52
98.73
98.73
98.73
98.73
98.73
98.73
98.73
98.69
98.69
98.69
98.69
98.69
98.69
98.69
98.69
98.69
98.65
98.65
98.65
98.65
98.65
98.34
98.34
98.34
98.34
98.34
98.34
98.34
98.34
98.34
98.34
97.81
97.81
97.81
97.81
97.81
97.81
97.81
97.81
97.81
98.44
98.44
98.44
98.44
98.44
98.44
98.44
98.44
98.19
98.19
98.19
98.19
98.19
98.19
98.19
98.19
97.93
97.93
97.93
97.93
97.93
97.93
97.93
97.93
94.48
94.48
94.48
94.48
94.48
94.48
94.48
94.48
95.40
95.40
95.40
95.40
96.88
96.88
96.88
96.88
96.88
96.88
96.88
96.88
96.88
96.88
96.88
96.88
96.88
96.88
94.59
94.59
94.59
94.59
97.01
97.01
97.01
97.01
97.01
97.01
97.01
98.44
98.44
98.44
98.44
98.44
98.44
98.44
98.44
98.44
98.44
98.44
98.44
98.05
98.05
98.05
98.05
98.46
98.46
98.46
98.46
98.46
98.46
98.46
98.46
98.46
98.46
98.46
98.26
98.26
98.26
98.26
98.26
98.26
98.26
98.26
97.87
97.87
97.87
97.87
97.87
97.87
96.87
96.87
96.87
96.87
96.87
96.87
96.87
96.87
96.87
96.87
96.87
96.35
96.35
96.35
96.35
96.35
96.35
96.35
96.35
96.35
96.35
96.04
96.04
96.04
96.04
96.04
96.04
96.04
96.62
96.62
96.62
96.62
96.62
96.62
96.62
97.58
97.58
97.58
97.58
97.58
97.58
97.58
97.58
97.58
97.58
97.58
97.58
98.08
98.08
98.08
98.08
98.54
98.54
98.54
98.54
98.54
98.54
98.54
98.54
98.41
98.41
98.41
98.41
98.41
98.41
98.41
98.41
98.41
98.52
98.52
98.52
98.52
98.52
98.52
98.52
98.52
98.67
98.67
98.67
98.67
98.67
98.67
98.67
98.67
98.67
98.67
98.67
98.42
98.42
98.42
98.42
98.42
98.42
98.42
98.42
98.09
98.09
98.09
98.09
98.09
97.49
97.49
97.49
97.49
97.93
97.93
97.93
97.93
97.93
97.93
97.93
97.93
97.93
97.93
97.93
97.19
97.19
97.19
97.19
97.19
97.19
97.19
97.19
97.19
97.03
97.03
97.03
97.03
97.03
97.03
96.60
96.60
96.60
96.60
96.60
96.60
97.12
97.12
97.12
97.12
97.12
97.69
97.69
97.69
97.69
97.69
97.69
97.69
97.69
97.69
97.69
97.69
97.69
98.46
98.46
98.46
98.46
98.46
98.00
98.00
98.00
98.00
98.23
98.23
98.23
98.23
98.23
98.23
98.23
98.23
98.23
98.48
98.48
98.48
98.48
98.48
98.48
98.48
98.48
