98.88
98.88
98.88
98.88
98.88
98.88
98.88
98.78
98.78
98.78
98.78
98.78
98.78
98.09
98.09
98.09
98.09
97.22
97.22
97.22
97.22
97.54
97.54
97.54
97.54
97.54
97.00
97.00
97.00
97.00
97.00
97.00
97.00
97.00
98.66
98.66
98.66
98.66
98.66
98.66
98.66
98.66
98.47
98.47
98.47
98.47
98.71
98.71
98.71
98.71
98.71
98.71
98.71
98.74
98.74
98.74
98.74
98.74
98.86
98.86
98.86
98.86
98.86
98.86
98.86
98.86
98.83
98.83
98.83
98.83
98.83
98.84
98.84
98.84
98.84
98.84
98.84
98.84
98.84
98.84
98.84
98.84
98.84
98.84
98.84
98.84
98.84
98.84
98.82
98.82
98.82
98.82
98.82
98.82
98.82
98.82
98.82
98.87
98.87
98.87
98.87
98.87
98.87
98.87
98.87
98.87
98.87
98.87
98.88
98.88
98.88
98.88
98.88
98.88
98.88
98.86
98.86
98.86
98.86
98.86
98.86
98.86
98.86
98.94
98.94
98.94
98.94
98.94
98.94
98.94
98.94
