98.93
98.93
98.93
98.93
98.93
98.94
98.94
98.94
98.94
98.94
98.94
98.94
98.94
98.90
98.90
98.90
98.90
98.90
98.90
98.90
98.90
98.87
98.87
98.87
98.87
98.87
98.87
98.87
98.71
98.71
98.71
98.71
98.71
98.71
98.71
98.71
98.48
98.48
98.48
98.48
98.51
98.51
98.51
98.51
98.51
98.51
98.51
98.65
98.65
98.65
98.65
98.63
98.63
98.63
98.63
98.76
98.76
98.76
98.76
98.76
98.79
98.79
98.79
98.79
98.79
98.79
98.79
98.79
98.79
98.77
98.77
98.77
98.77
98.77
98.77
98.77
98.77
98.77
98.77
98.77
98.92
98.92
98.92
98.92
98.92
98.92
98.92
98.92
98.88
98.88
98.88
98.88
98.88
98.88
98.88
98.88
98.88
98.88
98.88
98.88
98.79
98.79
98.79
98.79
98.79
98.79
98.79
98.39
98.39
98.39
98.39
