98.08
98.08
98.08
98.08
98.08
98.08
98.08
98.08
98.08
98.08
98.08
97.83
97.83
97.83
97.83
97.83
97.83
97.83
97.83
97.55
97.55
97.55
97.55
97.55
97.55
97.55
97.55
97.55
97.84
97.84
97.84
97.84
97.84
97.84
97.84
97.84
97.84
97.84
97.84
97.84
98.01
98.01
98.01
98.01
98.01
98.01
98.01
98.01
97.32
97.32
97.32
97.32
97.32
97.32
97.32
97.32
96.82
96.82
96.82
96.82
96.82
96.82
96.82
96.82
96.82
97.06
97.06
97.06
97.06
97.06
97.06
97.06
97.06
96.32
96.32
96.32
96.32
96.32
96.32
96.32
96.32
96.32
96.06
96.06
96.06
96.06
96.06
96.06
96.06
96.06
96.06
97.43
97.43
97.43
97.43
97.43
97.43
97.43
95.72
95.72
95.72
95.72
95.72
95.72
95.72
95.72
95.72
95.71
95.71
95.71
95.71
95.71
95.71
95.71
95.71
95.71
96.73
96.73
96.73
96.73
96.73
96.73
96.73
96.73
96.53
96.53
96.53
96.53
96.53
96.53
96.53
96.59
96.59
96.59
96.59
96.59
96.59
96.59
96.90
96.90
96.90
96.90
96.90
96.90
96.90
96.90
96.90
96.96
96.96
96.96
96.96
96.96
96.96
96.96
96.96
96.96
96.96
96.96
96.96
96.96
96.96
96.96
96.96
96.96
96.96
96.84
96.84
96.84
96.84
96.84
96.84
96.84
96.84
