98.50
98.50
98.50
98.50
98.50
98.50
98.50
98.50
98.69
98.69
98.69
98.69
98.69
98.69
98.69
98.69
98.69
98.81
98.81
98.81
98.81
98.81
98.81
98.81
98.81
98.75
98.75
98.75
98.75
98.75
98.75
98.75
98.75
98.38
98.38
98.38
98.38
98.38
98.38
98.38
98.38
98.38
98.38
98.25
98.25
98.25
98.25
98.25
98.19
98.19
98.19
98.19
98.19
97.06
97.06
97.06
97.06
97.06
96.62
96.62
96.62
96.62
96.62
96.62
96.62
96.62
98.31
98.31
98.31
98.31
98.31
98.31
98.31
98.31
98.38
98.38
98.38
98.38
98.38
98.38
98.38
98.62
98.62
98.62
98.62
98.62
98.62
98.62
98.69
98.69
98.69
98.69
98.69
98.69
98.69
98.75
98.75
98.75
98.75
98.81
98.81
98.81
98.81
98.81
98.81
98.81
98.81
