88.97
88.97
88.97
88.97
88.97
94.67
94.67
94.67
94.67
94.67
94.67
94.67
98.24
98.24
98.24
98.24
98.24
98.24
98.24
98.24
98.59
98.59
98.59
98.59
98.59
98.59
98.59
98.59
98.59
98.68
98.68
98.68
98.68
98.68
98.68
98.68
98.68
98.54
98.54
98.54
98.54
98.54
98.54
98.54
98.54
98.54
98.54
98.54
98.54
97.67
97.67
97.67
97.67
94.18
94.18
94.18
94.18
94.18
93.41
93.41
93.41
93.41
93.41
93.41
93.41
88.34
88.34
88.34
88.34
88.34
88.34
88.34
88.34
93.86
93.86
93.86
93.86
93.86
93.86
95.71
95.71
95.71
95.71
95.71
95.71
95.71
95.71
95.71
95.71
95.71
95.71
95.71
95.71
97.93
97.93
97.93
97.93
97.93
97.93
97.93
97.93
98.09
98.09
98.09
98.09
98.09
98.09
98.09
98.09
97.86
97.86
97.86
97.86
97.86
97.86
97.86
98.58
98.58
98.58
98.58
98.58
98.58
98.58
98.58
98.58
98.58
98.58
98.75
98.75
98.75
98.75
98.75
98.75
