97.38
97.38
97.38
97.38
97.38
97.38
97.38
97.56
97.56
97.56
97.56
97.56
97.56
97.56
97.56
97.56
97.56
97.56
97.38
97.38
97.38
97.38
97.38
97.38
97.38
97.38
97.38
97.38
97.31
97.31
97.31
97.31
97.31
97.31
97.31
97.31
97.62
97.62
97.62
97.62
97.62
97.62
97.62
97.62
98.31
98.31
98.31
98.31
98.31
98.31
98.06
98.06
98.06
98.06
98.06
98.06
98.06
98.06
97.88
97.88
97.88
97.88
97.88
97.88
97.88
97.88
97.88
98.25
98.25
98.25
98.25
98.25
98.25
98.25
98.25
98.25
98.25
98.25
98.56
98.56
98.56
98.56
98.56
98.56
98.56
98.56
98.56
98.56
98.56
98.44
98.44
98.44
98.44
98.44
98.44
98.44
98.44
98.56
98.56
98.56
98.56
98.56
98.56
98.56
98.56
98.56
98.56
98.44
98.44
98.44
98.44
98.44
98.44
98.44
98.69
98.69
98.69
98.69
98.69
98.69
98.69
98.69
98.81
98.81
98.81
98.81
98.88
98.88
98.88
98.88
98.88
98.88
98.88
98.75
98.75
98.75
98.75
98.75
98.75
98.75
98.75
98.75
98.81
98.81
98.81
98.81
98.81
98.81
98.81
98.81
98.81
98.81
98.81
98.81
98.81
98.81
98.81
98.81
98.88
98.88
98.88
98.88
98.88
98.81
98.81
98.81
98.81
98.81
98.81
98.81
98.81
98.75
98.75
98.75
98.75
98.75
98.75
98.75
98.75
98.75
98.81
98.81
98.81
98.81
98.81
98.81
98.81
98.81
98.75
98.75
98.75
98.75
98.75
98.44
98.44
98.44
98.44
98.44
98.44
98.44
98.44
98.44
98.38
98.38
98.38
98.38
98.38
98.38
98.38
98.38
98.38
98.38
98.38
98.31
98.31
98.31
98.31
98.31
98.31
98.31
98.31
98.31
98.31
98.31
98.31
97.94
97.94
97.94
97.94
98.31
98.31
98.31
98.31
98.31
98.31
98.31
98.31
98.31
98.31
98.31
98.31
98.38
98.38
98.38
98.38
98.38
98.38
98.38
98.38
98.12
98.12
98.12
98.12
98.12
98.12
98.12
98.12
98.12
97.44
97.44
97.44
97.44
97.44
97.44
97.44
97.44
97.44
98.12
98.12
98.12
98.12
98.12
98.12
98.12
98.12
98.12
98.75
98.75
98.75
98.75
98.75
98.62
98.62
98.62
98.62
98.62
98.62
98.62
98.62
98.62
98.62
98.62
98.62
98.81
98.81
98.81
98.81
98.81
98.81
98.81
98.81
98.81
98.81
98.69
98.69
98.69
98.69
98.69
98.69
98.69
98.69
98.69
98.69
98.69
98.69
98.69
98.69
98.69
98.69
98.81
98.81
98.81
98.81
98.81
98.81
98.81
98.81
98.81
98.81
98.69
98.69
98.69
98.69
98.69
98.69
98.69
98.69
98.62
98.62
98.62
98.62
98.62
98.62
98.62
98.62
98.62
98.62
98.62
98.62
98.25
98.25
98.25
98.25
98.25
