98.33
98.33
98.33
98.33
98.33
98.33
98.33
98.33
98.09
98.09
98.09
98.09
98.09
98.28
98.28
98.28
98.28
98.28
98.28
98.28
98.28
98.28
98.67
98.67
98.67
98.67
98.67
98.67
98.67
98.67
98.67
98.70
98.70
98.70
98.70
98.70
98.70
98.70
98.70
98.70
98.70
98.70
98.69
98.69
98.69
98.69
98.69
98.69
98.69
98.64
98.64
98.64
98.64
98.64
98.64
98.64
98.64
98.81
98.81
98.81
98.81
98.81
98.81
98.87
98.87
98.87
98.87
98.90
98.90
98.90
98.90
98.90
98.90
98.90
98.90
98.90
98.90
98.90
98.94
98.94
98.94
98.94
98.94
98.94
98.94
98.93
98.93
98.93
98.93
98.93
98.93
98.93
98.93
98.93
98.93
98.93
98.93
98.96
98.96
98.96
98.96
98.96
98.96
98.96
98.96
98.94
98.94
98.94
98.94
98.94
98.94
98.94
98.94
98.93
98.93
98.93
98.93
98.93
98.93
98.81
98.81
98.81
98.81
98.81
98.81
98.81
98.81
98.81
98.81
98.81
98.81
98.76
98.76
98.76
98.76
98.76
98.76
98.76
98.76
98.20
98.20
98.20
98.20
98.20
98.20
98.20
98.20
97.42
97.42
97.42
97.42
97.42
97.42
97.42
97.42
97.42
97.24
97.24
97.24
97.24
97.24
97.24
97.24
97.24
