97.95
97.95
97.95
97.95
97.95
97.95
97.95
97.95
97.51
97.51
97.51
97.51
97.51
97.51
97.51
95.28
95.28
95.28
95.28
95.28
95.28
95.28
95.28
95.19
95.19
95.19
95.19
95.19
95.19
98.05
98.05
98.05
98.05
98.05
98.05
98.05
98.05
98.05
98.35
98.35
98.35
98.35
98.35
98.35
98.35
98.35
98.35
98.41
98.41
98.41
98.41
98.41
98.41
98.41
98.41
98.41
98.41
98.41
98.41
97.64
97.64
97.64
97.64
97.64
97.64
97.64
97.64
97.64
96.55
96.55
96.55
96.55
96.55
96.55
96.55
96.55
94.16
94.16
94.16
94.16
94.16
94.16
94.16
92.42
92.42
92.42
92.42
92.42
92.42
92.42
92.42
93.05
93.05
93.05
93.05
93.05
93.05
93.05
93.52
93.52
93.52
93.52
93.52
93.52
93.52
93.52
93.52
95.25
95.25
95.25
95.25
95.25
95.25
95.25
94.92
94.92
94.92
94.92
94.92
94.92
94.92
94.92
94.92
94.92
97.15
97.15
97.15
97.15
98.60
98.60
98.60
98.60
98.60
98.60
98.60
98.60
98.03
98.03
98.03
98.03
98.03
98.03
98.03
98.03
98.03
98.40
98.40
98.40
98.40
98.40
98.40
98.40
98.40
98.40
98.40
98.40
98.82
98.82
98.82
98.82
98.82
98.82
98.82
98.78
98.78
98.78
98.78
98.78
98.78
98.78
98.81
98.81
98.81
98.81
98.81
98.81
98.81
98.68
98.68
98.68
98.68
98.68
98.56
98.56
98.56
98.56
98.56
98.56
98.56
97.83
97.83
97.83
97.83
97.83
97.83
97.83
96.96
96.96
96.96
96.96
96.96
96.96
96.96
96.96
96.96
96.96
96.56
96.56
96.56
96.56
96.56
96.56
96.56
96.56
96.56
97.77
97.77
97.77
97.77
97.77
97.77
97.77
97.77
96.75
96.75
96.75
96.75
96.75
96.75
96.75
96.75
96.75
97.17
97.17
97.17
97.17
97.45
97.45
97.45
97.45
97.45
97.45
97.45
97.45
97.78
97.78
97.78
97.78
97.78
97.08
97.08
97.08
97.08
97.08
97.08
97.08
97.08
97.08
95.86
95.86
95.86
95.86
95.86
95.86
95.86
95.86
95.86
96.31
96.31
96.31
96.31
96.31
96.31
96.31
96.31
96.31
97.27
97.27
97.27
97.27
97.27
97.27
97.27
97.27
97.27
97.27
97.27
95.87
95.87
95.87
95.87
95.87
95.87
95.87
95.87
95.87
95.87
97.59
97.59
97.59
97.59
97.59
97.59
97.59
97.59
97.59
97.59
97.59
97.00
97.00
97.00
97.00
97.00
97.00
97.00
97.90
97.90
97.90
97.90
97.90
97.90
97.90
97.90
97.90
97.49
97.49
97.49
97.49
97.49
97.49
97.49
97.49
96.80
96.80
96.80
96.80
96.80
96.80
96.22
96.22
96.22
96.22
96.22
96.22
96.22
96.22
96.22
96.22
96.22
98.20
98.20
98.20
98.20
98.20
98.20
98.20
97.25
97.25
97.25
97.25
97.25
97.25
97.25
96.82
96.82
96.82
96.82
96.82
96.82
96.82
96.82
96.82
96.63
96.63
96.63
96.63
96.63
96.63
96.63
96.63
98.04
98.04
98.04
98.04
98.04
98.04
98.04
98.30
98.30
98.30
98.30
98.30
98.30
98.30
98.30
98.35
98.35
98.35
98.35
98.73
98.73
98.73
98.73
98.73
98.73
98.73
98.73
98.82
98.82
98.82
98.82
98.82
98.82
98.82
98.82
98.82
98.60
98.60
98.60
98.60
98.60
98.60
98.60
