95.81
95.81
95.81
95.81
95.81
95.81
95.81
94.45
94.45
94.45
94.45
94.68
94.68
94.68
94.68
94.68
94.68
94.68
94.68
94.68
96.29
96.29
96.29
96.29
96.29
97.06
97.06
97.06
97.06
95.53
95.53
95.53
95.53
95.53
95.53
95.53
95.53
95.53
94.96
94.96
94.96
94.96
94.96
94.96
94.96
94.96
94.96
96.76
96.76
96.76
96.76
96.76
96.76
96.76
96.76
95.90
95.90
95.90
95.90
95.90
95.90
95.90
95.90
93.24
93.24
93.24
93.24
93.24
93.24
93.24
93.24
92.23
92.23
92.23
92.23
92.23
92.23
92.53
92.53
92.53
92.53
92.53
92.53
92.53
92.53
92.53
91.52
91.52
91.52
91.52
91.52
91.52
91.52
91.52
91.52
91.52
91.52
85.90
85.90
85.90
85.90
85.90
85.90
85.90
85.90
85.90
89.97
89.97
89.97
89.97
89.97
89.97
94.52
94.52
94.52
94.52
94.52
94.52
94.52
94.52
91.20
91.20
91.20
91.20
91.20
91.20
91.20
91.20
88.17
88.17
88.17
88.17
88.17
88.17
92.30
92.30
92.30
92.30
92.30
92.30
92.30
92.30
92.30
92.30
93.96
93.96
93.96
93.96
93.96
