98.02
98.02
98.02
98.02
98.02
98.02
98.02
98.02
95.16
95.16
95.16
95.16
95.16
91.33
91.33
91.33
91.33
91.33
91.33
91.33
89.92
89.92
89.92
89.92
89.92
89.92
89.92
89.92
96.68
96.68
96.68
96.68
96.68
96.68
96.68
96.68
96.68
96.79
96.79
96.79
96.79
96.79
96.79
96.79
96.79
96.79
97.61
97.61
97.61
97.61
97.61
97.61
97.61
97.61
97.07
97.07
97.07
97.07
97.07
97.07
97.07
97.07
97.13
97.13
97.13
97.13
97.13
97.13
97.13
97.13
95.30
95.30
95.30
95.30
95.30
95.30
93.14
93.14
93.14
93.14
93.14
93.14
93.14
93.14
89.54
89.54
89.54
89.54
89.40
89.40
89.40
89.40
89.40
89.40
89.40
89.40
89.40
92.33
92.33
92.33
92.33
92.33
92.33
92.33
92.33
92.33
95.24
95.24
95.24
95.24
95.24
95.24
95.24
96.48
96.48
96.48
96.48
96.48
96.48
96.48
96.48
96.48
96.48
96.48
96.48
96.48
96.48
