68.97
68.97
68.97
68.97
68.97
68.97
68.97
68.97
68.97
74.88
74.88
74.88
74.88
74.88
74.88
74.88
74.88
74.88
74.88
74.88
72.10
72.10
72.10
72.10
72.10
72.10
72.10
72.10
72.10
70.77
70.77
70.77
70.77
70.77
70.77
70.77
70.77
70.77
70.77
70.77
78.57
78.57
78.57
78.57
78.57
78.57
78.57
78.57
78.57
78.57
78.57
82.34
82.34
82.34
82.34
82.34
82.34
82.34
82.34
79.59
79.59
79.59
79.59
79.59
79.59
79.59
79.59
80.45
80.45
80.45
80.45
80.45
80.45
80.45
80.45
80.45
88.54
88.54
88.54
88.54
88.54
88.54
88.54
88.54
88.54
88.54
88.54
88.82
88.82
88.82
88.82
88.82
88.82
88.82
88.82
88.82
87.81
87.81
87.81
87.81
87.81
87.81
87.81
87.81
87.81
91.69
91.69
91.69
91.69
91.69
91.69
91.69
91.69
91.69
91.69
91.69
90.68
90.68
90.68
90.68
90.68
90.68
90.68
90.68
90.68
90.68
92.22
92.22
92.22
92.22
92.22
92.22
92.22
92.95
92.95
92.95
92.95
92.95
92.95
92.95
90.54
90.54
90.54
90.54
90.54
90.54
90.54
90.54
90.54
91.90
91.90
91.90
91.90
91.90
91.90
91.90
91.90
91.90
91.90
91.90
93.56
93.56
93.56
93.56
93.56
93.56
93.56
93.56
91.87
91.87
91.87
91.87
91.87
91.87
91.87
91.87
90.38
90.38
90.38
90.38
90.38
90.38
90.38
90.38
89.21
89.21
89.21
89.21
89.21
89.21
86.80
86.80
86.80
86.80
86.80
86.80
86.80
86.80
86.80
83.37
83.37
83.37
83.37
83.37
83.37
83.37
83.37
83.37
83.37
83.37
84.31
84.31
84.31
84.31
84.31
84.49
84.49
84.49
84.49
84.49
84.49
81.44
81.44
81.44
81.44
81.44
81.44
81.44
81.44
80.51
80.51
80.51
80.51
80.51
80.51
80.51
80.51
80.51
76.76
76.76
76.76
76.76
76.76
76.76
76.76
76.76
73.02
73.02
73.02
73.02
74.41
74.41
74.41
74.41
74.41
74.41
74.41
79.37
79.37
79.37
79.37
79.37
79.37
84.36
84.36
84.36
84.36
84.36
84.36
84.36
84.36
84.36
87.74
87.74
87.74
87.74
87.74
87.74
87.74
87.74
91.66
91.66
91.66
91.66
91.66
91.66
91.66
91.66
91.66
93.54
93.54
93.54
93.54
93.54
93.54
93.54
93.54
93.54
93.54
93.54
93.54
94.46
94.46
94.46
94.46
94.46
94.46
94.46
94.46
95.20
95.20
95.20
95.20
95.20
95.20
95.20
94.48
94.48
94.48
94.48
94.48
94.48
94.48
94.48
94.48
93.39
93.39
93.39
93.39
93.39
93.39
93.39
93.39
93.39
93.39
93.39
93.39
93.39
93.39
88.05
88.05
88.05
88.05
88.05
88.05
88.05
88.05
88.05
88.05
88.05
82.69
82.69
82.69
82.69
82.69
82.69
82.69
82.69
82.69
82.69
82.69
87.62
87.62
87.62
87.62
87.62
87.62
87.62
87.62
