59.50
59.50
59.50
59.50
59.50
59.50
59.50
59.50
74.07
74.07
74.07
74.07
74.07
74.07
84.59
84.59
84.59
84.59
84.59
84.59
93.21
93.21
93.21
93.21
93.21
93.21
93.21
93.21
93.21
93.21
93.21
93.21
93.21
93.21
94.63
94.63
94.63
94.63
94.63
94.63
94.63
94.63
96.08
96.08
96.08
96.08
96.08
96.08
96.08
97.19
97.19
97.19
97.19
97.19
97.19
98.24
98.24
98.24
98.24
98.24
98.24
98.24
98.24
98.65
98.65
98.65
98.65
98.65
98.65
98.48
98.48
98.48
98.48
98.48
98.48
98.48
98.48
98.37
98.37
98.37
98.37
98.37
98.37
98.37
98.37
98.37
98.37
98.49
98.49
98.49
98.49
98.49
98.31
98.31
98.31
98.31
98.60
98.60
98.60
98.60
98.60
98.60
98.60
98.60
98.60
98.60
98.60
98.60
98.60
98.60
98.60
98.56
98.56
98.56
98.56
98.56
98.56
98.56
98.56
98.56
98.56
98.56
98.25
98.25
98.25
98.25
98.25
98.25
98.25
98.25
97.61
97.61
97.61
97.61
97.61
97.61
97.61
96.19
96.19
96.19
96.19
96.19
96.19
96.19
96.19
95.55
95.55
95.55
95.55
95.55
95.55
95.55
95.55
95.55
95.55
95.55
96.77
96.77
96.77
96.77
96.77
96.77
96.77
95.71
95.71
95.71
95.71
95.71
95.71
95.71
93.93
93.93
93.93
93.93
93.93
93.93
95.44
95.44
95.44
95.44
95.44
95.44
95.44
95.44
97.03
97.03
97.03
97.03
97.03
97.03
97.03
97.03
96.75
96.75
96.75
96.75
96.75
96.70
96.70
96.70
96.70
96.70
96.70
96.70
96.70
96.70
97.72
97.72
97.72
97.72
97.72
97.72
97.72
98.30
98.30
98.30
98.30
98.30
98.30
98.23
98.23
98.23
98.23
98.23
98.23
98.23
98.02
98.02
98.02
98.02
98.02
98.02
98.05
98.05
98.05
98.05
98.05
98.05
98.05
98.49
98.49
98.49
98.49
98.49
98.49
98.49
98.49
98.49
98.49
98.49
98.49
98.49
98.49
98.49
98.49
98.66
98.66
98.66
98.66
98.66
98.66
98.66
98.66
98.83
98.83
98.83
98.83
98.83
98.83
98.83
98.83
98.65
98.65
98.65
98.65
98.65
98.65
98.65
98.65
98.65
98.78
98.78
98.78
98.78
98.78
98.78
98.78
98.78
98.42
98.42
98.42
98.42
98.42
98.42
97.77
97.77
97.77
97.77
97.77
97.77
97.77
97.15
97.15
97.15
97.15
98.55
98.55
98.55
98.55
98.55
98.55
98.55
98.55
98.58
98.58
98.58
98.58
98.58
98.58
98.58
98.62
98.62
98.62
98.62
98.62
98.62
98.62
98.18
98.18
98.18
98.18
98.18
98.18
98.18
98.18
98.69
98.69
98.69
98.69
98.69
98.69
98.69
98.69
