98.86
98.86
98.86
98.86
98.86
98.85
98.85
98.85
98.85
98.85
98.85
98.85
98.76
98.76
98.76
98.76
98.76
98.76
98.76
98.87
98.87
98.87
98.87
98.87
98.87
98.87
98.87
98.87
98.87
98.87
98.87
98.62
98.62
98.62
98.62
98.62
98.62
98.62
98.62
98.62
98.62
97.62
97.62
97.62
97.62
97.62
97.62
97.62
97.62
95.69
95.69
95.69
95.69
92.94
92.94
92.94
92.94
92.94
92.94
92.94
92.94
92.94
95.32
95.32
95.32
95.32
95.32
95.32
95.32
97.97
97.97
97.97
97.97
97.97
97.97
97.97
97.97
97.97
98.68
98.68
98.68
98.68
98.68
98.68
98.68
98.61
98.61
98.61
98.61
98.61
98.61
98.61
98.59
98.59
98.59
98.59
98.59
98.59
98.59
98.59
98.59
98.59
98.59
98.64
98.64
98.64
98.64
98.64
98.64
98.64
98.64
97.23
97.23
97.23
97.23
97.23
97.23
97.23
97.23
97.23
97.23
97.23
98.11
98.11
98.11
98.11
98.11
98.11
98.11
98.11
95.76
95.76
95.76
95.76
97.73
97.73
97.73
97.73
97.73
97.73
97.73
97.73
97.22
97.22
97.22
97.22
97.22
97.22
97.22
97.22
97.22
98.21
98.21
98.21
98.21
98.21
98.21
98.21
97.67
97.67
97.67
97.67
97.67
97.67
97.67
97.32
97.32
97.32
97.32
97.32
97.32
97.32
97.32
93.93
93.93
93.93
93.93
93.93
93.93
93.93
89.40
89.40
89.40
89.40
89.40
89.40
89.40
89.40
89.40
87.02
87.02
87.02
87.02
90.32
90.32
90.32
90.32
90.32
90.32
90.32
90.32
90.32
90.32
94.04
94.04
94.04
94.04
97.14
97.14
97.14
97.14
97.14
