98.75
98.75
98.75
98.75
98.75
98.75
98.75
98.83
98.83
98.83
98.83
98.83
98.83
98.83
98.86
98.86
98.86
98.86
98.86
98.86
98.86
98.86
98.63
98.63
98.63
98.63
98.63
98.63
98.63
98.63
98.63
98.63
98.68
98.68
98.68
98.68
98.68
98.68
98.68
98.68
98.68
98.68
98.89
98.89
98.89
98.89
98.89
98.89
98.89
98.89
98.80
98.80
98.80
98.80
98.80
98.80
98.80
98.80
98.30
98.30
98.30
98.30
98.30
98.30
98.30
98.22
98.22
98.22
98.22
98.22
98.22
98.22
98.22
98.22
98.22
98.16
98.16
98.16
98.16
98.16
98.16
98.16
98.44
98.44
98.44
98.44
98.44
98.44
98.20
98.20
98.20
98.20
98.65
98.65
98.65
98.65
98.65
98.65
98.65
98.65
97.87
97.87
97.87
97.87
98.26
98.26
98.26
98.26
98.26
98.26
98.26
98.26
98.26
98.26
98.26
98.26
98.11
98.11
98.11
98.11
98.11
98.11
98.11
98.11
98.11
98.11
98.11
98.11
98.11
98.11
97.68
97.68
97.68
97.68
97.68
97.68
97.68
97.68
96.25
96.25
96.25
96.25
96.25
96.25
96.25
96.25
93.60
93.60
93.60
93.60
93.60
93.60
93.60
93.60
93.60
93.45
93.45
93.45
93.45
94.65
94.65
94.65
94.65
94.65
95.46
95.46
95.46
95.46
