0.97
0.96
0.97
0.95
0.96
0.90
0.86
0.82
0.85
0.98
0.98
0.98
0.98
0.98
0.98
0.98
0.98
0.98
0.98
0.97
0.97
0.99
0.99
0.99
0.99
0.99
0.98
0.98
0.98
0.98
0.98
0.98
0.98
0.97
0.97
0.98
0.98
0.98
0.98
0.98
0.98
0.97
0.97
0.98
0.98
0.98
0.97
0.98
0.87
0.77
0.69
0.98
0.98
0.98
0.98
0.98
0.97
0.96
0.95
0.98
0.98
0.98
0.98
0.98
0.97
0.97
0.96
0.98
0.98
0.98
0.98
0.97
0.98
0.98
0.96
0.94
0.94
0.96
0.96
0.96
0.96
0.95
0.95
0.92
0.89
0.87
0.86
0.89
0.89
0.91
0.93
0.87
0.92
0.85
0.83
0.94
0.94
0.94
0.91
0.93
0.84
0.78
0.78
0.96
0.96
0.96
0.94
0.96
0.89
0.87
0.81
0.81
0.94
0.95
0.95
0.94
0.95
0.89
0.88
0.89
0.96
0.96
0.96
0.94
0.96
0.86
0.78
0.79
0.97
0.97
0.97
0.97
0.97
0.96
0.94
0.94
0.97
0.97
0.98
0.97
0.97
0.92
0.88
0.87
0.89
0.96
0.96
0.97
0.95
0.97
0.90
0.86
0.84
0.87
0.97
0.97
0.97
0.96
0.97
0.89
0.86
0.76
0.98
0.98
0.98
0.98
0.97
0.97
0.97
0.97
0.97
0.97
0.97
0.97
0.97
0.93
0.88
0.90
0.88
0.96
0.96
0.96
0.96
0.96
0.88
0.81
0.82
0.81
0.81
0.86
0.85
0.85
0.84
0.97
0.97
0.97
0.97
0.97
0.97
0.97
0.97
0.97
0.96
0.95
0.95
0.96
0.96
0.96
0.96
0.95
0.96
0.95
0.95
0.96
0.96
0.96
0.96
0.95
0.92
0.96
0.96
0.96
0.95
0.95
0.89
0.86
0.85
0.97
0.97
0.97
0.97
0.97
0.96
0.96
0.95
0.97
0.97
0.98
0.97
0.97
0.98
0.98
0.98
0.98
0.98
0.97
0.97
0.98
0.98
0.98
0.98
0.98
0.98
0.98
0.98
0.98
0.98
0.98
0.98
0.98
0.98
0.98
0.98
0.98
0.98
0.98
0.98
0.92
0.81
0.81
0.99
0.99
0.98
0.98
0.98
0.97
0.96
0.96
0.99
0.99
0.99
0.98
0.98
0.98
0.98
0.99
0.99
0.99
0.98
0.98
0.98
0.97
0.94
0.93
0.99
0.99
0.98
0.98
0.98
0.99
0.99
0.99
0.98
0.98
0.98
0.98
0.97
0.98
0.98
0.98
0.98
0.98
0.98
0.97
0.96
0.93
