0.96
0.96
0.96
0.96
0.95
0.95
0.95
0.94
0.93
0.93
0.93
0.92
0.91
0.90
0.86
0.82
0.92
0.92
0.91
0.91
0.89
0.89
0.88
0.91
0.91
0.90
0.88
0.92
0.93
0.92
0.91
0.93
0.93
0.92
0.91
0.91
0.85
0.81
0.78
0.77
0.92
0.92
0.91
0.91
0.90
0.91
0.91
0.90
0.89
0.90
0.88
0.89
0.87
0.87
0.89
0.89
0.89
0.88
0.89
0.89
0.88
0.87
0.85
0.84
0.81
0.80
0.80
0.87
0.87
0.87
0.86
0.85
0.85
0.85
0.84
0.84
0.79
0.85
0.86
0.86
0.84
0.85
0.78
0.78
0.69
0.85
0.86
0.87
0.86
0.90
0.90
0.90
0.89
0.91
0.92
0.92
0.91
0.91
0.91
0.92
0.91
0.91
0.90
0.91
0.90
0.89
0.89
0.89
0.88
0.88
0.88
0.88
0.88
0.87
0.87
0.88
0.88
0.88
0.86
0.90
0.91
0.91
0.89
0.91
0.83
0.82
0.74
0.93
0.94
0.93
0.93
0.92
0.91
0.86
0.87
0.90
0.90
0.90
0.87
0.88
0.88
0.94
0.94
0.94
0.94
0.93
0.93
0.91
0.91
0.90
0.91
0.90
0.95
0.95
0.95
0.94
0.94
0.91
0.88
0.89
0.93
0.93
0.94
0.93
0.93
0.92
0.93
0.93
0.92
0.92
0.91
0.89
0.89
0.88
0.89
0.83
0.87
0.94
0.94
0.94
0.94
0.94
0.94
0.94
0.94
0.93
0.93
0.91
0.89
0.88
0.89
0.92
0.92
0.92
0.91
0.91
0.86
0.83
0.75
0.91
0.91
0.91
0.91
0.91
0.89
0.86
0.86
0.92
0.92
0.91
0.91
0.90
0.90
0.91
0.91
0.90
0.90
0.89
0.88
0.86
0.83
0.79
0.80
0.88
0.88
0.87
0.87
0.86
0.85
0.83
0.83
0.88
0.87
0.86
0.87
0.84
0.80
0.79
0.80
0.77
0.76
0.69
0.64
0.56
0.59
0.55
0.69
0.69
0.69
0.62
0.66
0.54
0.59
0.64
0.62
0.64
0.62
0.55
0.59
0.49
0.52
0.54
0.48
