0.93
0.93
0.93
0.92
0.92
0.93
0.93
0.92
0.92
0.90
0.89
0.87
0.86
0.86
0.90
0.89
0.88
0.87
0.86
0.81
0.79
0.79
0.89
0.88
0.87
0.88
0.86
0.85
0.85
0.83
0.89
0.88
0.87
0.87
0.85
0.81
0.81
0.78
0.88
0.87
0.86
0.84
0.84
0.76
0.72
0.65
0.68
0.84
0.83
0.82
0.81
0.80
0.75
0.72
0.69
0.68
0.82
0.82
0.81
0.81
0.79
0.81
0.80
0.80
0.82
0.81
0.80
0.79
0.77
0.73
0.68
0.69
0.77
0.77
0.74
0.73
0.70
0.67
0.63
0.63
0.58
0.58
0.59
0.71
0.69
0.69
0.67
0.64
0.63
0.62
0.65
0.64
0.63
0.59
0.60
0.55
0.51
0.53
0.59
0.58
0.59
0.53
0.56
0.50
0.42
0.50
0.52
0.51
0.52
0.46
0.50
0.42
0.46
0.36
0.28
0.24
0.37
0.44
0.46
0.44
0.38
0.42
0.35
0.29
0.36
0.54
0.55
0.55
0.51
0.54
0.46
0.46
0.46
0.48
0.48
0.48
0.42
0.46
0.38
0.42
0.44
0.38
0.56
0.57
0.58
0.52
0.57
0.51
0.46
0.48
0.59
0.59
0.60
0.54
0.59
0.47
0.62
0.62
0.64
0.57
0.63
0.72
0.72
0.73
0.68
0.71
0.60
0.78
0.78
0.79
0.75
0.78
0.68
0.62
0.55
0.79
0.79
0.80
0.80
0.81
0.82
0.83
0.80
0.82
0.85
0.86
0.87
0.83
0.86
0.73
0.66
0.60
0.86
0.87
0.87
0.86
0.86
0.85
0.83
0.83
0.82
0.83
0.80
0.81
0.88
0.88
0.89
0.86
0.88
0.78
0.73
0.77
0.90
0.91
0.91
0.90
0.91
0.86
0.83
0.83
0.83
0.83
0.77
0.80
0.91
0.92
0.92
0.91
0.91
0.86
0.86
0.79
