96.93
96.93
96.93
96.93
96.93
96.93
96.93
97.74
97.74
97.74
97.74
97.74
97.74
97.74
97.74
97.74
97.64
97.64
97.64
97.64
97.64
97.64
97.64
97.64
97.64
97.86
97.86
97.86
97.86
97.86
97.86
97.86
97.86
97.86
98.35
98.35
98.35
98.35
98.35
98.35
98.35
98.35
98.35
98.35
98.35
98.15
98.15
98.15
98.15
98.15
98.15
98.15
98.15
98.15
97.93
97.93
97.93
97.93
97.93
97.93
97.93
97.93
97.93
97.85
97.85
97.85
97.85
97.85
97.85
97.85
97.85
98.25
98.25
98.25
98.25
98.25
98.25
98.25
97.80
97.80
97.80
97.80
97.80
97.80
97.80
97.80
97.80
97.80
97.80
98.04
98.04
98.04
98.04
98.04
98.04
98.04
97.82
97.82
97.82
97.82
97.82
97.82
97.82
97.82
97.82
97.82
97.82
96.89
96.89
96.89
96.89
96.93
96.93
96.93
96.93
96.93
96.93
97.22
97.22
97.22
97.22
97.22
97.22
97.22
97.22
95.82
95.82
95.82
95.82
95.82
95.82
95.82
95.82
95.82
97.10
97.10
97.10
97.10
97.10
97.10
97.10
97.10
97.10
97.10
97.10
98.26
98.26
98.26
98.26
98.26
98.26
98.45
98.45
98.45
98.45
98.45
98.45
98.45
98.45
98.45
98.45
98.45
98.52
98.52
98.52
98.52
98.52
98.52
98.52
98.52
98.31
98.31
98.31
98.31
98.31
98.31
98.31
97.89
97.89
97.89
97.89
97.89
97.89
97.89
97.89
97.89
97.89
97.89
97.89
97.15
97.15
97.15
97.15
97.15
97.15
96.11
96.11
96.11
96.11
96.11
96.11
96.11
96.11
96.11
94.88
94.88
94.88
94.88
94.88
94.88
94.88
94.88
94.88
94.88
94.88
94.57
94.57
94.57
94.57
94.57
94.57
94.57
95.62
95.62
95.62
95.62
95.79
95.79
95.79
95.79
95.79
95.79
95.79
95.79
95.79
97.11
97.11
97.11
97.11
97.11
97.11
97.05
97.05
97.05
97.05
97.05
97.05
97.05
97.05
97.05
96.96
96.96
96.96
96.96
98.44
98.44
98.44
98.44
98.44
98.44
98.44
98.44
98.44
98.44
98.44
98.44
98.45
98.45
98.45
98.45
98.61
98.61
98.61
98.61
98.61
98.61
98.61
98.61
98.61
98.61
98.61
98.49
98.49
98.49
98.49
98.49
98.18
98.18
98.18
98.18
98.18
98.18
98.18
98.18
98.18
97.95
97.95
97.95
97.95
97.95
97.95
97.95
97.95
97.95
97.95
97.95
97.95
94.44
94.44
94.44
94.44
94.44
94.44
94.44
94.44
