94.46
94.46
94.46
94.46
94.46
94.46
94.46
94.46
94.46
94.46
94.46
95.24
95.24
95.24
95.24
96.69
96.69
96.69
96.69
96.69
96.69
96.69
96.69
96.69
96.47
96.47
96.47
96.47
96.47
96.47
96.47
96.47
96.47
95.75
95.75
95.75
95.75
95.75
95.75
95.75
95.75
95.75
95.75
95.75
94.39
94.39
94.39
94.39
94.39
94.39
94.39
94.39
93.00
93.00
93.00
93.00
93.00
93.00
93.00
93.00
93.00
90.60
90.60
90.60
90.60
90.60
90.60
90.60
90.60
90.60
87.22
87.22
87.22
87.22
87.22
87.22
87.22
80.93
80.93
80.93
80.93
80.93
80.93
82.15
82.15
82.15
82.15
82.15
82.15
82.15
82.15
84.34
84.34
84.34
84.34
88.26
88.26
88.26
88.26
88.26
88.26
88.26
88.26
88.26
88.26
88.26
92.71
92.71
92.71
92.71
92.71
92.71
92.71
92.71
94.84
94.84
94.84
94.84
94.84
94.84
94.84
96.86
96.86
96.86
96.86
96.86
96.86
96.86
96.86
96.86
96.82
96.82
96.82
96.82
96.82
96.82
97.54
97.54
97.54
97.54
97.54
97.54
97.54
96.73
96.73
96.73
96.73
96.73
96.73
96.73
96.17
96.17
96.17
96.17
96.17
96.17
96.17
96.17
96.17
93.48
93.48
93.48
93.48
93.48
93.48
93.48
93.48
93.48
93.49
93.49
93.49
93.49
93.49
93.49
93.49
93.49
93.75
93.75
93.75
93.75
93.75
93.75
91.41
91.41
91.41
91.41
91.41
91.41
91.41
91.41
91.41
94.65
94.65
94.65
94.65
94.65
94.65
97.01
97.01
97.01
97.01
97.01
97.01
97.01
97.01
97.01
96.47
96.47
96.47
96.47
96.47
96.47
96.47
96.47
97.83
97.83
97.83
97.83
97.83
97.83
97.83
97.19
97.19
97.19
97.19
97.19
97.19
97.19
97.19
97.19
97.81
97.81
97.81
97.81
97.81
97.81
97.81
96.82
96.82
96.82
96.82
96.82
96.82
96.82
96.82
96.82
96.14
96.14
96.14
96.14
96.14
96.14
96.14
92.56
92.56
92.56
92.56
92.56
92.56
92.56
92.56
90.59
90.59
90.59
90.59
90.59
90.59
90.59
90.40
90.40
90.40
90.40
90.40
90.40
90.40
90.40
90.40
