95.12
95.12
95.12
95.12
95.12
95.12
95.12
94.14
94.14
94.14
94.14
94.14
94.14
94.14
94.14
94.27
94.27
94.27
94.27
94.27
94.27
94.27
94.27
94.27
94.31
94.31
94.31
94.31
94.31
93.95
93.95
93.95
93.95
93.95
93.95
93.95
93.95
93.79
93.79
93.79
93.79
93.79
93.79
93.79
93.79
94.27
94.27
94.27
94.27
94.27
94.27
94.27
94.29
94.29
94.29
94.29
94.29
94.29
94.29
94.29
93.06
93.06
93.06
93.06
93.06
93.06
93.06
93.06
92.07
92.07
92.07
92.07
92.07
92.07
92.07
92.07
92.07
92.72
92.72
92.72
92.72
92.72
92.72
92.72
92.72
92.72
91.57
91.57
91.57
91.57
91.57
91.48
91.48
91.48
91.48
91.48
91.48
91.48
88.61
88.61
88.61
88.61
88.61
88.61
88.61
83.18
83.18
83.18
83.18
83.18
83.18
83.18
83.18
83.18
83.83
83.83
83.83
83.83
89.51
89.51
89.51
89.51
89.51
89.51
89.51
89.51
89.51
89.51
89.51
93.07
93.07
93.07
93.07
93.07
93.07
93.07
93.07
93.07
95.16
95.16
95.16
95.16
95.16
95.16
95.16
95.16
96.08
96.08
96.08
96.08
96.08
96.08
96.08
96.08
96.58
96.58
96.58
96.58
96.58
96.58
96.58
96.58
96.51
96.51
96.51
96.51
96.51
96.51
96.51
96.51
96.11
96.11
96.11
96.11
