97.00
97.00
97.00
97.00
97.00
97.50
97.50
97.50
97.50
97.50
97.50
97.50
97.50
96.81
96.81
96.81
96.81
96.81
96.81
95.25
95.25
95.25
95.25
95.25
95.25
98.12
98.12
98.12
98.12
98.12
98.12
98.12
98.12
97.25
97.25
97.25
97.25
97.25
97.25
96.75
96.75
96.75
96.75
96.75
96.75
96.75
96.75
94.31
94.31
94.31
94.31
94.31
94.31
94.31
94.31
94.44
94.44
94.44
94.44
94.44
94.69
94.69
94.69
94.69
94.69
94.69
94.69
94.69
93.50
93.50
93.50
93.50
93.50
93.50
93.50
91.19
91.19
91.19
91.19
91.19
91.19
91.19
91.19
91.19
90.44
90.44
90.44
90.44
90.44
90.44
90.44
90.44
90.44
82.06
82.06
82.06
82.06
82.06
82.06
82.06
82.06
82.06
78.69
78.69
78.69
78.69
78.69
78.69
78.69
76.12
76.12
76.12
76.12
76.12
71.31
71.31
71.31
71.31
71.31
71.31
71.31
71.31
71.31
73.94
73.94
73.94
73.94
80.25
80.25
80.25
80.25
80.25
80.25
80.25
80.25
80.25
81.62
81.62
81.62
81.62
81.62
81.62
81.62
81.62
81.62
88.12
88.12
88.12
88.12
88.12
88.12
88.12
88.12
88.12
91.44
91.44
91.44
91.44
91.44
91.44
91.44
93.62
93.62
93.62
93.62
93.62
93.62
93.62
93.62
95.25
95.25
95.25
95.25
95.25
95.25
95.25
95.25
97.12
97.12
97.12
97.12
97.12
97.12
97.12
97.12
97.75
97.75
97.75
97.75
97.75
97.75
97.75
97.75
97.81
97.81
97.81
97.81
97.81
97.81
97.81
97.81
98.00
98.00
98.00
98.00
98.00
98.00
98.00
97.06
97.06
97.06
97.06
97.06
97.06
97.06
97.06
97.06
97.06
96.88
96.88
96.88
96.88
96.88
96.88
96.88
97.31
97.31
97.31
97.31
97.31
97.31
97.31
97.19
97.19
97.19
97.19
97.19
97.19
97.19
97.19
97.88
97.88
97.88
97.88
97.88
97.88
97.88
97.88
97.88
98.19
98.19
98.19
98.19
98.19
98.19
98.19
98.19
98.19
98.44
98.44
98.44
98.44
98.44
98.44
98.44
98.44
98.38
98.38
98.38
98.38
98.38
98.38
98.38
98.19
98.19
98.19
98.19
98.19
98.19
98.19
98.19
98.25
98.25
98.25
98.25
98.25
98.44
98.44
98.44
98.44
98.44
98.25
98.25
98.25
98.25
98.25
98.25
98.25
98.25
98.12
98.12
98.12
98.12
98.12
98.25
98.25
98.25
98.25
98.25
98.25
98.25
98.25
98.25
97.69
97.69
97.69
97.69
97.69
97.69
97.69
97.69
97.56
97.56
97.56
97.56
97.56
97.56
97.56
97.56
97.56
96.94
96.94
96.94
96.94
96.94
95.81
95.81
95.81
95.81
95.81
95.81
95.81
95.81
93.25
93.25
93.25
93.25
93.25
93.25
93.25
93.25
92.44
92.44
92.44
92.44
92.44
93.88
93.88
93.88
93.88
93.88
93.88
93.88
90.94
90.94
90.94
90.94
90.94
90.12
90.12
90.12
90.12
