0.91
0.90
0.90
0.89
0.88
0.85
0.81
0.75
0.70
0.89
0.88
0.88
0.87
0.89
0.89
0.88
0.88
0.85
0.86
0.82
0.82
0.89
0.88
0.87
0.85
0.82
0.72
0.71
0.69
0.85
0.85
0.85
0.81
0.83
0.72
0.68
0.61
0.48
0.43
0.60
0.85
0.85
0.85
0.82
0.87
0.88
0.87
0.86
0.86
0.84
0.82
0.78
0.71
0.69
0.79
0.90
0.91
0.91
0.89
0.91
0.83
0.91
0.91
0.92
0.90
0.92
0.83
0.82
0.79
0.92
0.92
0.93
0.91
0.93
0.85
0.83
0.80
0.79
0.93
0.93
0.93
0.92
0.93
0.77
0.93
0.94
0.94
0.93
0.94
0.87
0.87
0.94
0.94
0.95
0.94
0.94
0.91
0.90
0.85
0.94
0.95
0.95
0.94
0.94
0.94
0.94
0.95
0.94
0.94
0.95
0.95
0.95
0.94
0.95
0.94
0.95
0.95
0.95
0.94
0.94
0.92
0.92
0.94
0.94
0.94
0.93
0.93
0.91
0.88
0.88
0.87
0.88
0.82
0.86
0.94
0.94
0.94
0.93
0.93
0.94
0.94
0.94
0.94
0.93
0.93
0.93
0.92
0.92
0.91
0.92
0.91
0.90
0.90
0.89
0.89
0.83
0.80
0.75
0.62
0.60
0.73
0.91
0.91
0.91
0.90
0.90
0.86
0.81
0.81
0.91
0.91
0.90
0.90
0.88
0.89
0.87
0.87
0.87
0.87
0.86
0.85
0.84
0.80
0.76
0.68
0.62
0.89
0.89
0.88
0.88
0.86
0.84
0.83
0.85
0.85
0.85
0.83
0.82
0.78
0.75
0.89
0.89
0.89
0.87
0.87
0.83
0.80
0.76
0.67
0.66
0.74
0.87
0.87
0.88
0.86
0.87
0.81
0.83
0.89
0.89
0.89
0.87
0.88
0.81
0.75
0.76
0.87
0.87
0.88
0.86
0.87
0.82
0.79
0.81
0.88
0.88
0.88
0.86
0.88
0.81
0.78
0.75
0.73
0.92
0.92
0.92
0.91
0.91
0.89
0.88
0.86
0.92
0.91
0.91
0.90
0.90
0.90
0.89
0.89
0.87
0.88
0.79
0.73
0.77
0.91
0.91
0.90
0.90
0.89
0.84
0.83
0.81
0.91
0.90
0.89
0.90
0.87
0.90
0.88
0.88
0.85
0.85
0.78
0.74
0.67
0.55
0.50
0.66
0.90
0.90
0.89
0.89
0.88
0.84
0.84
0.90
0.90
0.91
0.89
0.90
0.82
0.77
0.80
0.89
0.89
0.89
0.87
0.88
0.79
0.76
0.69
0.62
