0.93
0.93
0.93
0.93
0.93
0.93
0.93
0.92
0.92
0.92
0.89
0.88
0.88
0.90
0.90
0.90
0.88
0.89
0.83
0.83
0.91
0.91
0.91
0.90
0.91
0.88
0.88
0.92
0.92
0.92
0.91
0.91
0.90
0.87
0.87
0.89
0.89
0.88
0.88
0.87
0.87
0.88
0.88
0.88
0.87
0.87
0.86
0.85
0.85
0.84
0.84
0.80
0.82
0.90
0.90
0.90
0.90
0.89
0.90
0.89
0.88
0.88
0.89
0.89
0.89
0.88
0.88
0.82
0.79
0.71
0.74
0.87
0.87
0.88
0.86
0.87
0.81
0.78
0.78
0.90
0.90
0.90
0.89
0.90
0.87
0.86
0.86
0.92
0.92
0.93
0.92
0.92
0.92
0.92
0.91
0.91
0.91
0.90
0.90
0.89
0.90
0.88
0.88
0.89
0.89
0.88
0.86
0.87
0.87
0.86
0.86
0.85
0.85
0.84
0.83
0.82
0.82
0.82
0.81
0.79
0.78
0.74
0.71
0.62
0.56
0.76
0.76
0.76
0.72
0.72
0.68
0.63
0.65
0.77
0.77
0.77
0.74
0.74
0.70
0.66
0.67
0.79
0.80
0.80
0.77
0.77
0.74
0.72
0.75
0.76
0.76
0.76
0.73
0.73
0.73
0.71
0.72
0.71
0.70
0.63
0.68
0.77
0.77
0.76
0.73
0.73
0.69
0.66
0.67
0.79
0.80
0.79
0.76
0.76
0.67
0.76
0.76
0.73
0.71
0.68
0.56
0.53
0.74
0.72
0.72
0.65
0.59
0.59
0.58
0.52
0.55
0.49
0.44
0.49
0.54
0.52
0.54
0.50
0.50
0.48
0.51
0.49
0.46
0.44
0.46
0.43
0.41
0.41
0.41
0.37
0.51
0.51
0.50
0.45
0.48
0.41
0.34
0.42
0.64
0.63
0.64
0.53
0.58
0.46
0.49
0.49
0.42
0.81
0.81
0.82
0.78
0.79
0.69
0.89
0.89
0.90
0.89
0.90
0.91
0.91
0.90
0.90
0.86
0.88
0.92
0.92
0.92
0.92
0.90
0.91
0.91
0.90
