98.50
98.50
98.50
98.50
98.50
98.55
98.55
98.55
98.55
98.55
98.55
98.55
98.55
98.55
98.55
98.55
98.19
98.19
98.19
98.19
98.19
96.83
96.83
96.83
96.83
96.83
96.85
96.85
96.85
96.85
96.85
96.85
96.85
96.85
96.85
96.85
96.85
96.53
96.53
96.53
96.53
96.53
96.53
96.53
96.53
96.53
96.53
96.53
98.31
98.31
98.31
98.31
98.31
98.19
98.19
98.19
98.19
98.19
98.19
98.19
98.19
97.87
97.87
97.87
97.87
97.87
97.87
97.87
97.87
97.87
97.87
97.87
97.87
97.25
97.25
97.25
97.25
97.25
97.25
97.25
97.25
97.25
97.25
97.25
97.11
97.11
97.11
97.11
97.11
97.11
97.11
96.68
96.68
96.68
96.68
96.68
96.68
96.68
96.68
96.09
96.09
96.09
96.09
96.09
97.78
97.78
97.78
97.78
97.78
97.78
97.78
97.78
97.78
97.78
97.78
97.22
97.22
97.22
97.22
97.22
97.22
97.22
97.22
97.22
97.22
97.22
97.22
97.22
97.22
96.54
96.54
96.54
96.54
96.54
96.54
96.54
96.54
96.54
94.14
94.14
94.14
94.14
94.14
94.14
94.14
94.14
94.33
94.33
94.33
94.33
95.43
95.43
95.43
95.43
95.43
96.07
96.07
96.07
96.07
96.07
96.07
96.07
95.45
95.45
95.45
95.45
95.45
95.45
95.45
95.45
95.13
95.13
95.13
95.13
95.13
95.13
95.13
95.13
95.13
96.58
96.58
96.58
96.58
96.58
96.58
97.94
97.94
97.94
97.94
97.94
97.94
97.94
97.92
97.92
97.92
97.92
97.92
97.92
97.92
97.92
97.89
97.89
97.89
97.89
97.89
98.33
98.33
98.33
98.33
98.33
98.33
98.33
98.33
98.18
98.18
98.18
98.18
98.18
98.18
98.18
98.18
98.18
98.18
98.18
98.18
98.18
98.18
98.18
98.18
97.74
97.74
97.74
97.74
97.74
97.74
97.74
97.74
97.74
97.74
97.74
98.42
98.42
98.42
98.42
98.42
98.42
98.08
98.08
98.08
98.08
98.08
98.08
98.08
98.55
98.55
98.55
98.55
98.55
98.55
98.55
98.55
98.65
98.65
98.65
98.65
98.65
98.65
98.65
97.83
97.83
97.83
97.83
97.83
97.83
97.83
97.83
