0.91
0.91
0.91
0.90
0.90
0.83
0.81
0.73
0.90
0.90
0.90
0.88
0.89
0.86
0.86
0.90
0.91
0.90
0.89
0.92
0.92
0.92
0.91
0.92
0.84
0.82
0.80
0.80
0.93
0.93
0.93
0.92
0.93
0.81
0.69
0.69
0.94
0.94
0.94
0.93
0.94
0.90
0.88
0.86
0.72
0.71
0.84
0.93
0.93
0.93
0.93
0.93
0.93
0.91
0.91
0.90
0.91
0.88
0.90
0.92
0.92
0.92
0.91
0.92
0.87
0.81
0.80
0.81
0.79
0.93
0.93
0.93
0.92
0.92
0.88
0.81
0.80
0.82
0.81
0.92
0.92
0.92
0.91
0.92
0.89
0.87
0.87
0.92
0.93
0.93
0.90
0.92
0.79
0.70
0.64
0.66
0.62
0.92
0.93
0.93
0.91
0.92
0.84
0.83
0.93
0.93
0.93
0.93
0.93
0.91
0.88
0.88
0.93
0.94
0.93
0.93
0.93
0.92
0.90
0.90
0.94
0.94
0.94
0.92
0.93
0.85
0.78
0.82
0.93
0.93
0.93
0.92
0.92
0.88
0.88
0.80
0.93
0.94
0.93
0.93
0.93
0.92
0.89
0.89
0.93
0.93
0.92
0.92
0.92
0.89
0.87
0.85
0.75
0.75
0.82
0.93
0.93
0.92
0.91
0.91
0.82
0.77
0.68
0.73
0.92
0.91
0.91
0.91
0.89
0.88
0.84
0.84
0.84
0.85
0.83
0.91
0.91
0.91
0.90
0.93
0.93
0.93
0.92
0.92
0.90
0.87
0.87
0.92
0.92
0.92
0.90
0.91
0.79
0.82
0.94
0.94
0.93
0.93
0.92
0.89
0.89
0.94
0.94
0.93
0.93
0.92
0.84
0.85
0.91
0.90
0.90
0.88
0.88
0.76
0.67
0.67
0.62
0.62
0.63
0.91
0.91
0.91
0.90
0.94
0.94
0.93
0.92
0.91
0.82
0.77
0.70
0.75
0.93
0.93
0.93
0.92
0.93
0.89
0.84
0.84
0.92
0.93
0.93
0.92
0.92
0.89
0.88
0.91
0.92
0.91
0.91
0.89
0.90
0.86
0.87
0.88
0.88
0.88
0.91
0.91
0.90
0.89
0.88
0.81
0.77
0.76
0.71
0.88
0.88
0.88
0.87
0.86
0.84
0.83
0.86
0.85
0.84
0.83
0.81
0.79
0.76
0.72
0.71
0.73
0.71
0.71
0.67
0.66
0.64
0.62
0.64
0.60
0.53
0.51
0.52
0.46
0.50
