0.92
0.93
0.94
0.90
0.94
0.78
0.74
0.68
0.96
0.96
0.96
0.95
0.96
0.91
0.90
0.86
0.96
0.96
0.97
0.95
0.96
0.85
0.78
0.70
0.64
0.96
0.96
0.96
0.96
0.96
0.94
0.94
0.96
0.96
0.96
0.96
0.96
0.93
0.88
0.88
0.95
0.95
0.94
0.95
0.93
0.94
0.93
0.92
0.92
0.93
0.92
0.94
0.94
0.93
0.93
0.92
0.91
0.89
0.89
0.88
0.89
0.88
0.91
0.91
0.91
0.90
0.90
0.91
0.91
0.92
0.89
0.91
0.79
0.73
0.62
0.68
0.93
0.93
0.93
0.93
0.93
0.90
0.90
0.94
0.94
0.93
0.92
0.92
0.86
0.82
0.78
0.63
0.60
0.74
0.93
0.92
0.92
0.91
0.92
0.81
0.76
0.72
0.69
0.92
0.93
0.93
0.92
0.92
0.88
0.84
0.84
0.93
0.93
0.93
0.92
0.92
0.82
0.81
0.93
0.93
0.93
0.92
0.94
0.94
0.94
0.93
0.93
0.85
0.84
0.94
0.94
0.95
0.93
0.94
0.80
0.68
0.76
0.95
0.96
0.95
0.95
0.95
0.95
0.95
0.95
0.94
0.94
0.85
0.86
0.95
0.95
0.94
0.93
0.93
0.81
0.77
0.75
0.73
0.94
0.94
0.93
0.93
0.92
0.86
0.86
0.92
0.92
0.92
0.89
0.91
0.84
0.87
0.81
0.76
0.72
0.93
0.92
0.92
0.87
0.89
0.74
0.64
0.67
0.94
0.94
0.94
0.94
0.93
0.92
0.90
0.90
0.90
0.89
0.88
0.95
0.95
0.96
0.95
0.95
0.91
0.90
0.96
0.97
0.97
0.96
0.97
0.93
0.92
0.96
0.96
0.96
0.96
0.96
0.92
0.92
0.96
0.96
0.96
0.95
0.95
0.91
0.86
0.85
0.84
0.96
0.96
0.96
0.95
0.96
0.96
0.96
0.96
0.96
0.96
0.94
0.92
0.92
