0.90
0.91
0.91
0.90
0.92
0.92
0.92
0.93
0.92
0.93
0.93
0.93
0.92
0.93
0.93
0.92
0.93
0.90
0.88
0.88
0.88
0.93
0.93
0.93
0.92
0.92
0.92
0.92
0.91
0.91
0.90
0.90
0.90
0.89
0.90
0.89
0.88
0.87
0.86
0.77
0.70
0.70
0.86
0.87
0.87
0.83
0.85
0.80
0.76
0.77
0.73
0.69
0.72
0.85
0.87
0.85
0.81
0.74
0.77
0.70
0.72
0.66
0.72
0.70
0.77
0.81
0.75
0.70
0.62
0.70
0.60
0.62
0.57
0.50
0.43
0.55
0.67
0.75
0.68
0.67
0.66
0.64
0.61
0.68
0.49
0.44
0.68
0.79
0.83
0.80
0.77
0.64
0.75
0.69
0.66
0.69
0.62
0.59
0.72
0.72
0.79
0.83
0.82
0.80
0.81
0.80
0.78
0.82
0.84
0.83
0.81
0.81
0.79
0.80
0.79
0.81
0.79
0.78
0.78
0.80
0.81
0.80
0.79
0.79
0.79
0.79
0.82
0.81
0.82
0.83
0.82
0.82
0.80
0.82
0.83
0.83
0.75
0.83
0.73
0.74
0.69
0.62
0.55
0.59
0.57
0.63
0.72
0.66
0.73
0.63
0.80
0.80
0.80
0.78
0.78
0.80
0.81
0.80
0.80
0.79
0.81
0.84
0.84
0.79
0.81
0.76
0.76
0.73
0.69
0.63
0.65
0.76
0.78
0.75
0.72
0.72
0.60
0.60
0.76
0.76
0.73
0.70
0.77
0.77
0.75
0.72
0.71
0.58
0.65
0.68
0.70
0.72
0.66
0.72
0.58
0.58
0.59
0.66
0.72
0.69
0.64
0.67
0.59
0.57
0.62
0.53
0.53
0.68
0.75
0.68
0.66
0.66
0.58
0.53
0.55
0.45
0.46
0.32
0.49
0.73
0.75
0.74
0.72
0.73
0.67
0.66
0.71
0.69
0.76
0.78
0.77
0.76
0.75
0.77
0.76
