0.96
0.96
0.96
0.95
0.95
0.92
0.92
0.96
0.96
0.95
0.95
0.95
0.90
0.89
0.95
0.95
0.94
0.93
0.93
0.93
0.93
0.92
0.92
0.80
0.81
0.92
0.92
0.91
0.91
0.89
0.89
0.89
0.83
0.89
0.88
0.88
0.86
0.86
0.80
0.74
0.74
0.72
0.73
0.50
0.68
0.85
0.85
0.86
0.84
0.85
0.82
0.79
0.79
0.79
0.80
0.76
0.88
0.88
0.89
0.87
0.88
0.85
0.82
0.82
0.81
0.82
0.73
0.78
0.91
0.92
0.92
0.90
0.92
0.85
0.78
0.79
0.77
0.76
0.94
0.94
0.94
0.94
0.94
0.93
0.92
0.92
0.95
0.95
0.95
0.94
0.95
0.90
0.80
0.79
0.82
0.81
0.95
0.96
0.95
0.95
0.95
0.94
0.94
0.92
0.95
0.95
0.94
0.94
0.93
0.91
0.86
0.86
0.95
0.95
0.95
0.94
0.95
0.91
0.88
0.88
0.87
0.87
0.86
0.95
0.95
0.95
0.94
0.93
0.92
0.88
0.88
0.94
0.94
0.94
0.93
0.93
0.88
0.81
0.83
0.85
0.87
0.89
0.85
0.87
0.86
