76.15
76.15
76.15
76.15
76.15
76.15
76.15
76.15
84.30
84.30
84.30
84.30
84.30
84.30
79.26
79.26
79.26
79.26
79.26
79.26
79.26
79.26
79.26
79.26
79.26
79.26
82.79
82.79
82.79
82.79
82.79
82.79
82.79
82.79
82.79
82.79
82.79
81.73
81.73
81.73
81.73
81.73
81.73
81.73
81.73
84.04
84.04
84.04
84.04
83.45
83.45
83.45
83.45
83.45
83.45
83.45
77.09
77.09
77.09
77.09
77.09
77.09
77.09
79.58
79.58
79.58
79.58
79.58
79.58
79.58
79.58
79.58
79.58
79.58
73.52
73.52
73.52
73.52
73.52
73.52
73.52
73.52
77.05
77.05
77.05
77.05
77.05
77.05
77.05
77.05
73.48
73.48
73.48
73.48
73.48
73.48
73.48
73.48
70.93
70.93
70.93
70.93
70.93
70.93
70.93
66.94
66.94
66.94
66.94
66.94
66.94
66.94
66.94
66.94
66.30
66.30
66.30
66.30
66.30
66.30
66.30
66.30
60.67
60.67
60.67
60.67
60.67
60.67
60.67
