96.76
96.76
96.76
96.76
96.76
96.76
96.76
96.76
96.76
96.76
96.76
96.76
96.25
96.25
96.25
96.25
96.25
97.73
97.73
97.73
97.73
97.73
97.73
97.73
97.73
97.86
97.86
97.86
97.86
97.86
97.86
97.86
97.86
97.86
98.06
98.06
98.06
98.06
98.06
98.06
98.06
98.06
98.06
97.67
97.67
97.67
97.67
97.06
97.06
97.06
97.06
97.06
97.06
97.06
97.06
97.06
97.35
97.35
97.35
97.35
97.35
97.35
97.35
97.35
97.35
97.61
97.61
97.61
97.61
97.61
97.61
97.61
97.61
97.61
97.61
98.12
98.12
98.12
98.12
98.12
98.12
98.12
98.12
98.12
98.12
98.12
98.12
98.61
98.61
98.61
98.61
98.61
98.61
98.61
98.61
98.61
98.61
98.61
98.76
98.76
98.76
98.76
98.76
98.76
98.76
98.76
98.67
98.67
98.67
98.67
98.67
98.67
98.75
98.75
98.75
98.75
98.75
98.75
98.75
98.01
98.01
98.01
98.01
98.01
98.01
98.01
98.01
