98.94
98.94
98.94
98.94
98.94
98.83
98.83
98.83
98.83
98.83
98.83
98.83
98.83
98.86
98.86
98.86
98.86
98.86
98.86
98.86
98.86
98.86
98.80
98.80
98.80
98.80
98.80
98.80
98.80
98.43
98.43
98.43
98.43
98.43
98.43
98.40
98.40
98.40
98.40
98.40
98.40
97.29
97.29
97.29
97.29
97.29
97.29
97.29
97.29
97.29
97.29
97.84
97.84
97.84
97.84
98.59
98.59
98.59
98.59
98.59
98.59
98.59
98.59
97.68
97.68
97.68
97.68
97.68
97.68
97.68
96.33
96.33
96.33
96.33
96.33
96.33
96.33
96.33
96.33
97.69
97.69
97.69
97.69
97.69
97.69
97.69
97.69
97.69
97.69
97.96
97.96
97.96
97.96
97.96
97.96
97.96
97.96
97.96
97.96
97.96
98.55
98.55
98.55
98.55
98.55
98.55
98.55
98.31
98.31
98.31
98.31
98.31
98.09
98.09
98.09
98.09
98.09
98.70
98.70
98.70
98.70
98.70
98.70
98.70
98.70
98.39
98.39
98.39
98.39
98.39
98.39
98.39
98.39
98.39
98.87
98.87
98.87
98.87
98.87
98.87
98.87
98.87
98.87
98.87
98.87
98.87
98.87
98.87
98.87
98.87
98.93
98.93
98.93
98.93
98.93
98.94
98.94
98.94
98.94
98.94
98.94
98.97
98.97
98.97
98.97
98.97
98.97
98.97
98.93
98.93
98.93
98.93
98.93
98.93
98.93
98.93
98.93
98.93
98.93
98.85
98.85
98.85
98.85
98.85
98.85
98.85
