91.14
91.14
91.14
91.14
91.14
91.14
91.14
91.14
92.69
92.69
92.69
92.69
92.69
92.54
92.54
92.54
92.54
92.54
92.54
92.54
92.54
92.88
92.88
92.88
92.88
92.88
92.88
92.88
92.88
92.88
94.03
94.03
94.03
94.03
94.03
94.06
94.06
94.06
94.06
94.06
93.85
93.85
93.85
93.85
93.85
93.85
93.85
93.85
94.54
94.54
94.54
94.54
94.54
94.54
94.54
94.54
94.54
95.22
95.22
95.22
95.22
95.22
94.98
94.98
94.98
94.98
94.98
95.08
95.08
95.08
95.08
95.08
95.08
95.08
95.08
95.67
95.67
95.67
95.67
95.67
95.67
95.67
95.67
95.67
95.79
95.79
95.79
95.79
95.79
96.20
96.20
96.20
96.20
96.20
96.20
96.20
96.20
96.20
96.20
96.20
96.14
96.14
96.14
96.14
96.14
96.14
96.14
96.14
96.14
95.93
95.93
95.93
95.93
95.93
95.93
95.93
95.93
95.93
