33.29
33.29
33.29
33.29
33.29
33.29
33.29
33.29
33.29
33.29
33.23
33.23
33.23
33.23
33.23
33.23
33.23
30.06
30.06
30.06
30.06
30.06
30.06
30.06
30.06
30.06
29.71
29.71
29.71
29.71
29.71
29.71
29.71
27.27
27.27
27.27
27.27
27.27
27.27
27.27
27.27
28.35
28.35
28.35
28.35
28.35
28.35
28.35
28.35
28.35
29.99
29.99
29.99
29.99
29.99
29.99
29.99
51.40
51.40
51.40
51.40
51.40
51.40
51.40
51.40
51.40
61.14
61.14
61.14
61.14
61.14
61.14
61.14
82.30
82.30
82.30
82.30
82.30
82.30
82.30
82.30
87.75
87.75
87.75
87.75
87.75
87.75
87.75
87.75
89.20
89.20
89.20
89.20
89.20
89.20
89.20
89.20
89.20
89.20
88.77
88.77
88.77
88.77
88.77
88.13
88.13
88.13
88.13
88.13
88.13
88.13
86.27
86.27
86.27
86.27
86.27
86.27
86.27
86.27
81.67
81.67
81.67
81.67
81.67
74.23
74.23
74.23
74.23
74.23
74.23
76.93
76.93
76.93
76.93
76.93
76.93
76.93
76.93
80.33
80.33
80.33
80.33
86.26
86.26
86.26
86.26
86.26
86.26
86.26
86.26
86.26
86.26
86.26
87.80
87.80
87.80
87.80
87.80
87.80
87.80
87.80
88.04
88.04
88.04
88.04
88.04
88.04
88.04
88.04
90.36
90.36
90.36
90.36
90.36
90.36
90.36
90.36
90.36
90.36
90.36
90.36
89.81
89.81
89.81
89.81
89.81
89.81
89.81
89.81
89.18
89.18
89.18
89.18
89.18
89.18
86.90
86.90
86.90
86.90
86.90
86.00
86.00
86.00
86.00
86.00
86.00
86.00
86.00
86.09
86.09
86.09
86.09
86.09
86.09
87.20
87.20
87.20
87.20
87.20
87.20
87.20
87.20
87.20
85.00
85.00
85.00
85.00
85.00
85.00
85.00
85.00
85.16
85.16
85.16
85.16
85.16
85.16
85.16
85.16
85.16
85.16
88.22
88.22
88.22
88.22
88.22
88.22
88.22
88.22
86.89
86.89
86.89
86.89
89.24
89.24
89.24
89.24
89.24
89.24
89.24
89.24
89.24
89.24
89.24
89.24
89.16
89.16
89.16
89.16
89.16
89.16
89.16
89.16
87.98
87.98
87.98
87.98
87.98
87.98
87.98
87.98
87.98
83.99
83.99
83.99
83.99
88.28
88.28
88.28
88.28
88.28
88.28
88.28
88.28
88.28
89.91
89.91
89.91
89.91
89.91
89.91
89.91
89.91
89.68
89.68
89.68
89.68
89.68
89.68
89.68
89.68
83.53
83.53
83.53
83.53
