0.90
0.90
0.89
0.89
0.88
0.86
0.86
0.85
0.91
0.91
0.90
0.90
0.89
0.87
0.83
0.82
0.82
0.83
0.85
0.86
0.86
0.85
0.88
0.89
0.89
0.88
0.88
0.84
0.83
0.85
0.90
0.91
0.89
0.89
0.87
0.93
0.84
0.84
0.81
0.82
0.79
0.82
0.80
0.80
0.83
0.84
0.83
0.82
0.89
0.89
0.87
0.89
0.85
0.89
0.87
0.88
0.88
0.87
0.87
0.86
0.86
0.83
0.83
0.82
0.80
0.82
0.81
0.81
0.80
0.79
0.79
0.80
0.80
0.71
0.70
0.70
0.68
0.68
0.67
0.68
0.72
0.71
0.71
0.69
0.69
0.67
0.69
0.74
0.73
0.73
0.72
0.70
0.71
0.69
0.70
0.69
0.67
0.66
0.65
0.66
0.64
0.64
0.62
0.60
0.58
0.59
0.56
0.54
0.55
0.53
0.34
0.48
0.37
0.36
0.36
0.36
0.32
0.33
0.19
0.23
0.22
0.22
0.21
0.22
0.47
0.47
0.47
0.42
0.45
0.39
0.41
0.37
0.29
0.26
0.34
0.42
0.42
0.43
0.39
0.41
0.32
0.38
0.38
0.38
0.34
0.36
0.30
0.30
0.28
0.40
0.40
0.41
0.37
0.39
0.32
0.32
0.39
0.40
0.39
0.36
0.38
0.35
0.30
0.34
0.33
0.38
0.26
0.30
0.41
0.41
0.41
0.40
0.43
0.43
0.43
0.39
0.42
0.48
0.47
0.46
0.42
0.44
0.39
0.41
0.39
0.38
0.50
0.49
0.49
0.48
0.53
0.54
0.53
0.50
0.51
0.48
0.49
0.55
0.51
0.52
0.52
0.53
0.50
0.53
0.49
0.51
0.48
0.46
0.47
0.43
0.44
0.38
0.42
0.44
0.45
0.44
0.42
0.27
0.45
0.31
0.33
0.28
0.35
0.34
0.31
0.10
0.19
0.20
0.18
0.18
0.18
0.46
0.47
0.47
0.44
0.46
0.47
0.47
0.47
0.43
0.45
0.41
0.44
0.48
0.42
