0.87
0.87
0.86
0.84
0.86
0.86
0.86
0.85
0.85
0.80
0.76
0.71
0.67
0.83
0.83
0.84
0.81
0.82
0.73
0.70
0.66
0.63
0.87
0.87
0.87
0.86
0.86
0.84
0.83
0.86
0.86
0.87
0.84
0.87
0.76
0.68
0.68
0.89
0.90
0.90
0.88
0.89
0.81
0.81
0.78
0.90
0.91
0.91
0.89
0.91
0.85
0.80
0.81
0.92
0.93
0.93
0.92
0.92
0.90
0.86
0.86
0.93
0.93
0.93
0.92
0.93
0.87
0.85
0.80
0.75
0.93
0.94
0.94
0.92
0.93
0.93
0.93
0.92
0.92
0.91
0.89
0.88
0.92
0.93
0.92
0.91
0.90
0.84
0.75
0.77
0.82
0.78
0.83
0.78
0.81
0.79
0.95
0.95
0.94
0.94
0.93
0.91
0.90
0.94
0.94
0.93
0.93
0.93
0.93
0.92
0.92
0.90
0.82
0.82
0.79
0.91
0.91
0.91
0.90
0.90
0.85
0.84
0.90
0.89
0.88
0.87
0.86
0.81
0.78
0.72
0.74
0.87
0.88
0.88
0.86
0.87
0.81
0.79
0.80
0.83
0.84
0.84
0.79
0.82
0.70
0.67
0.65
0.62
0.87
0.87
0.87
0.85
0.85
0.86
0.86
0.86
0.84
0.84
0.79
0.77
0.87
0.88
0.87
0.86
0.84
