0.96
0.96
0.96
0.95
0.96
0.88
0.81
0.79
0.76
0.96
0.96
0.96
0.96
0.96
0.96
0.96
0.96
0.96
0.96
0.95
0.95
0.93
0.96
0.96
0.96
0.95
0.95
0.94
0.91
0.90
0.90
0.96
0.96
0.95
0.95
0.95
0.90
0.82
0.81
0.81
0.82
0.95
0.95
0.95
0.95
0.94
0.95
0.94
0.94
0.94
0.94
0.93
0.91
0.91
0.90
0.90
0.87
0.89
0.95
0.95
0.94
0.95
0.94
0.95
0.94
0.94
0.93
0.93
0.91
0.93
0.95
0.95
0.95
0.95
0.94
0.94
0.91
0.90
0.95
0.95
0.95
0.95
0.93
0.93
0.91
0.90
0.83
0.82
0.88
0.94
0.94
0.93
0.93
0.90
0.93
0.93
0.93
0.92
0.92
0.89
0.90
0.83
0.91
0.90
0.90
0.89
0.89
0.86
0.86
0.88
0.87
0.86
0.85
0.82
0.83
0.82
0.86
0.85
0.85
0.83
0.82
0.77
0.72
0.70
0.69
0.68
0.88
0.88
0.89
0.87
0.89
0.82
0.80
0.77
0.76
0.90
0.91
0.92
0.89
0.91
0.84
0.82
0.80
0.78
0.93
0.93
0.94
0.92
0.93
0.94
0.95
0.95
0.94
0.95
0.90
0.90
0.96
0.96
0.96
0.95
0.96
0.92
0.86
0.87
0.86
0.88
0.96
0.96
0.96
0.95
0.96
0.92
0.86
0.86
0.96
0.96
0.97
0.96
0.96
0.87
0.80
0.73
0.78
0.97
0.97
0.97
0.96
0.96
0.95
0.92
0.92
0.97
0.97
0.97
0.97
0.97
0.97
0.97
0.97
0.97
0.97
0.91
0.85
0.79
0.75
0.97
0.97
0.97
0.96
0.96
0.92
0.87
0.87
0.86
0.97
0.97
0.97
0.96
0.96
0.93
0.93
0.88
0.97
0.97
0.97
0.97
0.97
0.97
0.97
0.97
0.97
0.95
0.91
0.91
