82.91
82.91
82.91
82.91
82.91
85.70
85.70
85.70
85.70
85.70
85.70
85.70
85.70
87.86
87.86
87.86
87.86
87.86
87.86
87.86
87.86
91.05
91.05
91.05
91.05
91.05
91.05
91.05
91.05
90.46
90.46
90.46
90.46
90.46
90.46
90.46
90.46
90.50
90.50
90.50
90.50
90.50
90.50
90.50
90.50
87.31
87.31
87.31
87.31
87.31
87.31
87.31
87.31
87.31
84.01
84.01
84.01
84.01
84.01
84.01
84.01
84.35
84.35
84.35
84.35
84.35
84.35
84.35
84.35
79.76
79.76
79.76
79.76
79.76
79.76
79.76
79.76
79.76
75.11
75.11
75.11
75.11
75.11
75.11
75.11
75.11
75.11
76.20
76.20
76.20
76.20
76.20
76.20
76.20
76.20
76.20
79.66
79.66
79.66
79.66
79.66
80.27
80.27
80.27
80.27
80.27
80.27
80.27
80.27
79.12
79.12
79.12
79.12
79.12
79.12
79.12
74.03
74.03
74.03
74.03
74.03
74.03
74.03
74.03
74.03
74.56
74.56
74.56
74.56
74.56
74.56
74.56
74.56
74.56
74.56
74.56
78.35
78.35
78.35
78.35
78.35
78.35
78.35
78.35
78.35
78.35
78.35
74.69
74.69
74.69
74.69
74.69
74.69
72.12
72.12
72.12
72.12
72.12
72.12
72.12
72.12
72.12
76.59
76.59
76.59
76.59
76.59
76.59
76.59
76.59
77.37
77.37
77.37
77.37
77.37
77.37
77.37
77.37
77.37
77.37
77.37
76.78
76.78
76.78
76.78
76.78
76.78
76.78
76.78
76.78
75.24
75.24
75.24
75.24
75.24
75.24
75.24
75.24
75.45
75.45
75.45
75.45
75.45
75.45
75.45
75.45
74.36
74.36
74.36
74.36
74.36
74.36
74.36
74.36
72.32
72.32
72.32
72.32
72.32
72.32
72.32
67.16
67.16
67.16
67.16
67.16
67.16
67.16
67.16
67.16
76.74
76.74
76.74
76.74
76.74
76.74
76.74
85.67
85.67
85.67
85.67
85.67
85.67
85.67
85.67
85.67
85.67
85.67
85.67
88.25
88.25
88.25
88.25
88.25
88.25
88.25
88.25
89.18
89.18
89.18
89.18
89.18
89.18
89.18
89.18
89.18
89.79
89.79
89.79
89.79
89.79
89.79
89.79
89.79
89.79
89.79
89.79
89.79
89.79
89.79
