97.96
97.96
97.96
97.96
97.96
97.96
97.96
97.96
97.96
97.85
97.85
97.85
97.85
98.52
98.52
98.52
98.52
98.52
98.52
98.52
98.52
98.76
98.76
98.76
98.76
98.76
98.76
98.76
98.76
98.64
98.64
98.64
98.64
98.64
98.64
98.64
98.64
98.64
98.55
98.55
98.55
98.55
98.55
98.55
98.55
98.55
98.55
98.55
98.55
98.06
98.06
98.06
98.06
98.06
98.06
98.06
98.06
96.05
96.05
96.05
96.05
96.05
96.05
96.05
96.05
96.05
97.04
97.04
97.04
97.04
97.04
97.04
97.04
97.04
97.04
97.96
97.96
97.96
97.96
97.96
97.96
97.96
98.30
98.30
98.30
98.30
98.30
98.30
98.30
98.30
98.30
98.44
98.44
98.44
98.44
98.44
98.44
98.44
98.44
98.44
98.44
98.44
98.65
98.65
98.65
98.65
98.65
98.65
98.65
98.65
98.69
98.69
98.69
98.69
98.69
98.69
98.69
98.69
98.69
98.69
98.69
98.69
98.80
98.80
98.80
98.80
98.80
98.80
98.80
98.80
98.62
98.62
98.62
98.62
98.62
98.50
98.50
98.50
98.50
98.50
98.36
98.36
98.36
98.36
98.36
98.36
98.36
98.36
98.36
98.36
98.36
98.36
97.48
97.48
97.48
97.48
97.48
97.48
97.48
97.48
97.48
97.48
97.48
97.48
95.65
95.65
95.65
95.65
95.65
95.65
95.65
94.07
94.07
94.07
94.07
94.07
94.07
94.07
96.68
96.68
96.68
96.68
96.68
96.68
97.96
97.96
97.96
97.96
97.96
97.96
98.49
98.49
98.49
98.49
98.49
98.49
98.49
98.22
98.22
98.22
98.22
98.22
98.22
98.22
98.22
98.22
98.18
98.18
98.18
98.18
98.18
98.18
98.18
98.18
98.52
98.52
98.52
98.52
98.52
98.52
98.52
98.13
98.13
98.13
98.13
98.13
98.13
98.13
98.13
98.08
98.08
98.08
98.08
98.08
98.08
98.08
98.08
98.08
98.28
98.28
98.28
98.28
98.28
98.28
98.28
98.28
98.60
98.60
98.60
98.60
98.60
98.60
98.60
97.79
97.79
97.79
97.79
98.01
98.01
98.01
98.01
98.01
98.01
98.01
98.01
98.01
98.01
98.01
97.35
97.35
97.35
97.35
97.35
97.35
97.35
97.35
98.43
98.43
98.43
98.43
98.43
98.43
98.43
98.43
98.37
98.37
98.37
98.37
98.37
98.37
98.37
98.37
98.34
98.34
98.34
98.34
98.34
98.34
98.34
97.93
97.93
97.93
97.93
97.93
97.93
96.39
96.39
96.39
96.39
96.39
96.39
96.39
96.39
96.39
98.14
98.14
98.14
98.14
98.14
98.30
98.30
98.30
98.30
98.30
98.30
98.30
98.41
98.41
98.41
98.41
98.41
98.41
98.41
98.41
98.41
97.78
97.78
97.78
97.78
97.78
97.78
97.78
97.78
95.86
95.86
95.86
95.86
95.86
95.86
95.86
95.86
95.86
