0.92
0.93
0.92
0.91
0.91
0.89
0.88
0.93
0.93
0.93
0.92
0.92
0.86
0.82
0.84
0.92
0.92
0.92
0.91
0.91
0.87
0.85
0.83
0.83
0.93
0.93
0.93
0.92
0.92
0.88
0.87
0.93
0.93
0.93
0.92
0.92
0.93
0.93
0.92
0.91
0.91
0.85
0.81
0.78
0.66
0.62
0.75
0.91
0.90
0.90
0.89
0.88
0.84
0.83
0.80
0.73
0.71
0.77
0.89
0.90
0.88
0.88
0.86
0.82
0.75
0.77
0.82
0.79
0.80
0.77
0.78
0.78
0.91
0.91
0.90
0.88
0.89
0.87
0.86
0.85
0.84
0.74
0.70
0.63
0.59
0.84
0.83
0.83
0.82
0.80
0.75
0.73
0.67
0.60
0.56
0.68
0.85
0.84
0.84
0.83
0.82
0.78
0.75
0.69
0.66
0.86
0.86
0.86
0.82
0.83
0.73
0.66
0.66
0.88
0.88
0.89
0.86
0.87
0.79
0.76
0.70
0.64
0.87
0.88
0.87
0.85
0.84
0.79
0.78
0.91
0.90
0.90
0.88
0.88
0.80
0.76
0.69
0.62
0.91
0.91
0.91
0.90
0.89
0.88
0.90
0.85
0.92
0.92
0.92
0.91
0.91
0.86
0.84
0.83
0.92
0.92
0.91
0.91
0.90
0.89
0.85
0.85
0.85
0.86
0.79
0.84
0.91
0.90
0.90
0.89
0.89
0.78
0.73
0.68
0.65
0.90
0.90
0.90
0.89
0.90
0.85
0.83
0.79
0.73
0.91
0.91
0.91
0.90
0.90
0.84
0.77
0.77
0.91
0.91
0.90
0.89
0.88
0.78
0.90
0.89
0.89
0.87
0.88
0.78
0.74
0.67
0.53
0.49
0.65
0.88
0.88
0.88
0.87
