95.27
95.27
95.27
95.27
95.27
95.27
95.27
95.27
95.27
95.27
95.27
92.42
92.42
92.42
92.42
94.86
94.86
94.86
94.86
94.86
94.86
94.86
94.86
94.86
94.86
94.86
95.33
95.33
95.33
95.33
95.33
95.33
95.33
93.90
93.90
93.90
93.90
93.90
93.90
93.90
94.63
94.63
94.63
94.63
94.63
94.63
94.63
94.63
94.63
95.69
95.69
95.69
95.69
95.69
95.69
95.69
95.69
95.69
96.24
96.24
96.24
96.24
96.24
96.24
96.24
96.24
96.24
97.35
97.35
97.35
97.35
97.35
97.35
97.35
97.35
97.72
97.72
97.72
97.72
97.72
97.72
97.72
98.05
98.05
98.05
98.05
98.05
98.05
98.05
98.05
98.05
98.05
98.05
97.99
97.99
97.99
97.99
97.99
97.99
97.99
97.99
97.99
97.99
97.99
97.99
97.99
97.99
97.96
97.96
97.96
97.96
97.96
97.96
98.12
98.12
98.12
98.12
98.12
98.12
98.12
98.12
98.15
98.15
98.15
98.15
98.15
98.15
98.15
98.15
98.15
97.36
97.36
97.36
97.36
97.36
97.36
97.36
97.36
97.36
97.36
97.36
98.15
98.15
98.15
98.15
98.15
98.15
98.15
98.15
98.54
98.54
98.54
98.54
98.54
98.54
98.54
98.48
98.48
98.48
98.48
98.48
98.48
98.48
98.45
98.45
98.45
98.45
98.45
98.45
98.45
98.45
98.45
98.45
98.66
98.66
98.66
98.66
98.66
98.66
98.66
98.35
98.35
98.35
98.35
98.35
98.35
98.35
96.99
96.99
96.99
96.99
96.99
96.99
96.99
96.99
97.44
97.44
97.44
97.44
98.59
98.59
98.59
98.59
98.59
98.59
98.59
98.59
98.53
98.53
98.53
98.53
98.53
98.53
98.53
98.53
98.67
98.67
98.67
98.67
98.67
98.67
98.67
98.67
98.38
98.38
98.38
98.38
98.38
98.38
98.38
98.02
98.02
98.02
98.02
98.02
98.02
98.02
98.38
98.38
98.38
98.38
98.38
98.38
98.38
98.38
98.45
98.45
98.45
98.45
98.45
98.45
98.45
98.45
98.45
98.45
98.45
98.45
98.17
98.17
98.17
98.17
98.17
98.17
98.17
98.17
98.17
98.17
98.17
98.36
98.36
98.36
98.36
98.36
98.36
98.36
98.08
98.08
98.08
98.08
98.08
98.08
98.08
98.08
98.08
98.25
98.25
98.25
98.25
98.25
98.25
98.25
98.25
98.23
98.23
98.23
98.23
98.23
97.10
97.10
97.10
97.10
97.10
97.10
97.10
97.10
97.10
97.10
97.10
97.10
97.10
97.10
97.10
97.10
97.50
97.50
97.50
97.50
97.50
97.50
97.50
97.50
97.50
97.68
97.68
97.68
97.68
97.68
97.68
97.68
97.68
97.53
97.53
97.53
97.53
98.56
98.56
98.56
98.56
98.56
98.56
98.56
98.56
98.56
98.56
98.56
98.56
98.39
98.39
98.39
98.39
98.39
98.39
98.39
