97.35
97.35
97.35
97.35
97.35
97.35
97.35
97.35
97.44
97.44
97.44
97.44
97.44
97.44
97.44
97.44
95.29
95.29
95.29
95.29
95.29
95.29
95.29
95.29
94.51
94.51
94.51
94.51
94.51
94.51
94.51
94.51
94.51
95.39
95.39
95.39
95.39
95.39
95.39
95.39
95.39
95.39
95.39
95.39
94.67
94.67
94.67
94.67
94.67
94.67
94.67
94.67
92.54
92.54
92.54
92.54
92.54
92.54
92.54
92.54
92.54
92.54
92.54
92.91
92.91
92.91
92.91
92.91
92.91
92.91
92.91
92.91
93.44
93.44
93.44
93.44
93.44
93.44
93.44
93.44
90.91
90.91
90.91
90.91
89.27
89.27
89.27
89.27
89.27
89.27
89.27
89.27
89.27
89.27
89.27
89.27
85.05
85.05
85.05
85.05
85.05
85.05
85.05
85.05
82.20
82.20
82.20
82.20
82.20
80.75
80.75
80.75
80.75
80.75
80.75
80.75
77.52
77.52
77.52
77.52
77.52
77.52
77.52
77.52
77.52
77.52
77.52
72.16
72.16
72.16
72.16
72.16
72.16
72.16
72.16
72.16
65.52
65.52
65.52
65.52
65.52
65.52
65.52
65.52
65.52
61.51
61.51
61.51
61.51
61.51
61.51
61.51
61.51
61.51
61.51
60.62
60.62
60.62
60.62
60.62
60.62
66.42
66.42
66.42
66.42
66.42
66.42
66.42
66.42
76.97
76.97
76.97
76.97
76.97
76.97
76.97
76.97
