95.42
95.42
95.42
95.42
95.42
95.42
95.42
95.42
93.49
93.49
93.49
93.49
93.49
93.49
93.49
93.49
93.49
92.68
92.68
92.68
92.68
92.68
92.68
92.68
94.03
94.03
94.03
94.03
94.03
94.03
94.03
94.03
91.89
91.89
91.89
91.89
91.89
91.89
91.89
93.31
93.31
93.31
93.31
93.31
93.31
96.58
96.58
96.58
96.58
96.58
96.58
96.58
96.58
96.58
96.58
96.58
96.58
96.58
96.58
96.57
96.57
96.57
96.57
96.57
96.57
96.57
96.57
96.57
97.86
97.86
97.86
97.86
97.86
97.86
97.86
97.86
98.58
98.58
98.58
98.58
98.58
98.58
98.58
98.58
98.58
98.58
98.58
98.58
98.14
98.14
98.14
98.14
98.14
98.14
98.14
98.14
98.14
98.14
98.14
98.14
98.14
98.14
98.61
98.61
98.61
98.61
98.61
98.61
98.61
98.61
98.01
98.01
98.01
98.01
98.01
98.01
98.01
98.01
97.51
97.51
97.51
97.51
97.51
97.51
97.51
97.51
96.21
96.21
96.21
96.21
96.21
96.21
96.21
96.21
96.21
95.54
95.54
95.54
95.54
95.54
95.54
95.54
95.54
95.54
94.81
94.81
94.81
94.81
94.81
94.81
94.81
95.47
95.47
95.47
95.47
95.47
95.47
95.47
95.47
95.47
96.64
96.64
96.64
96.64
96.64
96.64
96.64
96.64
96.64
97.67
97.67
97.67
97.67
97.67
97.67
97.67
97.67
