44.38
44.38
44.38
44.38
44.38
44.38
44.38
44.38
52.81
52.81
52.81
52.81
52.81
52.81
52.81
83.12
83.12
83.12
83.12
83.12
83.12
95.62
95.62
95.62
95.62
95.62
95.62
95.62
95.62
95.62
95.62
95.62
96.56
96.56
96.56
96.56
96.56
98.06
98.06
98.06
98.06
98.06
98.06
98.06
98.69
98.69
98.69
98.69
98.69
98.69
98.69
98.69
98.69
98.69
98.69
98.69
98.69
98.69
98.69
98.69
98.69
98.69
98.69
98.69
98.69
98.69
98.69
98.69
98.69
98.69
98.69
98.69
98.69
98.69
98.69
98.50
98.50
98.50
98.50
98.50
98.50
97.88
97.88
97.88
97.88
97.88
97.88
97.88
97.88
97.88
96.44
96.44
96.44
96.44
96.44
96.44
96.44
96.44
95.06
95.06
95.06
95.06
95.06
95.06
95.06
95.06
96.94
96.94
96.94
96.94
96.94
96.94
98.31
98.31
98.31
98.31
98.31
98.31
98.31
98.31
98.31
98.56
98.56
98.56
98.56
98.56
98.56
98.56
98.56
98.19
98.19
98.19
98.19
98.19
98.19
98.38
98.38
98.38
98.38
98.38
98.38
98.38
98.38
98.38
98.38
98.38
