95.46
95.46
95.46
95.46
95.46
95.46
95.46
95.46
95.46
95.57
95.57
95.57
95.57
95.57
95.57
95.57
95.57
91.87
91.87
91.87
91.87
91.87
91.87
91.87
91.87
90.44
90.44
90.44
90.44
90.44
90.44
90.44
90.85
90.85
90.85
90.85
90.85
90.85
90.85
90.85
93.30
93.30
93.30
93.30
93.30
93.30
93.30
93.30
90.22
90.22
90.22
90.22
90.22
90.22
90.22
90.22
89.85
89.85
89.85
89.85
89.85
89.85
89.85
91.21
91.21
91.21
91.21
91.21
91.21
91.21
91.21
91.21
92.51
92.51
92.51
92.51
92.51
92.51
92.51
92.51
92.97
92.97
92.97
92.97
92.97
92.97
92.97
92.97
95.54
95.54
95.54
95.54
95.54
95.54
95.54
96.06
96.06
96.06
96.06
96.06
96.06
96.04
96.04
96.04
96.04
96.04
96.04
96.04
95.12
95.12
95.12
95.12
95.12
95.12
95.12
95.12
95.12
95.12
95.12
93.26
93.26
93.26
93.26
93.26
93.26
93.26
93.26
95.14
95.14
95.14
95.14
95.14
95.14
95.14
95.14
95.14
95.14
95.14
90.29
90.29
90.29
90.29
90.29
90.29
90.29
90.29
91.07
91.07
91.07
91.07
91.07
92.17
92.17
92.17
92.17
92.17
94.68
94.68
94.68
94.68
94.68
94.68
94.68
95.72
95.72
95.72
95.72
95.72
95.72
95.72
95.72
95.72
95.72
95.72
95.72
97.50
97.50
97.50
97.50
97.50
97.50
97.50
97.50
97.33
97.33
97.33
97.33
97.33
96.92
96.92
96.92
96.92
96.92
96.92
96.92
96.92
96.08
96.08
96.08
96.08
96.08
96.08
96.08
96.08
93.49
93.49
93.49
93.49
93.49
93.49
93.49
93.49
94.50
94.50
94.50
94.50
94.50
95.06
95.06
95.06
95.06
95.06
95.06
95.06
95.23
95.23
95.23
95.23
95.23
95.23
95.23
95.23
95.23
95.23
95.23
95.23
96.36
96.36
96.36
96.36
96.36
96.36
96.36
96.36
96.36
96.36
96.36
95.89
95.89
95.89
95.89
95.89
95.89
95.89
95.89
95.89
95.52
95.52
95.52
95.52
