98.14
98.14
98.14
98.14
98.14
98.14
98.14
98.14
98.34
98.34
98.34
98.34
97.92
97.92
97.92
97.92
97.92
97.92
97.92
97.92
97.92
97.92
97.92
97.92
96.69
96.69
96.69
96.69
96.69
96.69
96.69
97.28
97.28
97.28
97.28
97.28
97.28
95.90
95.90
95.90
95.90
95.90
95.90
96.96
96.96
96.96
96.96
96.96
96.96
97.71
97.71
97.71
97.71
97.71
97.71
97.71
97.71
97.71
97.71
97.71
97.71
97.03
97.03
97.03
97.03
97.03
97.03
97.03
97.03
97.03
96.79
96.79
96.79
96.79
96.79
96.79
96.79
96.79
96.79
97.49
97.49
97.49
97.49
97.49
97.49
97.49
97.49
97.49
97.49
97.49
94.71
94.71
94.71
94.71
94.71
94.71
94.71
94.71
94.71
92.71
92.71
92.71
92.71
92.71
92.71
92.71
92.71
92.71
85.82
85.82
85.82
85.82
85.82
85.82
85.82
85.82
91.54
91.54
91.54
91.54
91.54
91.54
91.54
91.54
96.40
96.40
96.40
96.40
96.40
96.40
97.25
97.25
97.25
97.25
97.25
97.25
97.25
97.25
97.25
97.25
97.25
97.21
97.21
97.21
97.21
97.21
97.21
97.21
97.10
97.10
97.10
97.10
97.10
97.10
94.19
94.19
94.19
94.19
94.19
94.19
94.19
90.60
90.60
90.60
90.60
90.60
90.60
90.60
90.60
90.60
89.06
89.06
89.06
89.06
89.06
89.06
89.06
89.06
89.06
93.44
93.44
93.44
93.44
96.47
96.47
96.47
96.47
96.47
96.47
97.70
97.70
97.70
97.70
97.70
97.70
97.70
98.33
98.33
98.33
98.33
98.33
98.33
98.33
98.33
98.33
98.81
98.81
98.81
98.81
98.81
98.81
98.81
98.81
98.67
98.67
98.67
98.67
98.74
98.74
98.74
98.74
98.74
98.74
98.74
98.74
98.74
98.74
98.58
98.58
98.58
98.58
98.58
98.58
98.58
98.58
98.58
98.58
98.58
98.58
98.57
98.57
98.57
98.57
98.57
97.98
97.98
97.98
97.98
97.98
97.98
97.98
97.98
97.19
97.19
97.19
97.19
97.19
97.19
97.19
97.19
97.19
97.04
97.04
97.04
97.04
97.04
97.04
97.04
97.04
97.04
97.04
97.04
93.85
93.85
93.85
93.85
93.85
93.85
93.85
93.85
93.85
93.75
93.75
93.75
93.75
96.65
96.65
96.65
96.65
96.65
96.65
96.65
96.65
96.65
96.78
96.78
96.78
96.78
96.78
96.78
96.78
93.78
93.78
93.78
93.78
93.78
94.23
94.23
94.23
94.23
94.23
94.23
94.23
96.62
96.62
96.62
96.62
96.62
96.62
96.62
97.12
97.12
97.12
97.12
97.12
97.12
97.12
97.12
97.12
97.44
97.44
97.44
97.44
97.44
97.44
97.44
97.44
97.44
97.95
97.95
97.95
97.95
97.95
97.95
97.95
98.24
98.24
98.24
98.24
98.24
98.24
98.24
98.58
98.58
98.58
98.58
98.58
98.58
98.58
98.58
98.58
98.58
98.58
98.58
98.74
98.74
98.74
98.74
98.74
98.74
98.74
98.74
