92.16
92.16
92.16
92.16
92.16
92.16
92.16
92.16
92.16
92.16
92.16
89.99
89.99
89.99
89.99
89.99
89.99
89.99
89.99
90.22
90.22
90.22
90.22
90.22
90.22
90.22
90.22
90.80
90.80
90.80
90.80
90.80
90.80
90.80
90.80
93.25
93.25
93.25
93.25
93.25
94.22
94.22
94.22
94.22
94.22
94.22
94.22
94.22
94.22
94.22
94.22
94.22
94.22
94.22
95.09
95.09
95.09
95.09
95.09
95.09
95.09
95.09
95.09
95.09
95.16
95.16
95.16
95.16
95.16
95.16
95.16
95.16
95.79
95.79
95.79
95.79
95.79
95.79
95.79
95.96
95.96
95.96
95.96
95.96
95.96
95.96
95.96
95.96
94.36
94.36
94.36
94.36
94.36
94.36
94.36
92.08
92.08
92.08
92.08
92.08
92.08
92.08
89.92
89.92
89.92
89.92
89.92
89.92
89.92
89.92
89.92
89.92
89.92
83.40
83.40
83.40
83.40
83.40
83.40
83.40
83.40
74.74
74.74
74.74
74.74
74.74
74.74
74.74
74.74
60.22
60.22
60.22
60.22
60.22
60.22
60.22
60.22
60.22
60.22
60.22
48.88
48.88
48.88
48.88
48.88
48.88
48.88
48.88
48.88
47.53
47.53
47.53
47.53
47.53
47.53
47.53
43.09
43.09
43.09
43.09
43.09
43.09
43.71
43.71
43.71
43.71
39.73
39.73
39.73
39.73
39.73
39.73
39.73
39.73
41.16
41.16
41.16
41.16
37.84
37.84
37.84
37.84
37.84
37.84
37.84
37.84
37.84
37.84
40.68
40.68
40.68
40.68
40.68
37.14
37.14
37.14
37.14
37.14
37.14
37.14
37.14
43.61
43.61
43.61
43.61
43.61
43.61
43.61
47.50
47.50
47.50
47.50
47.50
47.50
47.50
47.50
52.49
52.49
52.49
52.49
52.49
52.49
52.49
52.49
52.49
60.29
60.29
60.29
60.29
60.29
60.29
60.29
60.29
66.11
66.11
66.11
66.11
66.11
66.11
66.11
66.11
66.11
66.11
73.83
73.83
73.83
73.83
73.83
73.83
84.74
84.74
84.74
84.74
84.74
84.74
89.28
89.28
89.28
89.28
89.28
89.28
89.28
90.95
90.95
90.95
90.95
90.95
90.95
90.95
92.95
92.95
92.95
92.95
92.95
92.95
92.95
92.95
92.96
92.96
92.96
92.96
92.96
92.96
91.87
91.87
91.87
91.87
91.87
91.87
91.87
90.54
90.54
90.54
90.54
90.54
90.54
90.54
90.54
79.38
79.38
79.38
79.38
78.22
78.22
78.22
78.22
78.22
78.22
78.22
78.22
79.48
79.48
79.48
79.48
79.48
79.48
79.48
79.48
81.26
81.26
81.26
81.26
81.26
81.26
81.26
85.44
85.44
85.44
85.44
85.44
85.44
85.44
85.80
85.80
85.80
85.80
85.80
85.80
85.80
85.50
85.50
85.50
85.50
83.35
83.35
83.35
83.35
83.35
83.35
83.35
83.35
83.35
83.35
83.35
83.35
77.46
77.46
77.46
77.46
77.46
77.46
77.46
74.84
74.84
74.84
74.84
74.84
74.84
74.84
74.84
74.84
73.04
73.04
73.04
73.04
73.04
73.04
73.04
73.04
73.04
70.11
70.11
70.11
70.11
70.11
70.11
70.11
70.11
78.17
78.17
78.17
78.17
78.17
78.17
78.17
78.17
78.17
78.17
78.17
78.17
78.68
78.68
78.68
78.68
78.68
78.68
78.68
81.55
81.55
81.55
81.55
81.55
81.55
81.55
81.55
