64.31
64.31
64.31
64.31
64.31
64.31
79.71
79.71
79.71
79.71
79.71
79.71
79.71
79.71
79.71
89.76
89.76
89.76
89.76
89.76
93.69
93.69
93.69
93.69
93.69
93.69
93.69
93.69
93.69
93.69
93.69
94.98
94.98
94.98
94.98
94.98
96.54
96.54
96.54
96.54
96.54
96.54
96.54
96.54
94.59
94.59
94.59
94.59
94.59
94.59
94.59
94.59
94.59
91.97
91.97
91.97
91.97
91.97
91.97
91.97
91.97
91.97
91.97
91.97
92.21
92.21
92.21
92.21
92.21
92.21
92.21
92.21
94.51
94.51
94.51
94.51
94.51
94.51
94.51
94.51
94.51
91.73
91.73
91.73
91.73
91.73
91.73
91.73
91.44
91.44
91.44
91.44
91.44
91.44
91.44
94.47
94.47
94.47
94.47
94.47
94.47
94.47
95.60
95.60
95.60
95.60
95.60
95.60
95.60
95.60
93.92
93.92
93.92
93.92
93.92
94.60
94.60
94.60
94.60
94.60
96.68
96.68
96.68
96.68
96.68
96.68
96.68
96.68
96.68
96.68
96.68
96.68
96.43
96.43
96.43
96.43
96.43
96.43
96.43
96.43
94.69
94.69
94.69
94.69
94.69
95.39
95.39
95.39
95.39
95.39
95.39
95.39
95.39
95.39
95.39
95.39
96.04
96.04
96.04
96.04
96.04
96.04
96.04
96.04
96.04
96.04
93.32
93.32
93.32
93.32
93.32
93.32
93.32
93.32
94.12
94.12
94.12
94.12
94.12
94.12
94.12
94.12
96.28
96.28
96.28
96.28
96.28
96.28
96.28
96.28
96.43
96.43
96.43
96.43
96.43
96.43
96.43
96.43
96.52
96.52
96.52
96.52
96.52
96.52
96.52
96.20
96.20
96.20
96.20
96.20
96.20
96.20
96.20
96.20
96.20
96.20
96.97
96.97
96.97
96.97
96.97
96.97
96.97
97.85
97.85
97.85
97.85
97.85
97.85
97.85
97.85
97.85
97.85
97.85
98.31
98.31
98.31
98.31
98.31
98.36
98.36
98.36
98.36
98.36
98.36
98.36
98.36
98.36
98.36
98.36
98.74
98.74
98.74
98.74
98.74
98.74
98.74
98.74
98.74
98.74
98.74
98.74
