98.43
98.43
98.43
98.43
98.43
98.43
98.43
98.43
98.07
98.07
98.07
98.07
98.07
98.28
98.28
98.28
98.28
98.28
98.28
98.28
98.28
98.58
98.58
98.58
98.58
98.58
98.58
98.58
98.58
98.33
98.33
98.33
98.33
98.33
98.33
98.33
98.82
98.82
98.82
98.82
98.82
98.82
98.82
98.82
98.82
98.82
98.82
98.82
98.77
98.77
98.77
98.77
98.77
98.77
98.77
98.77
98.77
98.66
98.66
98.66
98.66
98.66
98.66
98.66
98.66
98.66
98.66
98.66
98.66
98.66
98.66
97.97
97.97
97.97
97.97
97.97
97.97
97.97
97.97
97.80
97.80
97.80
97.80
97.80
97.80
97.80
97.80
97.11
97.11
97.11
97.11
97.11
97.11
96.39
96.39
96.39
96.39
96.39
96.39
96.39
96.39
96.39
96.39
96.39
95.49
95.49
95.49
95.49
95.49
95.49
95.49
95.49
93.51
93.51
93.51
93.51
93.51
93.51
93.51
93.51
93.51
92.13
92.13
92.13
92.13
92.13
92.13
92.13
92.13
92.13
94.01
94.01
94.01
94.01
94.01
94.01
94.01
94.01
94.01
94.01
94.01
94.01
94.60
94.60
94.60
94.60
94.60
94.60
94.60
95.70
95.70
95.70
95.70
95.70
95.70
95.70
95.70
97.92
97.92
97.92
97.92
97.92
97.92
97.92
97.92
97.92
97.92
97.92
97.92
97.92
97.92
97.98
97.98
97.98
97.98
97.98
97.98
97.98
97.98
98.42
98.42
98.42
98.42
98.42
98.42
98.42
98.42
98.14
98.14
98.14
98.14
98.14
98.14
98.14
98.14
98.14
98.08
98.08
98.08
98.08
98.08
98.08
98.08
96.58
96.58
96.58
96.58
96.58
96.58
96.58
96.58
96.58
97.62
97.62
97.62
97.62
97.62
97.62
97.62
97.62
97.50
97.50
97.50
97.50
97.50
97.50
97.50
97.50
97.44
97.44
97.44
97.44
97.44
97.44
97.44
97.44
97.44
97.44
97.44
97.44
97.57
97.57
97.57
97.57
97.57
97.57
97.57
97.57
97.57
98.43
98.43
98.43
98.43
98.43
98.43
98.43
98.43
98.46
98.46
98.46
98.46
98.46
98.46
98.46
98.46
98.46
97.75
97.75
97.75
97.75
97.75
97.75
97.75
98.17
98.17
98.17
98.17
98.17
98.17
98.17
98.17
98.17
98.17
98.17
