96.04
96.04
96.04
96.04
96.04
96.04
96.04
96.04
96.04
95.76
95.76
95.76
95.76
95.76
95.76
95.76
95.76
97.00
97.00
97.00
97.00
97.00
97.00
97.00
97.49
97.49
97.49
97.49
97.49
97.49
97.49
97.49
97.49
97.49
97.49
97.49
97.26
97.26
97.26
97.26
97.26
97.26
97.26
97.26
97.81
97.81
97.81
97.81
97.81
97.81
97.81
97.81
97.22
97.22
97.22
97.22
97.22
97.22
97.22
96.48
96.48
96.48
96.48
96.48
95.84
95.84
95.84
95.84
95.84
95.84
95.84
95.84
95.84
92.57
92.57
92.57
92.57
92.57
92.57
92.57
92.10
92.10
92.10
92.10
92.10
92.10
92.10
92.10
90.64
90.64
90.64
90.64
90.64
90.64
90.64
90.64
90.49
90.49
90.49
90.49
90.49
90.49
90.49
89.07
89.07
89.07
89.07
89.07
89.07
89.07
89.07
89.07
89.07
89.07
85.02
85.02
85.02
85.02
86.72
86.72
86.72
86.72
86.72
86.72
86.72
86.72
86.72
86.72
86.72
86.72
89.98
89.98
89.98
89.98
94.28
94.28
94.28
94.28
94.28
94.28
94.28
94.28
94.28
94.28
94.28
95.29
95.29
95.29
95.29
95.29
95.29
95.29
95.29
93.10
93.10
93.10
93.10
93.10
93.10
93.10
92.95
92.95
92.95
92.95
92.95
92.95
92.95
92.95
92.95
92.95
92.95
87.71
87.71
87.71
87.71
87.71
87.71
87.71
87.71
88.09
88.09
88.09
88.09
88.09
88.09
88.09
88.09
83.83
83.83
83.83
83.83
83.83
83.83
83.83
83.83
83.43
83.43
83.43
83.43
83.43
84.55
84.55
84.55
84.55
84.55
84.55
84.55
84.55
84.55
90.36
90.36
90.36
90.36
90.36
90.36
90.36
88.07
88.07
88.07
88.07
88.07
88.07
88.07
88.07
88.84
88.84
88.84
88.84
88.84
88.84
88.84
88.84
88.84
88.84
88.84
91.62
91.62
91.62
91.62
91.62
91.62
91.62
91.62
88.90
88.90
88.90
88.90
88.90
88.90
88.90
86.32
86.32
86.32
86.32
86.32
86.32
86.32
86.32
86.32
88.16
88.16
88.16
88.16
88.16
88.16
88.16
88.16
88.16
87.27
87.27
87.27
87.27
87.27
87.27
87.27
87.27
87.27
87.51
87.51
87.51
87.51
87.51
87.51
87.51
87.51
90.06
90.06
90.06
90.06
90.06
94.47
94.47
94.47
94.47
94.47
94.47
94.47
