0.88
0.88
0.87
0.86
0.85
0.87
0.87
0.88
0.85
0.87
0.77
0.76
0.88
0.88
0.87
0.86
0.86
0.81
0.83
0.88
0.87
0.86
0.86
0.83
0.83
0.86
0.74
0.86
0.85
0.85
0.83
0.82
0.79
0.77
0.85
0.86
0.86
0.82
0.83
0.86
0.83
0.82
0.79
0.78
0.74
0.71
0.73
0.90
0.91
0.90
0.86
0.86
0.71
0.64
0.65
0.60
0.63
0.71
0.67
0.71
0.67
0.94
0.95
0.95
0.94
0.94
0.91
0.90
0.94
0.95
0.95
0.93
0.94
0.85
0.80
0.74
0.95
0.95
0.95
0.94
0.95
0.96
0.96
0.96
0.95
0.95
0.95
0.95
0.95
0.95
0.94
0.94
0.94
0.93
0.93
0.92
0.91
0.89
0.85
0.84
0.84
0.84
0.77
0.82
0.92
0.92
0.92
0.91
0.91
0.90
0.90
0.89
0.89
0.87
0.87
0.87
