88.47
88.47
88.47
88.47
92.32
92.32
92.32
92.32
92.32
92.32
92.32
92.32
93.48
93.48
93.48
93.48
93.48
93.48
93.48
93.48
93.48
93.48
93.48
93.89
93.89
93.89
93.89
95.09
95.09
95.09
95.09
95.09
95.09
95.09
95.09
95.52
95.52
95.52
95.52
95.52
95.52
96.18
96.18
96.18
96.18
96.18
95.75
95.75
95.75
95.75
95.75
95.75
95.75
95.75
96.73
96.73
96.73
96.73
96.73
96.73
96.73
94.60
94.60
94.60
94.60
94.60
94.60
94.60
94.60
94.60
92.95
92.95
92.95
92.95
92.95
92.95
92.95
92.95
92.95
94.22
94.22
94.22
94.22
94.22
94.22
94.22
94.22
94.22
94.22
94.22
94.22
93.45
93.45
93.45
93.45
93.45
93.45
93.45
93.45
95.67
95.67
95.67
95.67
95.67
95.67
95.67
95.67
94.63
94.63
94.63
94.63
94.63
95.75
95.75
95.75
95.75
95.75
95.75
95.75
95.75
97.14
97.14
97.14
97.14
97.14
97.14
97.14
97.14
96.33
96.33
96.33
96.33
96.33
96.33
96.80
96.80
96.80
96.80
96.80
96.80
97.17
97.17
97.17
97.17
97.17
97.17
97.17
97.17
97.03
97.03
97.03
97.03
97.03
97.03
97.03
97.08
97.08
97.08
97.08
97.08
97.08
97.08
97.08
97.08
97.01
97.01
97.01
97.01
97.01
97.01
97.01
97.01
94.24
94.24
94.24
94.24
94.24
94.24
94.24
94.24
94.01
94.01
94.01
94.01
94.01
94.01
94.01
94.01
97.52
97.52
97.52
97.52
97.52
