97.56
97.56
97.56
97.56
97.56
97.56
97.56
97.56
95.38
95.38
95.38
95.38
95.38
95.38
95.38
95.38
95.38
95.38
93.88
93.88
93.88
93.88
93.88
93.88
93.88
91.38
91.38
91.38
91.38
92.12
92.12
92.12
92.12
92.12
92.12
92.12
92.12
92.12
92.12
92.12
92.12
92.12
93.81
93.81
93.81
93.81
93.81
93.81
93.81
93.81
93.81
93.81
93.81
93.81
95.00
95.00
95.00
95.00
95.00
95.00
95.00
95.00
95.00
95.00
95.00
94.81
94.81
94.81
94.81
94.81
94.81
94.81
94.81
94.81
95.88
95.88
95.88
95.88
97.19
97.19
97.19
97.19
97.19
97.19
97.19
97.19
97.19
97.19
97.19
97.19
97.19
97.19
97.19
96.50
96.50
96.50
96.50
96.50
96.50
96.50
96.50
96.50
98.06
98.06
98.06
98.06
98.06
98.69
98.69
98.69
98.69
98.69
98.69
98.69
98.62
98.62
98.62
98.62
98.62
98.44
98.44
98.44
98.44
98.44
98.44
98.44
98.44
98.38
98.38
98.38
98.38
98.56
98.56
98.56
98.56
98.75
98.75
98.75
98.75
98.75
98.75
98.75
98.75
98.75
98.75
98.75
98.69
98.69
98.69
98.69
98.69
98.69
98.69
98.69
98.56
98.56
98.56
98.56
98.56
96.62
96.62
96.62
96.62
96.62
96.62
96.62
96.62
94.81
94.81
94.81
94.81
94.81
90.94
90.94
90.94
90.94
91.19
91.19
91.19
91.19
91.19
87.62
87.62
87.62
87.62
87.62
87.62
89.12
89.12
89.12
89.12
89.12
89.12
88.12
88.12
88.12
88.12
87.19
87.19
87.19
87.19
87.19
87.19
87.19
87.19
87.19
87.19
87.19
87.19
89.00
89.00
89.00
89.00
89.00
89.00
89.00
89.00
89.00
85.19
85.19
85.19
85.19
86.50
86.50
86.50
86.50
86.50
86.50
86.50
91.00
91.00
91.00
91.00
91.00
91.00
91.00
91.00
