95.41
95.41
95.41
95.41
95.41
95.41
95.41
95.41
95.41
95.25
95.25
95.25
95.25
95.25
95.99
95.99
95.99
95.99
95.99
95.99
95.99
95.99
94.95
94.95
94.95
94.95
94.95
94.95
94.95
94.95
93.01
93.01
93.01
93.01
93.01
93.52
93.52
93.52
93.52
93.52
93.52
93.52
92.79
92.79
92.79
92.79
92.79
92.79
92.79
92.79
91.98
91.98
91.98
91.98
91.98
91.98
91.98
89.92
89.92
89.92
89.92
89.92
89.92
89.92
89.92
91.51
91.51
91.51
91.51
91.51
91.51
91.51
91.51
89.71
89.71
89.71
89.71
89.71
89.71
89.71
93.15
93.15
93.15
93.15
93.15
93.15
93.15
93.15
95.59
95.59
95.59
95.59
95.59
95.59
95.59
94.92
94.92
94.92
94.92
94.92
95.75
95.75
95.75
95.75
95.75
95.75
95.75
95.75
95.75
96.59
96.59
96.59
96.59
96.59
96.59
96.59
96.59
95.95
95.95
95.95
95.95
95.95
95.95
95.95
95.95
95.95
95.50
95.50
95.50
95.50
95.50
95.50
95.50
95.50
95.50
95.45
95.45
95.45
95.45
95.45
95.45
95.45
95.45
95.67
95.67
95.67
95.67
95.67
95.67
95.67
95.67
94.42
94.42
94.42
94.42
94.42
94.42
94.42
94.42
94.42
94.42
94.42
94.42
94.42
94.42
92.47
92.47
92.47
92.47
92.47
92.47
92.47
92.47
92.47
92.47
93.19
93.19
93.19
93.19
93.19
93.19
93.19
93.19
93.19
93.19
93.19
92.80
92.80
92.80
92.80
92.80
92.80
92.80
92.80
92.80
92.80
92.80
90.13
90.13
90.13
90.13
90.13
90.13
90.13
90.13
90.13
90.13
90.13
90.13
90.50
90.50
90.50
90.50
90.50
90.50
90.50
90.50
90.50
92.48
92.48
92.48
92.48
92.48
92.48
91.14
91.14
91.14
91.14
91.14
91.14
91.14
91.14
91.20
91.20
91.20
91.20
91.20
91.20
91.20
91.20
91.20
92.91
92.91
92.91
92.91
92.91
92.91
92.91
92.91
92.91
92.91
93.70
93.70
93.70
93.70
93.70
93.70
93.70
