97.63
97.63
97.63
97.63
97.63
97.63
97.63
97.63
97.63
97.63
97.63
97.63
97.09
97.09
97.09
97.09
97.09
96.70
96.70
96.70
96.70
96.70
96.70
97.90
97.90
97.90
97.90
97.90
97.90
97.90
97.90
97.90
97.90
97.90
97.90
97.73
97.73
97.73
97.73
97.73
97.73
97.73
97.73
97.73
96.71
96.71
96.71
96.71
96.71
96.71
96.71
96.71
96.37
96.37
96.37
96.37
97.39
97.39
97.39
97.39
97.39
97.39
97.39
97.39
97.79
97.79
97.79
97.79
98.51
98.51
98.51
98.51
98.51
98.61
98.61
98.61
98.61
98.61
98.61
98.61
98.61
98.60
98.60
98.60
98.60
98.60
98.60
98.60
98.60
98.25
98.25
98.25
98.25
98.25
98.25
98.25
98.16
98.16
98.16
98.16
98.16
98.16
98.23
98.23
98.23
98.23
98.33
98.33
98.33
98.33
98.33
98.33
98.33
98.33
98.33
98.18
98.18
98.18
98.18
98.18
