97.41
97.41
97.41
97.41
97.41
98.31
98.31
98.31
98.31
98.31
98.31
98.31
98.16
98.16
98.16
98.16
98.16
98.16
97.35
97.35
97.35
97.35
97.35
97.35
97.35
95.65
95.65
95.65
95.65
95.65
95.65
95.65
93.29
93.29
93.29
93.29
93.29
93.29
93.29
92.89
92.89
92.89
92.89
92.89
92.89
92.89
92.89
90.12
90.12
90.12
90.12
91.80
91.80
91.80
91.80
91.80
91.80
91.80
91.80
91.80
94.40
94.40
94.40
94.40
94.40
94.40
94.40
94.40
92.38
92.38
92.38
92.38
92.38
92.38
92.38
92.38
92.38
88.98
88.98
88.98
88.98
88.98
88.98
88.98
91.50
91.50
91.50
91.50
91.50
91.50
91.50
91.50
91.50
91.50
91.50
91.50
92.43
92.43
92.43
92.43
92.43
92.43
92.43
92.43
92.43
92.43
92.43
88.73
88.73
88.73
88.73
88.73
88.73
88.73
88.73
88.73
88.73
88.73
87.84
87.84
87.84
87.84
87.84
87.84
87.84
87.84
87.84
88.90
88.90
88.90
88.90
91.75
91.75
91.75
91.75
91.75
91.75
91.75
91.75
91.75
96.54
96.54
96.54
96.54
96.54
96.54
96.54
96.54
96.84
96.84
96.84
96.84
96.84
96.84
96.84
96.84
95.95
95.95
95.95
95.95
95.95
95.95
95.95
95.61
95.61
95.61
95.61
95.61
95.61
95.61
95.61
95.61
95.74
95.74
95.74
95.74
97.44
97.44
97.44
97.44
97.44
97.44
97.44
97.44
97.44
97.44
97.44
97.44
97.44
97.44
98.08
98.08
98.08
98.08
98.08
98.14
98.14
98.14
98.14
98.14
98.14
98.14
98.14
97.95
97.95
97.95
97.95
97.95
97.95
97.95
97.95
97.20
97.20
97.20
97.20
97.20
97.20
97.20
97.20
97.20
97.20
97.20
97.65
97.65
97.65
97.65
97.65
97.65
97.65
97.65
97.65
96.79
96.79
96.79
96.79
97.69
97.69
97.69
97.69
97.69
97.69
97.69
97.69
97.54
97.54
97.54
97.54
97.54
97.54
97.54
97.54
97.95
97.95
97.95
97.95
97.95
97.95
97.95
97.92
97.92
97.92
97.92
97.92
97.92
97.92
97.72
97.72
97.72
97.72
97.72
97.72
97.72
97.72
97.72
96.22
96.22
96.22
96.22
96.22
96.22
96.22
96.65
96.65
96.65
96.65
96.65
96.65
96.65
96.65
96.65
97.53
97.53
97.53
97.53
97.53
97.53
97.53
97.53
97.53
97.31
97.31
97.31
97.31
97.31
97.31
97.31
95.28
95.28
95.28
95.28
95.28
95.28
95.28
95.28
95.28
95.28
95.28
95.46
95.46
95.46
95.46
95.46
95.46
95.46
95.46
95.11
95.11
95.11
95.11
97.68
97.68
97.68
97.68
98.01
98.01
98.01
98.01
98.01
98.27
98.27
98.27
98.27
98.27
98.27
98.27
98.27
98.37
98.37
98.37
98.37
98.37
98.37
98.37
98.37
98.38
98.38
98.38
98.38
98.38
98.38
98.38
97.96
97.96
97.96
97.96
97.96
97.96
97.96
97.96
97.47
97.47
97.47
97.47
96.29
96.29
96.29
96.29
