96.90
96.90
96.90
96.90
96.90
96.51
96.51
96.51
96.51
96.51
96.51
96.51
93.71
93.71
93.71
93.71
93.71
93.71
93.71
93.71
93.71
93.71
95.68
95.68
95.68
95.68
95.68
95.68
95.68
95.68
95.68
97.05
97.05
97.05
97.05
97.05
97.05
97.05
97.05
96.02
96.02
96.02
96.02
96.02
96.02
97.56
97.56
97.56
97.56
97.56
97.56
97.56
97.56
97.56
97.56
97.56
97.56
97.74
97.74
97.74
97.74
97.74
97.74
97.74
97.74
97.41
97.41
97.41
97.41
97.41
97.22
97.22
97.22
97.22
97.22
97.22
97.22
97.22
97.22
97.42
97.42
97.42
97.42
97.42
97.42
97.42
97.42
95.47
95.47
95.47
95.47
95.47
95.47
95.47
95.47
95.86
95.86
95.86
95.86
95.86
95.86
95.86
96.71
96.71
96.71
96.71
96.71
96.71
96.71
96.71
97.74
97.74
97.74
97.74
97.74
97.74
97.74
97.74
97.74
97.74
97.70
97.70
97.70
97.70
97.70
97.70
97.70
97.70
97.70
97.70
97.70
98.32
98.32
98.32
98.32
98.32
98.37
98.37
98.37
98.37
98.37
98.37
98.37
98.37
98.37
98.37
98.37
98.28
98.28
98.28
98.28
98.51
98.51
98.51
98.51
98.51
98.51
98.51
98.51
98.51
98.51
98.51
98.51
98.20
98.20
98.20
98.20
98.20
98.20
98.20
96.91
96.91
96.91
96.91
96.91
96.91
92.67
92.67
92.67
92.67
89.92
89.92
89.92
89.92
89.92
89.92
89.92
89.92
89.92
87.87
87.87
87.87
87.87
87.87
87.87
87.87
87.87
87.87
88.02
88.02
88.02
88.02
93.26
93.26
93.26
93.26
93.26
93.26
93.26
93.26
96.86
96.86
96.86
96.86
96.86
96.86
96.86
96.86
96.86
96.86
97.68
97.68
97.68
97.68
97.68
97.68
97.68
97.68
97.68
97.68
97.68
98.25
98.25
98.25
98.25
98.25
98.25
98.25
98.25
98.25
98.25
98.25
98.44
98.44
98.44
98.44
98.44
98.44
98.44
98.53
98.53
98.53
98.53
98.53
98.65
98.65
98.65
98.65
98.65
98.65
98.65
98.65
98.30
98.30
98.30
98.30
98.30
98.30
98.30
98.30
98.30
98.32
98.32
98.32
98.32
98.32
98.32
98.32
97.60
97.60
97.60
97.60
97.60
96.18
96.18
96.18
96.18
96.18
96.18
96.18
96.18
96.18
97.43
97.43
97.43
97.43
97.43
98.00
98.00
98.00
98.00
98.00
97.15
97.15
97.15
97.15
97.15
97.15
97.15
97.15
97.15
96.80
96.80
96.80
96.80
96.80
96.80
96.80
97.65
97.65
97.65
97.65
97.65
97.65
97.65
97.55
97.55
97.55
97.55
97.55
97.55
97.55
97.55
