0.95
0.95
0.94
0.94
0.93
0.93
0.94
0.94
0.94
0.94
0.94
0.93
0.92
0.92
0.94
0.94
0.94
0.94
0.94
0.90
0.89
0.94
0.94
0.94
0.93
0.94
0.88
0.88
0.94
0.94
0.94
0.94
0.93
0.92
0.91
0.89
0.94
0.94
0.94
0.92
0.93
0.81
0.70
0.68
0.94
0.94
0.93
0.93
0.92
0.91
0.91
0.92
0.91
0.90
0.89
0.87
0.82
0.74
0.78
0.89
0.89
0.89
0.86
0.88
0.77
0.94
0.94
0.94
0.92
0.94
0.83
0.78
0.74
0.77
0.94
0.94
0.94
0.93
0.94
0.87
0.84
0.83
0.82
0.95
0.95
0.95
0.95
0.94
0.94
0.93
0.93
0.93
0.93
0.92
0.95
0.95
0.95
0.94
0.95
0.90
0.85
0.85
0.85
0.86
0.95
0.95
0.96
0.95
0.95
0.95
0.96
0.95
0.95
0.95
0.93
0.88
0.88
0.88
0.88
0.95
0.95
0.95
0.94
0.94
0.89
0.86
0.82
0.68
0.65
0.78
0.95
0.95
0.95
0.94
0.95
0.81
0.85
0.96
0.96
0.96
0.96
0.96
0.95
0.94
0.96
0.96
0.96
0.96
0.95
0.95
0.93
0.92
0.95
0.95
0.95
0.94
0.94
0.95
0.95
0.95
0.94
0.94
0.89
0.95
0.95
0.95
0.94
0.94
0.85
0.86
0.95
0.95
0.95
0.95
0.94
0.93
0.94
0.93
0.93
0.91
0.92
0.77
0.72
0.64
0.57
0.94
0.94
0.94
0.92
0.93
0.83
0.73
0.68
0.94
0.94
0.93
0.94
0.92
0.93
0.92
0.92
0.91
0.91
0.91
0.93
0.93
0.93
0.92
0.91
0.89
0.88
0.86
0.86
0.93
0.92
0.92
0.91
0.91
0.87
0.86
0.84
0.92
0.91
0.91
0.89
0.90
0.80
0.71
0.70
0.93
0.92
0.91
0.92
0.89
0.92
0.90
0.90
0.89
0.89
0.89
0.91
0.90
0.88
0.87
0.85
0.78
0.70
0.68
0.68
0.68
0.87
0.85
0.84
0.82
0.80
0.73
0.70
0.63
0.55
0.50
0.64
0.85
0.84
0.83
0.77
0.78
0.68
0.58
0.60
0.87
0.87
0.87
0.84
0.85
0.71
0.86
0.87
0.87
0.82
0.85
0.69
0.66
0.55
0.63
0.91
0.91
0.90
0.88
0.88
0.76
0.67
0.66
0.66
0.66
0.92
0.92
0.92
0.91
0.90
0.90
0.88
0.88
0.88
0.88
0.83
0.86
0.92
0.92
0.92
0.91
0.91
0.82
0.84
0.92
0.91
0.90
0.90
0.87
0.85
0.78
0.78
0.90
0.90
0.89
0.86
0.86
0.76
0.66
0.70
0.90
0.90
0.90
0.88
0.88
0.83
0.78
0.78
0.77
0.77
0.74
0.91
0.91
0.91
0.88
0.90
0.76
0.67
0.67
0.94
0.94
0.94
0.93
0.94
0.87
0.95
0.95
0.95
0.94
0.94
0.92
0.91
0.95
0.95
0.95
0.94
0.95
0.92
0.89
0.85
0.80
0.95
0.95
0.95
0.94
0.95
0.92
0.92
0.95
0.96
0.96
0.95
0.95
0.94
0.93
0.92
0.92
0.92
0.91
0.96
0.96
0.96
0.95
0.95
0.89
0.83
0.75
0.80
0.96
0.96
0.96
0.95
0.96
0.93
0.90
0.88
0.88
0.96
0.96
0.96
0.95
0.96
0.89
0.87
0.82
0.96
0.96
0.96
0.95
0.96
0.90
0.81
0.80
0.96
0.96
0.96
0.95
0.96
0.79
0.72
0.67
0.66
0.96
0.96
0.96
0.96
0.96
0.94
0.91
0.90
0.89
0.89
0.81
0.88
0.96
0.96
0.96
0.96
0.96
0.96
0.96
0.96
0.96
0.95
0.96
0.96
0.96
0.95
0.95
0.93
0.95
0.95
0.95
0.94
0.95
0.93
0.93
0.94
0.93
0.93
0.92
0.91
0.91
0.94
0.93
0.93
0.92
0.93
0.75
0.79
0.93
0.93
0.91
0.91
0.88
0.85
0.77
0.78
0.92
0.91
0.91
0.88
0.89
0.76
0.73
0.64
0.70
