0.93
0.93
0.92
0.92
0.91
0.90
0.91
0.84
0.92
0.91
0.90
0.90
0.88
0.86
0.81
0.81
0.91
0.91
0.90
0.89
0.88
0.85
0.82
0.79
0.78
0.91
0.90
0.89
0.88
0.87
0.76
0.76
0.85
0.84
0.83
0.81
0.78
0.74
0.70
0.70
0.66
0.87
0.87
0.88
0.84
0.86
0.76
0.73
0.70
0.67
0.91
0.91
0.92
0.91
0.93
0.93
0.94
0.92
0.93
0.85
0.85
0.80
0.94
0.94
0.94
0.93
0.93
0.90
0.87
0.87
0.93
0.94
0.94
0.93
0.93
0.91
0.87
0.87
0.94
0.94
0.94
0.94
0.94
0.91
0.87
0.87
0.94
0.94
0.94
0.94
0.93
0.92
0.92
0.92
0.92
0.92
0.91
0.90
0.89
0.87
0.84
0.74
0.73
0.82
0.92
0.92
0.91
0.91
0.90
0.92
0.92
0.90
0.90
0.85
0.88
0.89
0.83
0.87
0.87
0.87
0.86
0.86
0.84
0.83
0.82
0.86
0.86
0.85
0.85
0.83
0.84
0.83
0.84
0.83
0.84
0.82
0.82
0.86
0.86
0.87
0.84
0.86
0.78
0.78
0.89
0.89
0.90
0.88
0.89
0.86
0.85
0.90
0.90
0.91
0.89
0.90
0.84
0.81
0.80
0.91
0.92
0.92
0.91
0.92
0.88
0.90
0.84
0.93
0.93
0.93
0.92
0.93
0.86
0.85
0.78
0.94
0.94
0.94
0.93
0.93
0.89
0.88
0.85
0.94
0.95
0.95
0.94
0.94
0.89
0.86
0.87
