0.61
0.64
0.63
0.55
0.57
0.52
0.52
0.47
0.80
0.80
0.81
0.73
0.77
0.66
0.63
0.56
0.50
0.89
0.90
0.90
0.87
0.89
0.83
0.79
0.79
0.93
0.93
0.94
0.92
0.93
0.85
0.81
0.81
0.95
0.96
0.95
0.95
0.94
0.95
0.94
0.94
0.93
0.93
0.92
0.95
0.94
0.94
0.93
0.94
0.83
0.94
0.94
0.94
0.93
0.96
0.96
0.96
0.96
0.96
0.94
0.89
0.89
0.97
0.97
0.97
0.97
0.97
0.93
0.89
0.88
0.78
0.74
0.84
0.98
0.98
0.98
0.98
0.98
0.98
0.98
0.98
0.98
0.98
0.95
0.84
0.84
0.98
0.98
0.98
0.98
0.98
0.97
0.97
0.98
0.97
0.97
0.97
0.97
0.96
0.96
0.97
0.97
0.97
0.96
0.97
0.97
0.97
0.97
0.96
0.96
0.95
0.95
0.93
0.94
0.94
0.94
0.91
0.93
0.80
0.76
0.69
0.62
0.94
0.95
0.96
0.95
0.96
0.97
0.97
0.96
0.97
0.94
0.94
0.90
0.97
0.97
0.98
0.97
0.97
0.97
0.97
0.96
0.97
0.92
0.89
0.86
0.76
0.73
0.81
