0.79
0.79
0.79
0.78
0.78
0.75
0.73
0.80
0.79
0.79
0.78
0.77
0.73
0.69
0.69
0.79
0.79
0.79
0.77
0.78
0.72
0.69
0.63
0.54
0.50
0.62
0.80
0.80
0.80
0.79
0.79
0.78
0.80
0.70
0.80
0.80
0.80
0.79
0.79
0.76
0.73
0.74
0.71
0.72
0.67
0.80
0.79
0.79
0.78
0.77
0.77
0.75
0.76
0.75
0.74
0.75
0.71
0.65
0.64
0.65
0.61
0.63
0.57
0.57
0.72
0.71
0.72
0.68
0.69
0.63
0.62
0.51
0.44
0.72
0.71
0.72
0.67
0.69
0.61
0.60
0.47
0.57
0.76
0.75
0.75
0.74
0.72
0.72
0.70
0.70
0.74
0.73
0.73
0.71
0.71
0.64
0.67
0.73
0.74
0.74
0.71
0.72
0.68
0.64
0.65
0.64
0.64
0.64
0.69
0.69
0.69
0.66
0.67
0.63
0.62
0.62
0.59
0.72
0.72
0.73
0.72
0.75
0.75
0.76
0.73
0.74
0.69
0.67
0.61
0.56
0.78
0.78
0.78
0.76
0.77
0.73
0.72
0.81
0.81
0.81
0.80
0.79
0.80
0.80
0.81
0.79
0.80
0.77
0.75
0.75
0.81
0.81
0.81
0.80
0.80
0.77
0.75
0.71
0.69
0.81
0.82
0.81
0.80
0.80
0.79
0.76
0.77
0.80
0.80
0.80
0.78
0.78
0.73
0.72
0.70
0.80
0.80
0.80
0.78
0.79
0.74
0.71
0.63
0.55
0.52
0.64
0.81
0.81
0.80
0.79
0.78
0.75
0.72
0.62
0.79
0.78
0.79
0.77
0.77
0.71
0.71
0.77
0.76
0.76
0.74
0.73
0.69
0.67
0.63
0.60
0.70
0.70
0.70
0.67
0.66
0.64
0.62
0.61
0.62
0.57
0.59
0.55
0.57
0.55
0.57
0.53
0.53
0.52
0.53
0.48
0.51
0.45
0.46
0.35
0.33
0.52
0.51
0.52
0.46
0.49
0.43
0.46
0.33
0.45
0.50
0.49
0.50
0.46
0.48
0.43
0.46
0.45
0.59
0.59
0.59
0.55
0.57
0.59
0.44
0.45
0.44
0.42
0.43
0.40
0.43
