0.31
0.32
0.31
0.29
0.29
0.28
0.26
0.16
0.20
0.20
0.31
0.31
0.31
0.29
0.30
0.27
0.28
0.28
0.28
0.28
0.26
0.26
0.24
0.21
0.30
0.30
0.30
0.28
0.29
0.26
0.28
0.24
0.22
0.19
0.23
0.28
0.28
0.28
0.27
0.25
0.30
0.26
0.25
0.25
0.24
0.09
0.08
0.08
0.18
0.18
0.16
0.16
0.17
0.30
0.30
0.30
0.28
0.29
0.26
0.28
0.28
0.28
0.27
0.27
0.24
0.25
0.22
0.31
0.32
0.31
0.30
0.30
0.28
0.25
0.27
0.26
0.27
0.26
0.26
0.26
0.26
0.25
0.25
0.26
0.26
0.26
0.24
0.25
0.23
0.20
0.21
0.23
0.25
0.23
0.21
0.21
0.21
0.18
0.19
0.16
0.19
0.09
0.21
0.21
0.24
0.21
0.19
0.19
0.17
0.10
0.11
0.26
0.25
0.26
0.24
0.27
0.28
0.27
0.25
0.26
0.23
0.19
0.27
0.29
0.27
0.26
0.26
0.25
0.24
0.25
0.21
0.24
0.13
0.23
0.30
0.30
0.30
0.28
0.29
0.26
0.25
0.27
0.28
0.28
0.28
0.27
0.30
0.30
0.31
0.29
0.28
0.30
0.28
0.27
0.27
0.26
0.27
0.33
0.30
0.28
0.29
0.28
0.27
0.27
0.25
0.24
0.26
0.24
0.26
0.15
0.25
0.28
0.27
0.28
0.27
0.26
0.25
0.26
0.25
0.24
0.24
0.24
0.22
0.23
0.14
0.18
0.23
0.23
0.23
0.22
0.22
0.18
0.20
0.18
0.24
0.25
0.24
0.22
0.23
0.22
0.25
0.21
0.17
0.21
0.24
0.21
0.19
0.20
0.19
0.11
0.11
0.26
0.25
0.26
0.24
0.25
0.26
0.25
0.23
0.24
0.14
0.14
0.26
0.26
0.26
0.24
0.25
0.23
0.26
0.26
0.25
0.26
0.25
