0.86
0.86
0.86
0.85
0.84
0.81
0.77
0.78
0.78
0.79
0.71
0.75
0.86
0.86
0.86
0.85
0.84
0.81
0.82
0.86
0.87
0.87
0.85
0.86
0.75
0.85
0.86
0.86
0.83
0.85
0.90
0.90
0.91
0.88
0.90
0.81
0.78
0.73
0.76
0.91
0.91
0.91
0.90
0.91
0.91
0.92
0.89
0.91
0.79
0.73
0.77
0.92
0.92
0.93
0.90
0.92
0.76
0.76
0.92
0.93
0.93
0.90
0.93
0.75
0.70
0.66
0.63
0.93
0.94
0.94
0.93
0.94
0.87
0.86
0.94
0.95
0.95
0.94
0.94
0.92
0.91
0.89
0.83
0.82
0.87
0.95
0.95
0.95
0.94
0.94
0.95
0.95
0.95
0.94
0.94
0.95
0.95
0.95
0.95
0.94
0.94
0.94
0.91
0.95
0.95
0.95
0.95
0.94
0.95
0.95
0.95
0.94
0.94
0.86
0.80
0.80
0.78
0.94
0.94
0.94
0.94
0.93
0.90
0.85
0.85
0.85
0.85
0.83
0.94
0.94
0.94
0.94
0.93
0.93
0.90
0.90
0.95
0.94
0.94
0.94
0.92
0.92
0.91
0.90
0.94
0.94
0.93
0.93
0.92
0.86
0.79
0.79
0.93
0.92
0.91
0.90
0.89
0.73
0.74
0.92
0.91
0.90
0.90
0.88
0.87
0.81
0.80
0.82
0.82
0.92
0.91
0.91
0.88
0.92
0.92
0.91
0.90
0.88
0.81
0.80
0.93
0.93
0.92
0.90
0.90
0.80
0.71
0.69
0.70
0.69
0.94
0.94
0.94
0.94
0.93
0.93
0.91
0.91
0.91
0.90
0.90
0.95
0.95
0.95
0.94
0.94
0.90
0.85
0.85
0.94
0.95
0.94
0.94
0.94
0.94
0.94
0.94
0.93
0.93
0.86
0.79
0.81
0.95
0.95
0.95
0.94
0.94
0.91
0.88
0.88
0.95
0.95
0.95
0.94
0.94
0.89
0.78
0.78
0.94
0.94
0.94
0.94
0.93
0.92
0.88
0.87
0.88
0.87
0.83
0.86
0.94
0.94
0.94
0.93
0.93
0.91
0.90
0.84
0.94
0.94
0.93
0.93
0.91
0.90
0.90
0.92
0.92
0.91
0.90
0.89
0.79
0.69
0.68
0.93
0.93
0.93
0.93
0.94
0.94
0.94
0.93
0.93
0.92
0.92
0.93
0.91
0.92
0.93
0.93
0.94
0.92
0.93
0.95
0.95
0.95
0.94
0.95
0.89
0.96
0.96
0.95
0.95
0.95
0.94
0.92
0.91
0.94
0.94
0.94
0.93
0.94
0.80
0.95
0.95
0.95
0.94
0.95
0.91
0.92
0.87
0.96
0.96
0.96
0.95
0.95
0.95
0.96
0.96
0.95
0.95
0.94
0.94
0.92
0.91
0.91
0.90
0.90
0.94
0.94
0.94
0.93
0.93
0.89
0.85
0.82
0.68
0.65
0.78
0.95
0.95
0.94
0.94
0.94
0.95
0.95
0.94
0.94
0.93
0.94
0.91
0.91
