86.19
86.19
86.19
86.19
90.19
90.19
90.19
90.19
90.19
90.19
90.19
93.81
93.81
93.81
93.81
93.81
93.81
93.81
93.81
94.44
94.44
94.44
94.44
94.44
94.44
94.44
94.44
94.44
94.44
96.06
96.06
96.06
96.06
96.06
96.06
96.06
96.06
96.06
95.75
95.75
95.75
95.75
95.75
97.19
97.19
97.19
97.19
97.19
97.19
97.19
97.19
97.44
97.44
97.44
97.44
97.44
97.44
97.44
97.44
97.44
97.44
97.44
97.44
98.19
98.19
98.19
98.19
98.19
98.19
98.19
98.19
98.19
98.19
98.19
97.25
97.25
97.25
97.25
97.25
97.88
97.88
97.88
97.88
97.88
97.88
97.88
97.88
97.69
97.69
97.69
97.69
97.69
97.69
97.69
97.69
97.69
97.69
96.56
96.56
96.56
96.56
96.56
96.56
96.56
96.56
96.56
96.56
96.56
96.19
96.19
96.19
96.19
96.19
96.19
96.19
96.19
94.88
94.88
94.88
94.88
96.19
96.19
96.19
96.19
96.19
96.19
96.19
96.19
96.19
96.19
97.44
97.44
97.44
97.44
97.44
97.44
97.44
97.44
97.44
97.44
97.44
97.44
97.06
97.06
97.06
97.06
97.06
97.06
97.06
97.69
97.69
97.69
97.69
97.69
97.69
97.69
97.69
97.69
97.69
97.69
97.69
97.69
97.69
96.81
96.81
96.81
96.81
96.81
96.81
96.81
96.81
97.00
97.00
97.00
97.00
97.00
97.00
97.00
97.00
97.00
97.00
97.00
95.75
95.75
95.75
95.75
95.75
95.75
95.75
95.75
95.81
95.81
95.81
95.81
95.81
95.81
95.81
96.25
96.25
96.25
96.25
96.25
96.25
96.25
96.19
96.19
96.19
96.19
96.19
96.19
96.19
96.19
96.19
96.19
94.94
94.94
94.94
94.94
94.94
94.94
94.94
93.75
93.75
93.75
93.75
93.75
93.75
93.75
90.44
90.44
90.44
90.44
90.44
90.44
90.44
90.44
90.44
90.44
90.44
89.19
89.19
89.19
89.19
89.19
89.19
89.19
89.19
87.06
87.06
87.06
87.06
87.06
87.06
87.06
87.06
86.25
86.25
86.25
86.25
86.25
86.25
83.19
83.19
83.19
83.19
87.88
87.88
87.88
87.88
87.88
87.88
87.88
87.88
87.88
90.25
90.25
90.25
90.25
90.25
90.25
90.25
92.44
92.44
92.44
92.44
92.44
92.44
92.44
92.44
92.44
94.81
94.81
94.81
94.81
94.81
95.56
95.56
95.56
95.56
95.56
95.56
95.56
95.56
95.81
95.81
95.81
95.81
95.81
95.81
95.81
95.81
94.31
94.31
94.31
94.31
94.88
94.88
94.88
94.88
94.88
94.88
94.88
94.88
94.88
94.88
94.88
95.69
95.69
95.69
95.69
95.69
95.69
95.69
95.69
94.62
94.62
94.62
94.62
94.62
94.62
94.62
94.62
94.62
94.62
94.62
95.06
95.06
95.06
95.06
95.06
95.06
95.06
95.06
95.44
95.44
95.44
95.44
95.44
95.44
95.44
95.44
93.75
93.75
93.75
93.75
93.75
93.75
92.38
92.38
92.38
92.38
92.38
92.38
92.38
92.38
92.38
92.44
92.44
92.44
92.44
92.44
92.44
92.44
92.44
92.44
92.44
92.44
