98.75
98.75
98.75
98.75
98.75
98.75
98.75
98.75
98.75
98.88
98.88
98.88
98.88
98.88
98.88
98.88
98.88
98.88
98.94
98.94
98.94
98.94
98.94
98.94
98.94
98.94
98.94
98.94
98.94
98.88
98.88
98.88
98.88
98.88
98.88
98.88
98.88
98.88
98.88
98.88
98.88
98.88
98.88
98.88
98.88
98.88
98.88
98.88
98.88
98.88
98.88
98.88
98.88
98.94
98.94
98.94
98.94
98.94
98.94
98.94
98.88
98.88
98.88
98.88
98.88
98.88
98.88
98.88
98.88
98.88
98.88
98.88
98.88
98.88
98.88
98.88
98.88
98.88
98.88
98.88
98.75
98.75
98.75
98.75
98.88
98.88
98.88
98.88
98.88
98.88
98.88
98.75
98.75
98.75
98.75
98.75
98.75
98.75
98.75
98.75
98.75
98.75
98.75
98.75
98.75
98.75
98.75
98.38
98.38
98.38
98.38
98.38
98.38
98.38
98.38
98.62
98.62
98.62
98.62
98.62
98.62
98.62
98.62
98.75
98.75
98.75
98.75
98.75
98.75
98.75
98.75
98.75
98.75
98.75
98.81
98.81
98.81
98.81
98.81
98.81
98.81
98.81
98.81
98.81
98.81
98.81
98.81
98.81
98.81
98.81
98.81
98.81
98.81
98.81
98.50
98.50
98.50
98.50
98.50
98.50
98.50
97.31
97.31
97.31
97.31
98.56
98.56
98.56
98.56
98.56
98.88
98.88
98.88
98.88
98.88
98.88
98.88
98.75
98.75
98.75
98.75
98.75
98.75
98.75
98.88
98.88
98.88
98.88
98.88
98.88
98.88
98.88
98.88
98.94
98.94
98.94
98.94
98.94
98.94
98.94
98.94
98.81
98.81
98.81
98.81
98.81
98.81
98.81
98.81
98.81
98.81
98.81
98.81
98.75
98.75
98.75
98.75
98.75
98.75
98.75
98.75
98.75
98.75
98.75
98.75
98.94
98.94
98.94
98.94
98.94
98.94
98.94
98.94
98.94
98.94
98.94
98.94
98.94
98.94
98.94
98.94
98.94
98.94
98.94
98.88
98.88
98.88
98.88
98.88
98.88
98.88
98.88
98.88
98.88
98.88
98.88
98.75
98.75
98.75
98.75
98.75
98.75
98.75
98.75
98.88
98.88
98.88
98.88
98.88
98.88
98.75
98.75
98.75
98.75
98.75
98.75
98.88
98.88
98.88
98.88
98.88
98.88
98.88
98.88
98.88
98.88
98.88
98.88
98.88
98.88
98.88
98.88
98.94
98.94
98.94
98.94
98.94
98.94
98.94
98.94
98.94
98.94
98.94
98.94
98.94
98.94
98.94
98.94
98.94
98.94
98.94
98.94
98.94
98.94
98.94
98.94
98.94
98.94
98.94
98.94
98.94
98.94
98.94
98.94
98.94
98.94
98.75
98.75
98.75
98.75
98.75
98.75
98.75
98.69
98.69
98.69
98.69
98.69
98.69
98.69
98.69
98.69
98.81
98.81
98.81
98.81
98.81
98.81
