96.19
96.19
96.19
96.19
96.19
96.19
96.19
96.19
96.19
96.19
96.19
97.12
97.12
97.12
97.12
97.12
97.12
97.12
97.12
97.12
97.75
97.75
97.75
97.75
97.75
97.75
97.75
97.75
96.50
96.50
96.50
96.50
96.50
96.50
96.50
96.50
96.38
96.38
96.38
96.38
96.38
96.38
96.38
96.38
96.38
96.38
93.38
93.38
93.38
93.38
93.38
93.38
93.38
93.38
91.06
91.06
91.06
91.06
91.06
91.06
91.06
91.06
91.06
88.25
88.25
88.25
88.25
85.44
85.44
85.44
85.44
85.44
85.44
85.44
85.62
85.62
85.62
85.62
85.62
85.62
85.62
85.62
85.62
85.00
85.00
85.00
85.00
85.00
85.00
85.00
86.81
86.81
86.81
86.81
86.81
86.81
86.81
86.81
86.81
86.81
86.81
90.00
90.00
90.00
90.00
90.00
90.00
90.00
90.00
90.00
92.44
92.44
92.44
92.44
92.44
92.06
92.06
92.06
92.06
92.06
92.06
92.06
93.94
93.94
93.94
93.94
93.94
93.94
93.94
93.94
93.94
96.69
96.69
96.69
96.69
96.69
96.69
96.69
96.69
97.56
97.56
97.56
97.56
97.56
97.56
97.56
97.56
97.56
97.56
97.56
97.56
97.56
97.56
97.56
97.56
97.56
97.56
97.56
97.56
97.56
97.56
97.56
97.88
97.88
97.88
97.88
97.88
97.88
97.88
97.88
97.88
98.44
98.44
98.44
98.44
98.56
98.56
98.56
98.56
98.56
98.56
98.56
98.56
98.56
98.56
98.56
98.12
98.12
98.12
98.12
98.12
98.12
98.12
98.12
98.62
98.62
98.62
98.62
98.62
98.62
98.62
98.62
98.38
98.38
98.38
98.38
98.12
98.12
98.12
98.12
98.12
97.94
97.94
97.94
97.94
97.94
97.94
97.94
97.94
97.94
97.94
97.94
98.00
98.00
98.00
98.00
98.00
97.88
97.88
97.88
97.88
97.88
97.88
97.88
97.88
97.88
97.00
97.00
97.00
97.00
97.00
97.00
97.00
97.00
97.25
97.25
97.25
97.25
97.25
97.25
97.25
97.25
95.31
95.31
95.31
95.31
95.31
95.31
95.31
95.31
95.31
94.88
94.88
94.88
94.88
94.88
94.88
94.88
94.88
94.62
94.62
94.62
94.62
94.62
94.62
94.62
94.62
92.31
92.31
92.31
92.31
92.31
92.31
92.31
92.31
92.31
92.31
92.31
