46.97
46.97
46.97
46.97
46.97
46.97
46.97
46.97
65.69
65.69
65.69
65.69
65.69
65.69
87.75
87.75
87.75
87.75
97.31
97.31
97.31
97.31
97.31
97.31
97.31
98.69
98.69
98.69
98.69
98.69
98.69
98.69
98.50
98.50
98.50
98.50
98.50
98.50
98.50
98.56
98.56
98.56
98.56
98.56
98.56
98.56
98.56
98.56
98.56
98.56
98.56
98.31
98.31
98.31
98.31
98.31
98.31
98.31
97.75
97.75
97.75
97.75
97.75
97.75
97.75
97.75
97.75
97.75
93.12
93.12
93.12
93.12
93.12
93.12
93.12
93.12
92.06
92.06
92.06
92.06
92.06
92.06
92.06
92.06
95.94
95.94
95.94
95.94
95.94
98.69
98.69
98.69
98.69
98.69
98.69
98.69
98.69
98.75
98.75
98.75
98.75
98.81
98.81
98.81
98.81
98.81
98.81
98.81
98.88
98.88
98.88
98.88
98.88
98.88
98.88
98.88
98.62
98.62
98.62
98.62
98.62
98.62
98.62
98.62
98.62
98.62
98.62
98.81
98.81
98.81
98.81
98.81
98.81
98.81
98.81
98.56
98.56
98.56
98.56
98.56
98.56
98.56
98.56
97.62
97.62
97.62
97.62
97.62
97.62
97.62
97.62
97.75
97.75
97.75
97.75
97.56
97.56
97.56
97.56
97.56
97.56
97.56
97.56
97.56
98.31
98.31
98.31
98.31
98.31
98.31
98.31
98.62
98.62
98.62
98.62
98.62
98.62
98.62
98.62
98.25
98.25
98.25
98.25
98.25
98.25
98.25
98.50
98.50
98.50
98.50
98.50
98.50
98.50
98.50
97.69
97.69
97.69
97.69
96.19
96.19
96.19
96.19
96.19
96.19
96.19
97.31
97.31
97.31
97.31
97.31
97.31
97.31
98.69
98.69
98.69
98.69
98.69
98.69
98.69
98.69
98.75
98.75
98.75
98.75
98.75
98.75
98.75
98.75
98.75
98.62
98.62
98.62
98.62
98.62
98.62
98.62
98.62
98.62
98.69
98.69
98.69
98.69
98.69
98.88
98.88
98.88
98.88
98.88
98.88
98.88
98.88
98.88
98.88
98.88
98.88
98.88
98.88
98.88
98.88
98.75
98.75
98.75
98.75
98.75
98.75
98.75
98.75
98.75
98.81
98.81
98.81
98.81
98.81
98.81
98.81
98.81
98.81
98.81
98.81
98.81
98.81
98.75
98.75
98.75
98.75
98.75
98.75
98.75
98.75
98.56
98.56
98.56
98.56
98.56
98.50
98.50
98.50
98.50
98.50
98.00
98.00
98.00
98.00
98.00
98.00
98.00
98.00
98.44
98.44
98.44
98.44
98.44
98.44
98.44
98.44
98.44
98.44
98.44
98.19
98.19
98.19
98.19
98.19
98.19
98.19
98.19
97.44
97.44
97.44
97.44
97.44
97.44
97.44
97.44
98.56
98.56
98.56
98.56
98.56
98.56
98.56
98.62
98.62
98.62
98.62
98.88
98.88
98.88
98.88
98.88
98.88
98.88
98.88
98.88
98.88
98.88
98.88
98.88
98.94
98.94
98.94
98.94
98.94
98.94
98.94
98.94
98.94
98.94
98.94
98.94
98.94
98.94
98.94
98.94
98.94
98.94
98.94
98.94
98.81
98.81
98.81
98.81
98.44
98.44
98.44
98.44
98.44
98.44
98.44
98.44
96.25
96.25
96.25
96.25
96.25
96.25
96.25
96.25
96.25
96.25
97.56
97.56
97.56
97.56
97.56
97.56
97.56
97.56
97.56
97.56
97.56
98.81
98.81
98.81
98.81
98.81
98.81
98.81
98.88
98.88
98.88
98.88
98.88
98.88
98.88
98.88
98.88
98.88
98.88
