98.44
98.44
98.44
98.44
98.44
98.44
98.44
98.44
98.44
98.00
98.00
98.00
98.00
98.00
98.00
98.00
98.00
98.00
97.81
97.81
97.81
97.81
97.81
98.25
98.25
98.25
98.25
98.25
98.06
98.06
98.06
98.06
98.06
98.06
98.06
98.06
98.06
97.06
97.06
97.06
97.06
97.06
97.06
97.06
97.06
97.06
97.12
97.12
97.12
97.12
97.12
97.12
97.12
97.12
97.50
97.50
97.50
97.50
97.50
97.50
97.50
97.50
97.50
97.50
97.50
97.62
97.62
97.62
97.62
97.44
97.44
97.44
97.44
97.44
97.44
97.44
97.44
97.44
96.25
96.25
96.25
96.25
96.50
96.50
96.50
96.50
96.50
96.50
96.50
97.25
97.25
97.25
97.25
97.25
97.25
97.25
97.25
97.25
97.25
98.62
98.62
98.62
98.62
98.62
98.62
98.62
98.62
98.75
98.75
98.75
98.75
98.75
98.75
98.75
98.75
98.75
98.50
98.50
98.50
98.50
98.50
98.50
98.50
98.50
98.50
98.38
98.38
98.38
98.38
98.38
98.38
98.38
98.38
98.38
98.38
98.38
96.81
96.81
96.81
96.81
96.81
96.81
96.81
96.81
96.81
97.62
97.62
97.62
97.62
97.62
97.62
97.62
97.69
97.69
97.69
97.69
97.69
97.69
97.69
96.50
96.50
96.50
96.50
96.50
96.50
96.50
98.12
98.12
98.12
98.12
98.12
98.12
98.12
98.69
98.69
98.69
98.69
98.69
98.56
98.56
98.56
98.56
98.56
98.56
98.56
98.56
98.12
98.12
98.12
98.12
98.12
98.12
98.12
98.12
98.69
98.69
98.69
98.69
98.69
98.69
98.69
98.69
98.69
98.75
98.75
98.75
98.75
98.75
98.75
98.75
98.75
