98.23
98.23
98.23
98.23
98.23
98.23
98.23
98.23
98.57
98.57
98.57
98.57
98.57
98.57
98.57
98.57
98.79
98.79
98.79
98.79
98.79
98.79
98.79
98.52
98.52
98.52
98.52
98.52
98.52
98.52
98.52
98.52
98.16
98.16
98.16
98.16
98.16
98.16
98.16
98.16
98.44
98.44
98.44
98.44
98.44
98.44
98.44
98.69
98.69
98.69
98.69
98.69
98.56
98.56
98.56
98.56
98.56
98.56
98.56
98.56
98.56
97.58
97.58
97.58
97.58
97.58
97.58
97.58
97.58
97.58
97.58
97.58
98.50
98.50
98.50
98.50
98.50
98.50
98.50
98.50
98.50
98.50
98.50
98.30
98.30
98.30
98.30
98.30
98.30
98.30
98.30
98.30
98.30
98.30
98.30
96.87
96.87
96.87
96.87
96.87
96.87
96.87
96.87
96.87
96.87
96.87
96.87
94.73
94.73
94.73
94.73
94.73
94.73
94.73
94.73
94.73
94.73
94.73
94.48
94.48
94.48
94.48
94.48
94.48
94.48
94.48
94.48
92.81
92.81
92.81
92.81
92.81
92.81
92.81
92.81
92.81
93.09
93.09
93.09
93.09
93.09
93.09
93.09
93.09
95.71
95.71
95.71
95.71
95.71
95.71
95.71
95.71
95.71
96.13
96.13
96.13
96.13
96.13
96.13
96.13
96.13
97.92
97.92
97.92
97.92
97.92
97.92
97.92
98.13
98.13
98.13
98.13
98.13
98.13
98.13
98.13
98.13
97.87
97.87
97.87
97.87
97.87
97.87
97.87
97.98
97.98
97.98
97.98
97.98
97.98
97.98
97.98
97.98
97.98
97.98
97.98
98.58
98.58
98.58
98.58
98.58
98.58
98.58
98.58
98.58
98.24
98.24
98.24
98.24
98.24
98.24
98.24
98.24
98.24
97.45
97.45
97.45
97.45
97.45
97.45
97.45
97.45
97.45
97.96
97.96
97.96
97.96
97.96
97.96
97.96
97.96
98.63
98.63
98.63
98.63
98.63
98.63
98.63
98.63
98.63
98.63
98.63
98.07
98.07
98.07
98.07
98.07
98.07
98.07
98.14
98.14
98.14
98.14
98.14
98.14
98.14
98.14
98.14
98.14
98.14
