95.68
95.68
95.68
95.68
97.67
97.67
97.67
97.67
97.67
97.67
97.67
97.67
97.67
97.67
97.67
98.09
98.09
98.09
98.09
98.09
98.09
98.09
98.29
98.29
98.29
98.29
98.29
98.29
98.29
98.29
98.29
98.29
98.29
98.01
98.01
98.01
98.01
98.01
98.01
98.01
97.73
97.73
97.73
97.73
97.73
97.80
97.80
97.80
97.80
97.80
97.80
97.80
97.80
97.80
97.80
97.80
97.96
97.96
97.96
97.96
97.96
97.96
97.96
97.96
97.74
97.74
97.74
97.74
97.74
97.74
97.74
97.74
97.74
97.74
97.74
98.17
98.17
98.17
98.17
98.17
98.17
98.17
98.17
98.17
98.17
96.67
96.67
96.67
96.67
96.67
95.10
95.10
95.10
95.10
95.10
95.10
95.10
95.10
92.10
92.10
92.10
92.10
92.10
92.10
92.10
92.10
87.36
87.36
87.36
87.36
87.36
87.36
87.36
87.36
87.36
90.91
90.91
90.91
90.91
90.91
90.91
90.91
90.91
90.91
90.91
90.91
90.91
91.89
91.89
91.89
91.89
91.89
91.89
91.89
95.67
95.67
95.67
95.67
95.67
95.67
95.67
95.67
97.69
97.69
97.69
97.69
97.69
97.69
97.69
97.69
96.85
96.85
96.85
96.85
96.85
96.23
96.23
96.23
96.23
97.09
97.09
97.09
97.09
97.09
97.33
97.33
97.33
97.33
97.33
97.33
97.33
97.33
96.89
96.89
96.89
96.89
96.89
97.96
97.96
97.96
97.96
97.96
97.96
97.96
97.96
97.96
97.96
97.96
97.91
97.91
97.91
97.91
97.91
97.91
98.39
98.39
98.39
98.39
98.39
98.39
98.39
98.39
98.39
98.39
98.39
97.89
97.89
97.89
97.89
97.89
97.89
98.08
98.08
98.08
98.08
98.08
98.08
98.08
98.08
98.11
98.11
98.11
98.11
98.11
98.11
98.11
98.11
98.11
98.02
98.02
98.02
98.02
98.02
98.02
98.02
98.02
98.02
98.02
98.02
97.42
97.42
97.42
97.42
97.42
95.87
95.87
95.87
95.87
95.87
95.87
95.87
95.87
94.11
94.11
94.11
94.11
94.11
94.11
90.36
90.36
90.36
90.36
90.36
90.36
90.36
90.36
89.57
89.57
89.57
89.57
89.57
89.57
87.97
87.97
87.97
87.97
87.97
87.97
87.97
87.97
90.75
90.75
90.75
90.75
96.14
96.14
96.14
96.14
96.14
96.14
96.14
97.80
97.80
97.80
97.80
97.80
97.80
97.80
97.80
97.96
97.96
97.96
97.96
97.96
97.96
97.96
97.96
97.73
97.73
97.73
97.73
97.73
97.73
97.73
97.73
96.54
96.54
96.54
96.54
96.54
96.54
96.54
98.17
98.17
98.17
98.17
98.17
98.17
98.17
98.17
97.69
97.69
97.69
97.69
97.69
97.69
97.69
97.69
98.19
98.19
98.19
98.19
98.19
98.19
98.19
95.63
95.63
95.63
95.63
95.31
95.31
95.31
95.31
95.31
95.31
95.31
95.31
95.31
