98.44
98.44
98.44
98.44
98.44
98.44
98.44
98.44
98.44
98.44
98.44
97.54
97.54
97.54
97.54
97.54
97.54
97.00
97.00
97.00
97.00
97.00
97.00
97.00
97.00
97.00
97.15
97.15
97.15
97.15
97.15
97.15
97.15
96.48
96.48
96.48
96.48
96.48
93.62
93.62
93.62
93.62
95.11
95.11
95.11
95.11
95.11
95.11
95.27
95.27
95.27
95.27
97.92
97.92
97.92
97.92
97.92
97.92
97.92
97.92
98.35
98.35
98.35
98.35
98.35
98.35
98.35
98.35
98.81
98.81
98.81
98.81
98.81
98.81
98.81
98.81
98.84
98.84
98.84
98.84
98.84
98.84
98.84
98.84
98.84
98.84
98.84
98.84
98.84
98.84
98.84
98.73
98.73
98.73
98.73
98.73
98.73
98.73
98.73
98.73
98.73
98.72
98.72
98.72
98.72
98.72
98.72
98.72
98.72
97.80
97.80
97.80
97.80
97.15
97.15
97.15
97.15
97.15
97.15
97.15
95.90
95.90
95.90
95.90
95.90
95.90
95.90
95.90
96.15
96.15
96.15
96.15
96.15
96.15
96.15
96.15
96.15
96.15
96.15
96.15
97.58
97.58
97.58
97.58
97.58
97.58
97.58
98.53
98.53
98.53
98.53
98.53
98.53
98.53
98.71
98.71
98.71
98.71
98.71
98.71
98.71
98.71
98.71
98.71
98.71
98.80
98.80
98.80
98.80
98.80
98.80
98.80
98.80
98.76
98.76
98.76
98.76
98.76
98.76
98.76
98.80
98.80
98.80
98.80
98.80
98.80
98.80
98.80
98.80
98.80
98.80
98.62
98.62
98.62
98.62
98.62
98.62
98.62
98.62
98.62
98.18
98.18
98.18
98.18
98.18
98.18
98.18
98.18
95.96
95.96
95.96
95.96
95.96
95.96
95.96
93.15
93.15
93.15
93.15
95.02
95.02
95.02
95.02
97.16
97.16
97.16
97.16
97.16
97.16
97.16
97.16
97.16
97.16
97.16
98.56
98.56
98.56
98.56
98.56
98.73
98.73
98.73
98.73
98.73
98.73
98.73
98.73
98.73
98.79
98.79
98.79
98.79
98.79
98.79
98.79
98.67
98.67
98.67
98.67
98.67
98.67
98.67
98.67
98.67
98.71
98.71
98.71
98.71
98.71
98.71
98.71
98.71
98.71
98.71
98.71
98.71
98.46
98.46
98.46
98.46
98.46
98.46
98.46
98.46
98.54
98.54
98.54
98.54
98.54
98.54
98.54
98.54
97.22
97.22
97.22
97.22
97.22
97.20
97.20
97.20
97.20
97.20
97.20
97.20
93.01
93.01
93.01
93.01
93.01
93.01
93.01
93.01
93.01
93.01
93.01
81.86
81.86
81.86
81.86
81.86
81.86
81.86
81.86
65.09
65.09
65.09
65.09
65.09
65.09
65.09
65.09
65.09
57.87
57.87
57.87
57.87
57.87
57.87
