94.88
94.88
94.88
94.88
94.88
94.88
94.88
91.81
91.81
91.81
91.81
90.12
90.12
90.12
90.12
90.12
90.12
90.12
90.12
85.12
85.12
85.12
85.12
85.12
79.81
79.81
79.81
79.81
74.25
74.25
74.25
74.25
74.25
74.25
75.94
75.94
75.94
75.94
75.94
75.94
75.94
83.31
83.31
83.31
83.31
83.31
83.31
83.31
83.31
83.31
87.12
87.12
87.12
87.12
90.19
90.19
90.19
90.19
90.19
90.19
92.19
92.19
92.19
92.19
92.19
92.19
92.19
92.19
92.62
92.62
92.62
92.62
92.62
92.62
92.62
92.62
94.38
94.38
94.38
94.38
94.38
94.38
94.38
94.38
93.12
93.12
93.12
93.12
93.12
93.12
93.12
93.12
94.25
94.25
94.25
94.25
94.25
94.25
94.25
94.25
94.69
94.69
94.69
94.69
94.69
94.69
94.69
94.69
94.75
94.75
94.75
94.75
94.75
94.75
94.75
94.75
95.06
95.06
95.06
95.06
95.06
95.06
95.06
95.06
95.06
95.69
95.69
95.69
95.69
95.69
95.69
95.69
96.00
96.00
96.00
96.00
96.00
96.31
96.31
96.31
96.31
96.31
96.31
96.31
96.31
95.31
95.31
95.31
95.31
95.31
95.31
95.31
95.31
95.31
95.31
95.31
94.88
94.88
94.88
94.88
94.88
94.88
94.88
96.12
96.12
96.12
96.12
96.12
95.12
95.12
95.12
95.12
95.12
95.12
93.62
93.62
93.62
93.62
93.62
93.62
93.62
93.62
93.62
93.56
93.56
93.56
93.56
93.56
93.56
93.56
93.56
94.50
94.50
94.50
94.50
94.50
94.50
94.50
94.50
93.19
93.19
93.19
93.19
93.19
93.19
93.19
93.19
93.19
93.19
93.19
94.31
94.31
94.31
94.31
94.31
94.31
94.31
94.31
94.31
94.19
94.19
94.19
94.19
94.19
94.19
94.19
94.19
94.19
95.31
95.31
95.31
95.31
95.31
95.31
95.31
95.31
95.31
95.31
95.31
95.31
