95.76
95.76
95.76
95.76
95.76
95.76
95.76
95.76
94.88
94.88
94.88
94.88
94.88
94.88
94.74
94.74
94.74
94.74
94.74
94.74
94.74
94.74
94.74
95.90
95.90
95.90
95.90
95.90
95.90
96.61
96.61
96.61
96.61
96.61
96.50
96.50
96.50
96.50
96.50
96.50
96.50
96.50
96.50
95.93
95.93
95.93
95.93
95.93
95.93
95.93
95.93
97.41
97.41
97.41
97.41
97.41
97.41
97.41
97.41
97.41
97.41
97.41
97.41
98.48
98.48
98.48
98.48
98.48
98.48
98.48
98.48
98.19
98.19
98.19
98.19
98.19
98.19
98.19
98.19
98.19
98.06
98.06
98.06
98.06
98.06
98.59
98.59
98.59
98.59
98.59
98.68
98.68
98.68
98.68
98.68
98.68
98.68
98.68
98.03
98.03
98.03
98.03
98.03
98.03
98.03
98.03
98.03
98.03
98.03
97.79
97.79
97.79
97.79
98.40
98.40
98.40
98.40
98.40
98.40
98.40
98.40
98.61
98.61
98.61
98.61
98.61
98.61
98.61
98.61
98.61
98.84
98.84
98.84
98.84
98.84
98.84
98.84
98.84
98.84
98.90
98.90
98.90
98.90
98.90
98.90
98.90
98.83
98.83
98.83
98.83
98.83
98.83
98.83
98.83
98.83
98.83
98.83
98.83
98.83
98.83
98.73
98.73
98.73
98.73
98.73
98.73
98.69
98.69
98.69
98.69
98.69
98.69
98.69
98.69
97.96
97.96
97.96
97.96
97.96
97.96
97.96
97.61
97.61
97.61
97.61
97.61
97.61
97.61
96.49
96.49
96.49
96.49
96.49
96.49
96.15
96.15
96.15
96.15
96.15
96.15
96.15
96.15
96.15
96.15
96.15
92.99
92.99
92.99
92.99
92.99
92.99
92.99
92.99
92.99
92.99
92.99
90.23
90.23
90.23
90.23
90.23
86.18
86.18
86.18
86.18
86.18
86.18
86.18
86.18
86.18
82.57
82.57
82.57
82.57
82.57
82.57
82.57
82.57
82.57
81.91
81.91
81.91
81.91
81.91
81.91
80.03
80.03
80.03
80.03
80.03
80.03
80.03
80.03
80.03
80.03
80.03
85.36
85.36
85.36
85.36
85.36
85.36
85.36
88.29
88.29
88.29
88.29
88.29
88.29
88.29
88.29
88.29
88.29
88.29
88.41
88.41
88.41
88.41
88.41
88.41
88.41
88.41
88.41
88.41
88.41
91.05
91.05
91.05
91.05
91.05
91.05
91.05
91.05
91.05
91.05
95.30
95.30
95.30
95.30
95.30
95.30
95.30
95.30
95.70
95.70
95.70
95.70
95.70
95.70
95.70
96.61
96.61
96.61
96.61
96.61
96.61
96.61
96.61
96.61
97.34
97.34
97.34
97.34
97.34
97.34
97.34
97.34
97.34
97.34
97.34
98.48
98.48
98.48
98.48
98.48
98.48
98.48
98.48
98.48
98.48
98.48
98.48
98.48
98.48
98.25
98.25
98.25
98.25
98.25
98.25
98.25
98.25
98.25
98.25
98.85
98.85
98.85
98.85
98.85
98.85
98.85
98.85
98.82
98.82
98.82
98.82
98.82
98.82
98.82
98.82
98.82
98.84
98.84
98.84
98.84
98.84
98.84
98.84
98.84
98.88
98.88
98.88
98.88
98.88
98.88
98.88
98.88
98.88
98.87
98.87
98.87
98.87
98.87
98.68
98.68
98.68
98.68
98.68
98.30
98.30
98.30
98.30
98.30
98.30
98.30
98.30
98.30
98.30
98.30
98.30
98.30
98.30
