98.03
98.03
98.03
98.03
98.03
98.22
98.22
98.22
98.22
98.70
98.70
98.70
98.70
98.70
98.70
98.70
98.66
98.66
98.66
98.66
98.66
98.66
98.66
98.66
98.66
98.66
98.66
98.66
98.35
98.35
98.35
98.35
98.35
98.35
98.35
98.35
98.78
98.78
98.78
98.78
98.78
98.78
98.78
98.78
98.77
98.77
98.77
98.77
98.77
98.44
98.44
98.44
98.44
98.44
98.44
98.44
98.44
98.35
98.35
98.35
98.35
98.35
98.58
98.58
98.58
98.58
98.58
98.58
98.18
98.18
98.18
98.18
98.18
98.18
98.18
98.18
98.18
98.18
97.75
97.75
97.75
97.75
97.75
97.75
97.75
97.75
97.75
97.52
97.52
97.52
97.52
97.52
97.52
97.52
97.52
97.57
97.57
97.57
97.57
97.57
98.45
98.45
98.45
98.45
98.45
98.45
98.45
98.45
98.28
98.28
98.28
98.28
98.28
98.28
98.28
98.72
98.72
98.72
98.72
98.72
98.72
98.72
98.72
98.72
98.72
98.72
98.81
98.81
98.81
98.81
98.81
98.81
98.81
98.81
98.81
98.81
98.81
98.81
98.85
98.85
98.85
98.85
98.85
98.85
98.85
98.79
98.79
98.79
98.79
98.79
