97.25
97.25
97.25
97.25
97.25
97.25
97.86
97.86
97.86
97.86
97.53
97.53
97.53
97.53
97.53
97.53
97.53
97.53
97.53
97.53
97.53
98.71
98.71
98.71
98.71
98.71
98.71
98.71
98.71
98.30
98.30
98.30
98.30
98.30
98.30
98.54
98.54
98.54
98.54
98.54
98.54
98.54
97.86
97.86
97.86
97.86
97.86
97.86
97.86
97.86
96.96
96.96
96.96
96.96
96.96
96.96
96.96
96.96
96.96
96.74
96.74
96.74
96.74
96.74
96.74
96.74
96.74
95.68
95.68
95.68
95.68
95.68
95.68
95.68
92.90
92.90
92.90
92.90
92.90
92.90
92.90
92.90
92.90
92.90
91.03
91.03
91.03
91.03
91.03
91.03
91.03
91.03
91.03
91.03
91.03
86.43
86.43
86.43
86.43
90.38
90.38
90.38
90.38
90.38
90.38
90.38
90.38
81.90
81.90
81.90
81.90
81.90
81.90
81.90
81.90
81.90
89.45
89.45
89.45
89.45
89.45
89.45
89.45
92.30
92.30
92.30
92.30
92.30
92.30
92.30
92.30
94.33
94.33
94.33
94.33
94.33
95.38
95.38
95.38
95.38
95.38
95.38
95.38
95.38
95.38
95.94
95.94
95.94
95.94
95.94
95.94
95.94
95.94
95.94
95.94
95.94
95.94
95.94
95.94
97.80
97.80
97.80
97.80
97.80
97.80
97.80
97.80
98.11
98.11
98.11
98.11
97.75
97.75
97.75
97.75
97.75
97.75
97.75
97.75
97.75
98.25
98.25
98.25
98.25
98.25
98.25
98.25
98.25
98.25
98.25
98.25
98.25
98.25
98.25
97.35
97.35
97.35
97.35
97.35
97.35
97.35
97.35
97.35
97.35
97.41
97.41
97.41
97.41
97.41
97.41
97.41
97.41
97.41
97.41
97.41
98.47
98.47
98.47
98.47
98.47
98.47
98.47
98.47
98.47
98.60
98.60
98.60
98.60
98.60
98.60
98.60
98.52
98.52
98.52
98.52
98.52
98.52
98.48
98.48
98.48
98.48
98.48
98.48
98.48
98.48
98.40
98.40
98.40
98.40
98.40
98.40
98.40
98.40
98.40
98.40
98.40
98.40
98.64
98.64
98.64
98.64
98.64
98.64
98.64
98.64
98.64
98.64
98.64
98.64
98.64
98.64
98.64
98.64
98.25
98.25
98.25
98.25
98.25
98.25
98.25
98.25
98.33
98.33
98.33
98.33
98.33
98.33
98.33
98.33
98.33
98.23
98.23
98.23
98.23
98.23
98.09
98.09
98.09
98.09
98.09
98.09
98.09
98.09
96.76
96.76
96.76
96.76
96.76
96.76
96.76
96.76
96.76
96.48
96.48
96.48
96.48
96.48
96.48
96.48
96.48
96.48
96.80
96.80
96.80
96.80
96.80
96.80
96.80
96.80
96.80
96.80
94.37
94.37
94.37
94.37
94.37
94.37
94.37
94.37
94.37
94.37
94.37
94.76
94.76
94.76
94.76
94.76
94.76
96.21
96.21
96.21
96.21
