97.90
97.90
97.90
97.90
97.90
97.90
95.70
95.70
95.70
95.70
95.70
95.70
97.11
97.11
97.11
97.11
97.11
97.11
97.11
97.11
97.11
96.39
96.39
96.39
96.39
96.39
96.39
96.39
96.39
97.58
97.58
97.58
97.58
97.86
97.86
97.86
97.86
97.86
97.86
97.86
97.86
97.86
97.86
97.86
97.86
97.86
98.12
98.12
98.12
98.12
98.12
98.12
98.12
98.12
98.12
98.45
98.45
98.45
98.45
98.45
98.45
98.45
98.45
98.45
98.79
98.79
98.79
98.79
98.79
98.79
98.79
98.85
98.85
98.85
98.85
98.85
98.85
98.85
98.85
98.90
98.90
98.90
98.90
98.90
98.90
98.90
98.80
98.80
98.80
98.80
98.80
98.80
98.80
98.80
98.80
98.65
98.65
98.65
98.65
98.65
98.65
98.65
98.65
98.65
98.65
98.34
98.34
98.34
98.34
98.34
98.34
98.34
97.10
97.10
97.10
97.10
97.10
97.10
97.49
97.49
97.49
97.49
97.49
97.49
97.49
97.15
97.15
97.15
97.15
97.15
97.15
97.15
97.15
97.63
97.63
97.63
97.63
97.63
97.63
97.63
96.98
96.98
96.98
96.98
96.98
96.98
96.98
97.36
97.36
97.36
97.36
97.36
97.36
97.36
97.36
97.36
98.09
98.09
98.09
98.09
98.09
98.09
98.09
98.29
98.29
98.29
98.29
98.29
98.29
98.29
98.29
97.31
97.31
97.31
97.31
97.31
97.31
97.31
97.31
97.31
97.31
96.05
96.05
96.05
96.05
96.05
96.05
96.05
96.05
94.35
94.35
94.35
94.35
97.57
97.57
97.57
97.57
97.57
97.57
97.57
97.57
97.57
97.57
97.38
97.38
97.38
97.38
97.38
97.10
97.10
97.10
97.10
97.10
97.10
97.10
97.10
97.10
97.10
97.10
97.92
97.92
97.92
97.92
97.92
97.92
97.92
97.92
98.51
98.51
98.51
98.51
98.51
98.50
98.50
98.50
98.50
98.50
98.50
98.50
98.50
98.52
98.52
98.52
98.52
98.52
98.52
98.52
98.52
98.61
98.61
98.61
98.61
98.78
98.78
98.78
98.78
98.78
98.78
98.78
98.78
98.77
98.77
98.77
98.77
98.77
98.77
98.77
98.75
98.75
98.75
98.75
98.75
98.75
98.75
98.75
98.84
98.84
98.84
98.84
98.84
98.79
98.79
98.79
98.79
98.79
98.79
98.79
98.79
98.79
98.79
98.79
98.84
98.84
98.84
98.84
98.84
98.84
98.84
98.84
98.83
98.83
98.83
98.83
98.83
98.83
98.83
98.83
98.71
98.71
98.71
98.71
98.71
98.71
98.71
98.71
98.71
98.71
98.71
98.63
98.63
98.63
98.63
98.63
98.63
98.63
98.63
98.63
98.63
98.63
98.64
98.64
98.64
98.64
98.64
98.64
98.64
98.64
98.42
98.42
98.42
98.42
98.65
98.65
98.65
98.65
98.65
98.65
98.65
98.65
98.65
98.65
98.65
98.65
98.49
98.49
98.49
98.49
98.49
98.49
98.49
98.49
98.49
98.76
98.76
98.76
98.76
98.76
98.76
98.76
98.65
98.65
98.65
98.65
98.65
98.65
98.65
98.65
98.65
98.88
98.88
98.88
98.88
98.88
98.88
98.88
98.77
98.77
98.77
98.77
98.77
98.77
98.77
98.77
98.77
98.75
98.75
98.75
98.75
98.75
98.75
98.75
98.75
98.48
98.48
98.48
98.48
98.48
98.48
98.48
98.48
98.48
98.48
98.48
98.48
98.43
98.43
98.43
98.43
98.43
98.43
98.43
98.43
96.09
96.09
96.09
96.09
96.09
96.09
96.09
96.09
