97.66
97.66
97.66
97.66
97.66
97.66
97.28
97.28
97.28
97.28
97.28
97.28
97.28
97.28
97.28
97.28
97.44
97.44
97.44
97.44
97.13
97.13
97.13
97.13
97.13
97.13
97.13
97.13
97.63
97.63
97.63
97.63
97.63
97.63
97.63
97.07
97.07
97.07
97.07
97.07
97.07
97.07
96.00
96.00
96.00
96.00
96.00
96.00
96.00
96.00
96.00
94.48
94.48
94.48
94.48
94.48
94.48
94.48
94.48
94.48
94.64
94.64
94.64
94.64
94.64
94.64
94.64
94.64
94.64
93.69
93.69
93.69
93.69
93.69
93.69
93.69
93.69
93.69
92.78
92.78
92.78
92.78
92.78
91.48
91.48
91.48
91.48
91.48
91.48
91.48
91.48
90.81
90.81
90.81
90.81
90.81
90.81
90.81
90.81
90.81
90.81
90.81
91.58
91.58
91.58
91.58
91.58
91.58
91.58
91.58
91.58
88.33
88.33
88.33
88.33
88.33
88.33
88.33
88.33
88.33
83.38
83.38
83.38
83.38
89.54
89.54
89.54
89.54
89.54
89.54
89.54
89.54
93.18
93.18
93.18
93.18
93.18
93.18
93.18
93.18
93.18
94.76
94.76
94.76
94.76
94.76
94.76
94.76
96.61
96.61
96.61
96.61
96.61
96.61
96.61
96.61
97.56
97.56
97.56
97.56
97.56
97.56
97.56
97.56
98.17
98.17
98.17
98.17
98.17
98.38
98.38
98.38
98.38
98.38
98.38
98.38
98.46
98.46
98.46
98.46
98.46
98.46
