97.14
97.14
97.14
97.14
97.14
97.14
97.14
97.14
98.58
98.58
98.58
98.58
98.58
98.58
98.58
98.58
98.64
98.64
98.64
98.64
98.64
98.64
98.63
98.63
98.63
98.63
98.63
98.63
98.63
98.56
98.56
98.56
98.56
98.56
98.56
98.56
98.56
98.56
98.50
98.50
98.50
98.50
98.50
98.50
98.50
98.50
98.50
98.61
98.61
98.61
98.61
98.61
98.61
98.61
98.61
98.61
98.61
98.61
97.88
97.88
97.88
97.88
97.88
97.88
97.88
97.88
97.88
97.88
97.88
96.58
96.58
96.58
96.58
96.58
96.58
96.58
93.79
93.79
93.79
93.79
93.37
93.37
93.37
93.37
93.37
93.37
93.37
93.37
93.37
95.20
95.20
95.20
95.20
95.20
95.20
95.20
95.20
95.20
95.20
95.20
97.77
97.77
97.77
97.77
97.77
97.77
97.77
98.46
98.46
98.46
98.46
98.46
98.46
98.46
98.72
98.72
98.72
98.72
98.72
98.72
98.72
98.72
98.72
98.72
98.72
98.72
98.72
98.72
98.81
98.81
98.81
98.81
98.81
98.81
98.81
98.81
98.77
98.77
98.77
98.77
98.87
98.87
98.87
98.87
98.87
98.87
98.87
98.73
98.73
98.73
98.73
98.73
98.73
98.73
98.73
98.56
98.56
98.56
98.56
98.56
98.56
98.56
98.56
98.56
98.56
98.56
97.28
97.28
97.28
97.28
97.28
97.28
95.28
95.28
95.28
95.28
97.97
97.97
97.97
97.97
97.97
97.97
97.97
97.97
97.97
97.97
97.97
98.68
98.68
98.68
98.68
98.68
98.68
98.68
98.58
98.58
98.58
98.58
98.58
98.58
98.58
98.58
98.58
98.65
98.65
98.65
98.65
98.77
98.77
98.77
98.77
98.77
98.77
98.77
98.77
98.70
98.70
98.70
98.70
98.70
98.68
98.68
98.68
98.68
98.68
98.68
98.68
98.68
98.68
98.68
98.68
98.46
98.46
98.46
98.46
98.46
97.99
97.99
97.99
97.99
97.99
97.99
97.99
97.99
97.99
97.99
97.99
97.63
97.63
97.63
97.63
97.63
97.63
97.63
97.63
97.81
97.81
97.81
97.81
97.81
97.81
97.81
97.81
97.81
97.81
97.81
98.24
98.24
98.24
98.24
98.24
98.24
98.24
98.24
98.24
98.24
98.24
98.56
98.56
98.56
98.56
98.56
98.56
98.56
98.56
98.56
98.56
98.56
98.56
98.56
98.56
98.56
98.56
98.35
98.35
98.35
98.35
98.35
98.35
98.35
98.35
98.35
98.30
98.30
98.30
98.30
98.30
98.30
98.30
98.30
98.30
98.30
98.30
98.68
98.68
98.68
98.68
98.68
98.68
98.68
98.68
