98.28
98.28
98.28
98.28
98.28
98.28
98.26
98.26
98.26
98.26
98.26
98.26
98.26
98.26
98.38
98.38
98.38
98.38
98.48
98.48
98.48
98.48
98.48
98.48
98.48
98.48
98.48
98.35
98.35
98.35
98.35
98.35
98.35
98.43
98.43
98.43
98.43
98.43
98.43
98.43
98.43
98.57
98.57
98.57
98.57
98.57
98.57
98.57
98.57
98.57
98.38
98.38
98.38
98.38
98.38
98.31
98.31
98.31
98.31
98.31
98.31
98.31
98.31
98.17
98.17
98.17
98.17
98.17
98.17
98.17
98.05
98.05
98.05
98.05
98.17
98.17
98.17
98.17
98.17
98.17
98.17
97.44
97.44
97.44
97.44
97.44
97.05
97.05
97.05
97.05
97.05
97.05
97.05
97.05
97.05
96.54
96.54
96.54
96.54
96.54
96.54
97.64
97.64
97.64
97.64
97.64
97.64
97.64
97.64
97.64
97.64
97.64
98.25
98.25
98.25
98.25
98.25
98.25
98.25
98.25
98.00
98.00
98.00
98.00
98.00
98.44
98.44
98.44
98.44
98.44
98.44
98.44
98.44
98.44
98.45
98.45
98.45
98.45
98.45
98.63
98.63
98.63
98.63
98.63
98.67
98.67
98.67
98.67
98.67
98.67
98.67
98.67
98.67
98.61
98.61
98.61
98.61
98.61
98.53
98.53
98.53
98.53
98.53
98.53
98.53
98.53
98.53
98.46
98.46
98.46
98.46
98.46
98.63
98.63
98.63
98.63
98.63
98.32
98.32
98.32
98.32
98.32
98.60
98.60
98.60
98.60
98.60
98.60
98.60
98.60
98.46
98.46
98.46
98.46
98.46
98.46
98.46
98.46
98.46
98.38
98.38
98.38
98.38
98.38
98.38
98.38
98.38
98.38
98.12
98.12
98.12
98.12
98.12
98.12
98.12
98.12
98.00
98.00
98.00
98.00
98.00
98.00
98.00
98.00
97.47
97.47
97.47
97.47
97.47
97.04
97.04
97.04
97.04
97.04
97.04
97.04
