97.54
97.54
97.54
97.54
97.54
97.54
97.54
97.54
98.44
98.44
98.44
98.44
98.44
98.44
98.44
98.44
98.44
98.44
98.44
98.82
98.82
98.82
98.82
98.82
98.82
98.82
98.82
98.82
98.82
98.86
98.86
98.86
98.86
98.86
98.86
98.86
98.86
98.95
98.95
98.95
98.95
98.95
98.80
98.80
98.80
98.80
98.79
98.79
98.79
98.79
98.79
98.79
98.79
98.79
98.79
98.28
98.28
98.28
98.28
98.28
98.28
97.73
97.73
97.73
97.73
97.73
97.73
97.73
97.73
97.73
97.73
97.73
97.73
98.32
98.32
98.32
98.32
98.32
98.63
98.63
98.63
98.63
98.22
98.22
98.22
98.22
98.22
98.22
98.22
98.22
98.22
98.22
97.30
97.30
97.30
97.30
97.30
97.30
97.30
97.30
97.30
97.30
97.30
97.30
98.66
98.66
98.66
98.66
98.66
98.66
98.66
98.66
98.69
98.69
98.69
98.69
98.69
98.69
98.69
98.15
98.15
98.15
98.15
98.15
98.15
98.15
97.88
97.88
97.88
97.88
97.88
97.88
97.88
97.88
97.88
97.88
97.88
98.69
98.69
98.69
98.69
98.69
98.28
98.28
98.28
98.28
98.28
98.28
97.58
97.58
97.58
97.58
97.58
97.58
97.58
97.58
97.58
97.93
97.93
97.93
97.93
97.93
97.93
97.93
97.93
98.03
98.03
98.03
98.03
98.03
98.03
98.03
98.03
96.98
96.98
96.98
96.98
96.98
96.98
96.02
96.02
96.02
96.02
96.02
96.02
96.02
96.02
96.02
96.02
95.40
95.40
95.40
95.40
95.40
95.40
95.40
95.40
95.40
93.81
93.81
93.81
93.81
93.81
93.81
93.81
93.81
95.19
95.19
95.19
95.19
95.19
95.19
95.19
95.19
95.19
95.19
95.19
94.33
94.33
94.33
94.33
94.33
94.33
94.33
94.33
96.29
96.29
96.29
96.29
96.29
96.29
96.29
96.29
96.29
96.29
96.29
96.41
96.41
96.41
96.41
96.41
96.41
96.41
96.41
98.43
98.43
98.43
98.43
98.43
98.43
98.43
98.43
