98.86
98.86
98.86
98.86
98.86
98.86
98.86
98.86
98.86
98.93
98.93
98.93
98.93
98.93
98.93
98.93
98.93
98.92
98.92
98.92
98.92
98.92
98.92
98.92
98.92
98.92
98.92
98.92
98.87
98.87
98.87
98.87
98.87
98.87
98.87
98.87
98.87
98.87
98.87
98.87
98.66
98.66
98.66
98.66
98.66
98.66
98.66
98.66
98.66
98.66
98.66
98.86
98.86
98.86
98.86
98.86
98.73
98.73
98.73
98.73
98.73
98.73
98.73
98.73
98.21
98.21
98.21
98.21
98.21
98.21
98.21
98.00
98.00
98.00
98.00
98.00
98.00
98.00
98.00
98.00
98.56
98.56
98.56
98.56
98.56
98.56
98.56
98.56
98.56
98.56
98.56
98.56
98.70
98.70
98.70
98.70
98.70
98.70
98.70
98.70
98.19
98.19
98.19
98.19
98.19
98.19
98.19
97.12
97.12
97.12
97.12
97.12
97.12
97.12
96.47
96.47
96.47
96.47
96.47
96.47
96.47
98.07
98.07
98.07
98.07
98.07
98.07
97.51
97.51
97.51
97.51
97.51
97.51
97.51
97.51
98.50
98.50
98.50
98.50
98.50
98.50
98.50
98.50
98.50
98.50
98.50
97.70
97.70
97.70
97.70
97.70
97.70
97.80
97.80
97.80
97.80
97.80
97.80
97.80
97.80
97.80
98.77
98.77
98.77
98.77
98.77
98.77
98.77
98.77
98.73
98.73
98.73
98.73
98.73
98.73
98.73
98.73
98.73
98.73
98.73
98.34
98.34
98.34
98.34
98.34
98.76
98.76
98.76
98.76
98.76
98.87
98.87
98.87
98.87
98.87
98.69
98.69
98.69
98.69
98.69
98.69
98.69
98.47
98.47
98.47
98.47
98.47
98.47
98.47
98.47
98.47
98.77
98.77
98.77
98.77
98.77
98.77
98.81
98.81
98.81
98.81
98.81
98.20
98.20
98.20
98.20
98.20
98.20
98.20
97.71
97.71
97.71
97.71
97.71
97.71
97.71
97.71
98.40
98.40
98.40
98.40
98.40
98.40
98.40
98.40
98.50
98.50
98.50
98.50
98.50
98.50
98.50
98.50
98.50
98.50
98.50
98.50
97.34
97.34
97.34
97.34
95.99
95.99
95.99
95.99
95.99
95.99
97.23
97.23
97.23
97.23
97.23
97.23
97.23
98.68
98.68
98.68
98.68
98.68
98.68
98.85
98.85
98.85
98.85
98.85
98.85
98.85
98.85
98.85
98.87
98.87
98.87
98.87
98.87
98.87
98.87
98.87
98.87
98.85
98.85
98.85
98.85
98.85
98.85
98.85
98.80
98.80
98.80
98.80
98.80
