88.52
88.52
88.52
88.52
88.52
88.52
88.52
88.52
88.52
92.14
92.14
92.14
92.14
92.14
92.14
92.14
92.14
92.14
92.14
95.92
95.92
95.92
95.92
97.48
97.48
97.48
97.48
97.48
97.48
97.48
97.48
96.19
96.19
96.19
96.19
96.19
96.19
96.19
96.19
96.19
96.19
96.19
96.19
96.19
96.19
94.78
94.78
94.78
94.78
94.78
94.78
94.78
94.78
94.78
94.78
94.78
94.78
95.11
95.11
95.11
95.11
95.11
95.11
95.11
96.69
96.69
96.69
96.69
96.69
96.69
96.69
96.69
97.51
97.51
97.51
97.51
97.51
97.51
97.51
97.51
97.73
97.73
97.73
97.73
97.73
97.73
97.73
98.25
98.25
98.25
98.25
98.25
98.51
98.51
98.51
98.51
98.51
98.41
98.41
98.41
98.41
98.41
98.41
98.41
98.41
98.56
98.56
98.56
98.56
98.56
98.56
98.56
98.56
98.70
98.70
98.70
98.70
98.70
98.70
98.70
98.69
98.69
98.69
98.69
98.69
98.69
98.69
98.69
98.40
98.40
98.40
98.40
98.40
98.40
98.40
98.40
98.40
98.63
98.63
98.63
98.63
98.63
98.63
98.63
98.63
98.63
98.63
98.63
98.59
98.59
98.59
98.59
98.59
98.59
98.59
98.59
98.59
98.59
98.39
98.39
98.39
98.39
98.39
98.39
98.39
98.39
98.39
98.39
98.76
98.76
98.76
98.76
98.76
98.76
98.76
98.76
98.45
98.45
98.45
98.45
98.45
98.45
98.45
98.45
98.45
98.62
98.62
98.62
98.62
98.62
98.62
98.62
98.62
98.40
98.40
98.40
98.40
98.40
98.40
98.40
98.38
98.38
98.38
98.38
98.44
98.44
98.44
98.44
98.44
98.44
98.44
98.44
97.43
97.43
97.43
97.43
97.43
97.43
97.43
97.43
97.43
97.43
94.40
94.40
94.40
94.40
94.40
94.40
94.40
94.40
87.21
87.21
87.21
87.21
87.21
87.21
87.21
87.21
87.21
87.21
