51.59
51.59
51.59
51.59
51.59
51.59
51.59
60.88
60.88
60.88
60.88
60.88
60.88
60.88
60.88
60.88
71.64
71.64
71.64
71.64
71.64
71.64
71.64
71.64
71.64
71.64
71.64
70.76
70.76
70.76
70.76
76.03
76.03
76.03
76.03
76.03
76.03
81.85
81.85
81.85
81.85
81.85
81.85
81.85
81.85
81.85
91.37
91.37
91.37
91.37
91.37
91.37
91.37
91.37
95.82
95.82
95.82
95.82
95.82
95.82
95.82
95.82
95.82
97.09
97.09
97.09
97.09
97.09
97.09
97.93
97.93
97.93
97.93
97.93
97.93
97.93
97.93
97.93
97.93
97.93
97.88
97.88
97.88
97.88
97.88
97.88
97.88
97.43
97.43
97.43
97.43
97.43
97.43
97.43
97.43
97.43
98.03
98.03
98.03
98.03
98.03
98.03
98.03
97.89
97.89
97.89
97.89
97.89
97.89
97.89
98.11
98.11
98.11
98.11
98.56
98.56
98.56
98.56
98.56
98.56
98.56
98.56
98.56
98.54
98.54
98.54
98.54
98.54
98.54
98.54
98.43
98.43
98.43
98.43
98.43
98.43
98.43
98.43
98.43
98.43
98.43
98.43
98.43
98.43
98.43
98.40
98.40
98.40
98.40
98.40
98.40
98.40
98.40
98.40
98.37
98.37
98.37
98.37
98.37
98.15
98.15
98.15
98.15
98.15
98.15
98.15
98.15
98.15
98.15
98.15
98.43
98.43
98.43
98.43
98.43
98.43
98.43
98.43
98.43
98.35
98.35
98.35
98.35
98.35
98.35
98.35
98.35
98.35
98.35
98.35
98.35
