98.27
98.27
98.27
98.27
98.27
97.41
97.41
97.41
97.41
97.41
97.41
97.41
97.41
97.32
97.32
97.32
97.32
97.32
97.32
97.32
97.32
97.32
96.59
96.59
96.59
96.59
96.59
96.59
96.59
96.59
97.96
97.96
97.96
97.96
97.96
98.53
98.53
98.53
98.53
98.53
98.53
98.53
98.53
98.43
98.43
98.43
98.43
98.52
98.52
98.52
98.52
98.52
98.52
98.52
98.52
98.44
98.44
98.44
98.44
98.44
98.65
98.65
98.65
98.65
98.65
98.65
98.65
98.65
98.65
98.65
98.65
98.11
98.11
98.11
98.11
98.11
98.11
98.11
98.11
98.44
98.44
98.44
98.44
98.44
98.44
98.44
98.47
98.47
98.47
98.47
98.47
98.57
98.57
98.57
98.57
98.57
98.57
98.57
98.57
98.35
98.35
98.35
98.35
98.35
98.35
98.35
98.35
98.35
98.35
98.35
98.13
98.13
98.13
98.13
98.13
98.13
98.13
98.13
98.13
98.04
98.04
98.04
98.04
98.04
98.04
98.04
98.04
98.04
97.99
97.99
97.99
97.99
97.99
97.99
97.99
97.99
97.99
97.99
97.99
96.80
96.80
96.80
96.80
96.80
96.80
96.80
96.87
96.87
96.87
96.87
96.87
96.87
96.87
96.87
97.94
97.94
97.94
97.94
97.94
97.94
97.72
97.72
97.72
97.72
97.72
97.56
97.56
97.56
97.56
97.56
97.56
97.56
97.56
97.40
97.40
97.40
97.40
97.40
97.40
97.40
97.40
97.40
97.40
97.40
97.12
97.12
97.12
97.12
97.12
97.12
97.12
97.12
97.12
97.12
97.12
95.95
95.95
95.95
95.95
95.95
96.87
96.87
96.87
96.87
96.87
96.87
96.87
96.87
98.05
98.05
98.05
98.05
98.05
98.05
98.05
98.05
98.05
98.05
98.05
97.20
97.20
97.20
97.20
97.20
97.20
97.20
97.20
97.20
