96.55
96.55
96.55
96.55
96.55
96.55
96.55
96.55
96.40
96.40
96.40
96.40
96.40
96.40
96.40
95.97
95.97
95.97
95.97
95.97
95.97
95.97
95.97
96.44
96.44
96.44
96.44
96.44
95.54
95.54
95.54
95.54
95.54
95.54
95.54
95.54
97.06
97.06
97.06
97.06
97.06
97.06
97.06
97.06
97.06
97.15
97.15
97.15
97.15
96.42
96.42
96.42
96.42
96.42
96.42
96.42
97.79
97.79
97.79
97.79
97.79
97.79
97.79
97.79
98.26
98.26
98.26
98.26
98.26
98.26
98.26
98.26
97.89
97.89
97.89
97.89
97.89
98.17
98.17
98.17
98.17
98.17
98.17
98.17
98.17
98.17
98.17
98.17
98.17
98.17
98.17
98.17
98.36
98.36
98.36
98.36
98.67
98.67
98.67
98.67
98.67
98.77
98.77
98.77
98.77
98.77
98.77
98.77
98.77
98.63
98.63
98.63
98.63
98.73
98.73
98.73
98.73
98.73
98.73
98.73
98.73
98.86
98.86
98.86
98.86
98.86
98.86
98.86
98.86
98.73
98.73
98.73
98.73
98.73
98.73
98.73
98.73
98.68
98.68
98.68
98.68
98.75
98.75
98.75
98.75
98.75
98.75
98.75
98.66
98.66
98.66
98.66
98.75
98.75
98.75
98.75
98.75
98.75
98.75
98.75
98.74
98.74
98.74
98.74
98.74
98.74
98.74
