98.48
98.48
98.48
98.48
98.48
98.50
98.50
98.50
98.50
98.50
98.50
98.50
98.50
98.50
98.76
98.76
98.76
98.76
98.76
98.76
98.76
98.76
98.59
98.59
98.59
98.59
98.59
98.59
98.59
98.29
98.29
98.29
98.29
98.76
98.76
98.76
98.76
98.76
98.76
98.76
98.76
98.76
98.84
98.84
98.84
98.84
98.84
98.84
98.84
98.84
98.89
98.89
98.89
98.89
98.89
98.89
98.89
98.89
98.27
98.27
98.27
98.27
98.27
98.05
98.05
98.05
98.05
98.05
98.05
98.05
98.05
96.18
96.18
96.18
96.18
96.18
96.18
96.18
96.18
94.59
94.59
94.59
94.59
94.59
94.59
94.59
94.59
94.59
94.59
94.59
91.98
91.98
91.98
91.98
91.98
91.98
91.98
91.98
91.98
87.38
87.38
87.38
87.38
87.38
87.38
87.38
87.38
87.38
83.09
83.09
83.09
83.09
83.09
83.09
83.09
83.09
88.44
88.44
88.44
88.44
88.44
88.44
91.29
91.29
91.29
91.29
91.29
91.29
91.29
94.52
94.52
94.52
94.52
94.52
94.52
94.52
94.52
94.52
94.52
94.52
93.32
93.32
93.32
93.32
93.32
93.32
93.32
96.88
96.88
96.88
96.88
96.88
96.88
96.88
96.88
96.88
96.88
96.88
98.30
98.30
98.30
98.30
98.30
98.30
98.58
98.58
98.58
98.58
98.58
98.58
98.68
98.68
98.68
98.68
98.68
98.68
98.68
98.68
98.68
98.68
98.68
98.80
98.80
98.80
98.80
98.80
98.80
98.80
98.80
98.80
98.80
98.80
98.80
98.80
98.80
98.80
98.80
98.89
98.89
98.89
98.89
98.89
98.89
98.89
98.89
98.89
98.89
98.84
98.84
98.84
98.84
98.84
98.84
98.84
98.84
98.84
98.84
98.84
98.84
98.75
98.75
98.75
98.75
98.75
98.75
98.75
98.75
98.87
98.87
98.87
98.87
98.87
98.87
98.87
98.87
98.87
98.60
98.60
98.60
98.60
98.83
98.83
98.83
98.83
98.83
98.82
98.82
98.82
98.82
98.82
98.82
98.82
98.82
98.82
98.82
98.82
98.78
98.78
98.78
98.78
98.78
98.78
98.78
97.98
97.98
97.98
97.98
97.98
97.98
97.98
96.42
96.42
96.42
96.42
96.42
96.42
96.42
96.42
96.42
96.42
96.42
96.42
94.42
94.42
94.42
94.42
94.42
94.42
94.42
94.42
90.79
90.79
90.79
90.79
84.50
84.50
84.50
84.50
84.50
84.50
84.50
79.88
79.88
79.88
79.88
79.88
79.88
70.38
70.38
70.38
70.38
71.89
71.89
71.89
71.89
71.89
71.89
