62.22
62.22
62.22
62.22
62.22
62.22
62.22
57.20
57.20
57.20
57.20
57.20
58.87
58.87
58.87
58.87
58.87
58.87
58.87
55.46
55.46
55.46
55.46
55.46
55.46
55.46
57.95
57.95
57.95
57.95
57.95
57.95
57.95
55.80
55.80
55.80
55.80
55.80
55.80
55.80
43.92
43.92
43.92
43.92
46.22
46.22
46.22
46.22
46.22
46.22
46.22
46.22
46.22
45.46
45.46
45.46
45.46
45.46
45.46
45.46
45.46
48.07
48.07
48.07
48.07
48.07
48.07
50.47
50.47
50.47
50.47
50.47
50.47
50.47
50.47
50.47
52.55
52.55
52.55
52.55
52.55
52.55
52.55
52.55
54.64
54.64
54.64
54.64
54.64
54.64
54.64
52.81
52.81
52.81
52.81
52.81
61.50
61.50
61.50
61.50
61.50
62.53
62.53
62.53
62.53
62.53
62.53
62.53
65.63
65.63
65.63
65.63
65.63
65.63
65.63
65.63
65.63
65.63
76.49
76.49
76.49
76.49
76.49
76.49
76.49
76.49
76.49
76.49
76.49
82.10
82.10
82.10
82.10
82.10
82.10
82.10
82.10
82.10
88.16
88.16
88.16
88.16
88.16
88.16
88.16
88.22
88.22
88.22
88.22
88.22
88.22
88.22
88.22
92.08
92.08
92.08
92.08
92.08
92.08
92.08
92.02
92.02
92.02
92.02
92.02
92.02
93.71
93.71
93.71
93.71
93.71
93.71
94.82
94.82
94.82
94.82
94.82
94.82
94.82
94.82
94.82
95.79
95.79
95.79
95.79
95.79
95.79
95.79
95.79
95.79
95.79
95.79
97.39
97.39
97.39
97.39
97.39
97.39
97.39
97.39
97.75
97.75
97.75
97.75
97.75
97.75
97.75
97.75
97.46
97.46
97.46
97.46
97.46
97.46
97.46
97.46
97.46
98.34
98.34
98.34
98.34
98.34
98.34
98.34
98.34
98.34
98.64
98.64
98.64
98.64
98.64
98.64
98.64
98.64
98.52
98.52
98.52
98.52
98.52
98.52
98.52
98.52
98.52
98.52
98.52
98.55
98.55
98.55
98.55
98.55
98.55
98.55
98.55
98.55
98.55
98.55
98.55
