34.55
34.55
34.55
34.55
34.55
34.55
34.55
34.55
35.96
35.96
35.96
35.96
35.96
35.96
35.96
35.96
44.09
44.09
44.09
44.09
44.09
44.09
44.09
44.09
52.59
52.59
52.59
52.59
52.59
52.59
52.59
52.59
52.59
61.25
61.25
61.25
61.25
61.25
61.25
79.31
79.31
79.31
79.31
79.31
79.31
79.31
79.31
79.31
87.93
87.93
87.93
87.93
87.93
87.93
87.93
91.17
91.17
91.17
91.17
91.17
91.17
91.17
91.17
90.78
90.78
90.78
90.78
90.78
92.28
92.28
92.28
92.28
92.28
92.28
92.28
92.28
92.28
92.28
93.63
93.63
93.63
93.63
93.63
93.63
93.63
94.15
94.15
94.15
94.15
94.15
94.15
94.15
94.15
93.51
93.51
93.51
93.51
93.51
93.51
93.51
93.51
93.51
93.51
93.51
91.26
91.26
91.26
91.26
91.26
91.26
91.26
84.90
84.90
84.90
84.90
84.90
84.90
84.90
84.90
87.75
87.75
87.75
87.75
87.75
87.75
87.75
87.75
88.78
88.78
88.78
88.78
91.61
91.61
91.61
91.61
91.61
91.61
91.61
91.61
91.61
92.69
92.69
92.69
92.69
92.69
92.69
92.69
92.69
92.69
92.10
92.10
92.10
92.10
92.10
92.10
92.10
92.10
91.47
91.47
91.47
91.47
91.47
91.47
91.47
91.47
91.47
91.47
92.28
92.28
92.28
92.28
92.28
92.28
92.28
