94.26
94.26
94.26
94.26
94.26
94.26
94.26
94.26
96.41
96.41
96.41
96.41
96.41
96.41
96.41
96.41
96.41
96.41
96.41
97.47
97.47
97.47
97.47
97.47
97.47
97.47
97.47
97.47
97.47
97.47
97.18
97.18
97.18
97.18
97.18
97.18
97.18
97.18
97.18
97.64
97.64
97.64
97.64
97.64
97.64
98.48
98.48
98.48
98.48
98.48
98.48
98.48
98.48
98.48
98.15
98.15
98.15
98.15
98.15
98.15
98.15
98.15
97.62
97.62
97.62
97.62
97.62
97.77
97.77
97.77
97.77
97.77
97.77
97.77
97.77
97.77
96.59
96.59
96.59
96.59
96.59
96.59
96.59
96.59
96.59
96.59
96.59
97.52
97.52
97.52
97.52
97.52
97.52
97.52
97.52
97.52
97.52
97.52
97.20
97.20
97.20
97.20
97.20
97.20
97.20
97.85
97.85
97.85
97.85
97.85
97.85
97.85
97.85
98.35
98.35
98.35
98.35
98.35
98.35
98.35
98.35
98.34
98.34
98.34
98.34
98.34
98.34
98.34
98.34
97.73
97.73
97.73
97.73
97.73
97.73
97.73
97.73
96.72
96.72
96.72
96.72
96.72
96.72
96.72
96.72
96.72
96.72
96.72
94.66
94.66
94.66
94.66
94.66
94.66
94.45
94.45
94.45
94.45
94.45
94.45
94.45
94.45
90.43
90.43
90.43
90.43
90.43
90.43
90.43
90.43
90.43
90.43
90.43
91.58
91.58
91.58
91.58
