95.08
95.08
95.08
95.08
95.08
95.08
95.08
95.08
94.48
94.48
94.48
94.48
94.48
94.48
93.07
93.07
93.07
93.07
93.07
93.10
93.10
93.10
93.10
93.10
94.21
94.21
94.21
94.21
94.21
94.21
94.21
94.21
94.21
92.75
92.75
92.75
92.75
92.75
92.75
92.75
92.75
91.91
91.91
91.91
91.91
91.91
91.91
91.91
91.91
91.91
91.91
91.91
91.32
91.32
91.32
91.32
91.32
91.32
91.32
91.32
91.32
91.32
91.33
91.33
91.33
91.33
91.33
91.33
91.33
91.05
91.05
91.05
91.05
91.05
91.05
91.05
91.05
90.92
90.92
90.92
90.92
90.92
90.92
90.92
88.70
88.70
88.70
88.70
88.70
88.70
88.70
88.70
89.13
89.13
89.13
89.13
89.13
89.13
89.13
89.13
89.26
89.26
89.26
89.26
90.07
90.07
90.07
90.07
90.07
90.07
90.07
90.07
90.07
89.08
89.08
89.08
89.08
89.08
89.08
89.08
89.08
89.08
89.80
89.80
89.80
89.80
89.80
89.80
89.80
89.80
92.39
92.39
92.39
92.39
92.39
92.39
92.39
90.61
90.61
90.61
90.61
90.61
90.61
90.61
90.61
92.91
92.91
92.91
92.91
92.91
92.91
92.91
92.91
92.46
92.46
92.46
92.46
92.46
92.46
92.46
92.46
92.46
92.47
92.47
92.47
92.47
92.47
92.47
92.47
92.29
92.29
92.29
92.29
92.29
92.29
92.29
92.29
92.27
92.27
92.27
92.27
92.27
92.27
92.27
92.27
92.27
90.89
90.89
90.89
90.89
90.89
90.89
90.89
90.89
92.99
92.99
92.99
92.99
92.99
92.99
92.99
92.99
91.94
91.94
91.94
91.94
91.94
91.94
91.94
91.94
91.94
91.94
91.94
91.04
91.04
91.04
91.04
91.04
91.04
91.04
91.04
91.04
91.32
91.32
91.32
91.32
91.32
93.18
93.18
93.18
93.18
93.18
93.18
93.18
93.18
91.45
91.45
91.45
91.45
91.45
91.45
91.45
91.45
92.64
92.64
92.64
92.64
92.64
92.64
92.64
92.64
91.09
91.09
91.09
91.09
93.45
93.45
93.45
93.45
93.45
93.45
93.45
93.45
92.75
92.75
92.75
92.75
