98.76
98.76
98.76
98.76
98.76
98.76
98.76
98.76
97.71
97.71
97.71
97.71
97.71
97.34
97.34
97.34
97.34
97.34
95.83
95.83
95.83
95.83
95.83
95.83
95.83
95.83
95.10
95.10
95.10
95.10
95.10
95.10
95.10
95.48
95.48
95.48
95.48
95.48
95.48
95.48
95.48
95.14
95.14
95.14
95.14
95.14
95.14
95.14
95.14
96.58
96.58
96.58
96.58
96.58
96.58
96.58
96.58
96.58
97.66
97.66
97.66
97.66
97.66
97.66
97.66
98.28
98.28
98.28
98.28
98.28
98.28
98.28
98.28
98.28
98.28
98.28
98.42
98.42
98.42
98.42
98.42
98.42
98.42
98.42
98.37
98.37
98.37
98.37
98.37
98.37
98.37
98.37
98.37
98.46
98.46
98.46
98.46
98.46
98.46
98.46
98.62
98.62
98.62
98.62
98.62
98.62
98.62
98.65
98.65
98.65
98.65
98.65
98.65
98.65
98.65
98.65
98.56
98.56
98.56
98.56
98.56
98.56
98.56
98.56
98.56
97.79
97.79
97.79
97.79
97.79
98.69
98.69
98.69
98.69
98.69
98.69
98.69
98.69
98.69
98.69
98.69
98.74
98.74
98.74
98.74
98.74
98.74
98.74
98.74
98.44
98.44
98.44
98.44
98.44
98.44
98.44
98.44
98.44
98.44
98.44
98.46
98.46
98.46
98.46
98.46
98.46
98.79
98.79
98.79
98.79
98.79
98.79
98.79
98.79
98.79
98.79
98.79
98.66
98.66
98.66
98.66
98.66
98.66
98.65
98.65
98.65
98.65
98.65
98.65
98.65
