56.23
56.23
56.23
56.23
56.23
56.23
56.23
56.23
82.91
82.91
82.91
82.91
82.91
82.91
82.91
82.91
92.16
92.16
92.16
92.16
92.16
92.16
92.16
92.16
92.16
96.27
96.27
96.27
96.27
96.27
96.27
96.27
96.27
96.27
97.83
97.83
97.83
97.83
97.83
97.83
97.83
98.42
98.42
98.42
98.42
98.42
98.42
98.42
98.42
98.29
98.29
98.29
98.29
98.29
98.29
98.29
98.29
98.29
98.29
98.29
98.29
98.72
98.72
98.72
98.72
98.72
98.72
98.72
98.72
98.72
98.72
98.72
98.37
98.37
98.37
98.37
98.37
98.37
98.37
98.37
96.66
96.66
96.66
96.66
96.66
96.66
96.02
96.02
96.02
96.02
96.02
96.02
96.02
96.53
96.53
96.53
96.53
98.25
98.25
98.25
98.25
98.25
98.25
98.25
98.25
97.99
97.99
97.99
97.99
97.99
97.99
98.39
98.39
98.39
98.39
98.39
98.39
98.57
98.57
98.57
98.57
98.57
98.57
98.57
98.57
98.57
98.57
98.57
98.55
98.55
98.55
98.55
98.55
98.55
98.73
98.73
98.73
98.73
98.73
98.73
98.73
98.73
98.73
98.83
98.83
98.83
98.83
98.83
98.83
98.83
98.83
98.83
98.83
98.83
98.83
98.83
98.73
98.73
98.73
98.73
98.73
98.73
98.73
98.73
98.73
98.66
98.66
98.66
98.66
98.77
98.77
98.77
98.77
98.77
98.77
98.77
98.77
98.77
98.77
98.77
98.77
98.77
98.77
98.51
98.51
98.51
98.51
97.63
97.63
97.63
97.63
97.63
97.63
97.63
97.63
97.63
97.99
97.99
97.99
97.99
97.99
97.99
97.99
97.99
97.99
98.01
98.01
98.01
98.01
98.01
98.01
98.01
98.01
96.78
96.78
96.78
96.78
96.78
96.78
96.78
96.78
87.91
87.91
87.91
87.91
89.42
89.42
89.42
89.42
89.42
89.42
89.42
89.42
89.42
92.94
92.94
92.94
92.94
97.39
97.39
97.39
97.39
97.39
97.39
97.39
97.39
97.39
97.39
97.39
97.39
97.39
97.39
97.47
97.47
97.47
97.47
97.47
97.47
97.47
97.47
98.07
98.07
98.07
98.07
98.07
98.07
98.07
98.09
98.09
98.09
98.09
98.09
98.09
98.09
98.09
98.09
98.09
98.09
98.09
98.41
98.41
98.41
98.41
98.41
98.41
98.37
98.37
98.37
98.37
98.37
97.39
97.39
97.39
97.39
96.08
96.08
96.08
96.08
96.08
96.08
96.08
96.08
95.28
95.28
95.28
95.28
95.28
95.28
95.28
95.28
95.28
95.08
95.08
95.08
95.08
95.08
95.08
95.08
95.68
95.68
95.68
95.68
95.68
95.68
95.68
95.68
95.68
95.68
96.78
96.78
96.78
96.78
