98.41
98.41
98.41
98.41
98.41
98.41
98.41
98.41
98.74
98.74
98.74
98.74
98.74
98.74
98.74
98.74
98.74
98.74
98.74
98.74
98.74
98.74
98.65
98.65
98.65
98.65
98.65
98.65
98.65
98.65
98.85
98.85
98.85
98.85
98.85
98.85
98.85
98.74
98.74
98.74
98.74
98.74
98.74
98.74
98.78
98.78
98.78
98.78
98.78
98.78
98.78
98.78
98.78
98.78
98.66
98.66
98.66
98.66
98.66
98.66
98.66
98.66
98.66
97.63
97.63
97.63
97.63
97.63
97.50
97.50
97.50
97.50
97.50
97.50
97.50
97.50
98.10
98.10
98.10
98.10
98.10
98.10
98.10
98.10
97.08
97.08
97.08
97.08
97.08
97.08
97.08
97.08
97.08
97.08
97.08
96.93
96.93
96.93
96.93
96.93
96.93
96.93
96.93
98.09
98.09
98.09
98.09
98.09
98.09
98.09
98.09
97.13
97.13
97.13
97.13
97.13
97.13
95.52
95.52
95.52
95.52
95.52
93.77
93.77
93.77
93.77
93.77
93.77
93.77
95.82
95.82
95.82
95.82
95.82
94.99
94.99
94.99
94.99
94.99
94.99
94.99
94.99
94.99
87.51
87.51
87.51
87.51
87.51
87.51
87.51
87.51
87.51
91.53
91.53
91.53
91.53
91.53
91.53
91.53
91.53
94.16
94.16
94.16
94.16
96.15
96.15
96.15
96.15
96.15
96.15
96.15
96.15
97.15
97.15
97.15
97.15
97.15
97.15
97.89
97.89
97.89
97.89
97.89
97.89
97.89
97.89
97.90
97.90
97.90
97.90
97.90
97.90
97.90
97.90
98.27
98.27
98.27
98.27
98.27
98.27
98.27
98.27
98.71
98.71
98.71
98.71
98.71
98.71
98.71
98.83
98.83
98.83
98.83
98.83
98.83
98.83
98.72
98.72
98.72
98.72
98.72
98.72
98.72
98.83
98.83
98.83
98.83
98.83
98.83
98.83
98.49
98.49
98.49
98.49
98.49
98.49
98.49
98.49
98.57
98.57
98.57
98.57
98.57
98.57
98.57
98.57
98.67
98.67
98.67
98.67
98.67
98.67
98.67
98.67
98.67
98.67
98.67
98.76
98.76
98.76
98.76
98.76
98.76
98.76
98.76
98.76
98.76
98.53
98.53
98.53
98.53
98.79
98.79
98.79
98.79
98.79
98.79
98.79
98.79
98.84
98.84
98.84
98.84
98.84
98.84
98.84
98.77
98.77
98.77
98.77
98.77
98.77
98.87
98.87
98.87
98.87
98.87
98.94
98.94
98.94
98.94
98.94
98.92
98.92
98.92
98.92
98.92
98.92
98.92
98.92
98.92
98.92
98.92
98.92
98.92
98.93
98.93
98.93
98.93
98.93
98.93
98.93
98.93
98.93
98.93
98.93
98.93
98.93
98.92
98.92
98.92
98.92
98.92
98.92
98.92
98.92
98.92
98.92
98.92
98.92
98.92
98.93
98.93
98.93
98.93
98.93
98.93
98.93
98.93
98.87
98.87
98.87
98.87
98.87
98.87
98.87
98.87
98.87
98.84
98.84
98.84
98.84
98.84
98.80
98.80
98.80
98.80
98.80
98.80
98.80
98.59
98.59
98.59
98.59
98.59
98.59
98.59
98.59
98.59
98.59
98.59
98.36
98.36
98.36
98.36
98.36
98.36
98.36
98.36
98.42
98.42
98.42
98.42
98.66
98.66
98.66
98.66
98.66
98.66
98.66
98.66
98.66
98.66
98.66
98.73
98.73
98.73
98.73
98.73
98.73
98.73
98.73
