96.63
96.63
96.63
96.63
96.63
96.63
96.63
96.63
96.63
97.84
97.84
97.84
97.84
97.84
97.88
97.88
97.88
97.88
97.88
98.33
98.33
98.33
98.33
98.33
98.33
98.33
98.33
98.33
98.45
98.45
98.45
98.45
98.45
98.45
98.45
98.54
98.54
98.54
98.54
98.54
98.48
98.48
98.48
98.48
98.48
98.48
98.48
98.48
98.54
98.54
98.54
98.54
98.54
98.54
98.54
98.54
98.54
98.54
98.54
98.36
98.36
98.36
98.36
98.36
98.36
98.36
98.05
98.05
98.05
98.05
98.05
98.05
98.05
98.05
98.05
98.05
98.05
98.05
96.67
96.67
96.67
96.67
96.67
96.67
96.67
96.67
95.18
95.18
95.18
95.18
95.18
95.18
96.25
96.25
96.25
96.25
96.25
96.25
96.25
96.25
96.25
96.25
96.25
97.69
97.69
97.69
97.69
97.69
97.66
97.66
97.66
97.66
97.66
96.58
96.58
96.58
96.58
96.58
96.58
96.58
96.58
96.58
