95.58
95.58
95.58
95.58
95.58
95.58
95.58
95.58
94.48
94.48
94.48
94.48
94.48
95.68
95.68
95.68
95.68
95.68
95.68
95.68
97.39
97.39
97.39
97.39
97.39
97.39
97.39
98.31
98.31
98.31
98.31
98.31
98.31
98.68
98.68
98.68
98.68
98.68
98.68
98.68
98.68
98.76
98.76
98.76
98.76
98.76
98.76
98.76
98.76
98.38
98.38
98.38
98.38
98.38
98.38
98.38
98.38
98.53
98.53
98.53
98.53
98.53
98.78
98.78
98.78
98.78
98.78
98.78
98.78
98.78
98.63
98.63
98.63
98.63
98.60
98.60
98.60
98.60
98.60
98.60
98.60
98.60
98.60
98.60
98.60
98.60
98.75
98.75
98.75
98.75
98.75
98.75
98.75
98.75
98.67
98.67
98.67
98.67
98.67
98.67
98.67
98.67
98.67
98.57
98.57
98.57
98.57
98.57
98.57
98.57
98.57
98.43
98.43
98.43
98.43
98.43
98.43
98.43
98.43
98.15
98.15
98.15
98.15
98.15
98.15
98.15
98.15
98.25
98.25
98.25
98.25
98.25
98.07
98.07
98.07
98.07
98.07
98.07
98.07
98.17
98.17
98.17
98.17
98.17
98.17
98.17
98.17
98.68
98.68
98.68
98.68
98.68
98.68
98.68
98.68
98.64
98.64
98.64
98.64
98.64
98.64
98.74
98.74
98.74
98.74
98.74
98.74
98.74
98.74
98.74
98.74
98.74
98.74
