98.46
98.46
98.46
98.46
98.46
98.46
98.46
97.59
97.59
97.59
97.59
97.59
97.59
97.59
97.59
97.98
97.98
97.98
97.98
97.98
97.98
97.98
97.98
97.19
97.19
97.19
97.19
97.19
97.19
97.19
97.19
97.19
97.23
97.23
97.23
97.23
97.23
97.23
97.23
97.48
97.48
97.48
97.48
97.48
97.48
97.48
97.48
96.45
96.45
96.45
96.45
96.45
92.52
92.52
92.52
92.52
92.52
92.52
92.52
92.52
96.69
96.69
96.69
96.69
96.69
96.69
96.69
96.69
96.06
96.06
96.06
96.06
96.06
96.06
96.06
96.06
96.06
97.78
97.78
97.78
97.78
97.78
97.78
97.78
97.78
98.51
98.51
98.51
98.51
98.51
98.51
98.51
98.51
98.63
98.63
98.63
98.63
98.87
98.87
98.87
98.87
98.87
98.87
98.87
98.87
98.87
98.87
98.87
98.87
98.87
98.87
98.86
98.86
98.86
98.86
98.86
98.86
98.86
98.86
98.89
98.89
98.89
98.89
98.89
98.89
98.89
98.89
98.89
98.89
98.89
98.87
98.87
98.87
98.87
98.87
98.87
98.87
98.87
98.83
98.83
98.83
98.83
98.83
98.83
98.83
98.83
98.70
98.70
98.70
98.70
98.70
98.70
98.70
98.70
98.70
98.78
98.78
98.78
98.78
98.78
98.78
98.78
98.78
98.39
98.39
98.39
98.39
98.39
98.39
98.39
98.39
98.39
98.50
98.50
98.50
98.50
98.50
98.50
98.50
97.54
97.54
97.54
97.54
97.54
97.54
97.54
97.54
97.54
97.48
97.48
97.48
97.48
97.48
97.48
97.48
97.48
97.86
97.86
97.86
97.86
97.86
97.86
97.86
97.86
96.42
96.42
96.42
96.42
96.42
96.42
96.34
96.34
96.34
96.34
96.34
96.34
98.20
98.20
98.20
98.20
98.20
98.20
98.20
98.20
97.84
97.84
97.84
97.84
97.84
97.84
97.84
97.84
97.84
97.03
97.03
97.03
97.03
97.03
97.03
97.03
97.03
98.02
98.02
98.02
98.02
98.02
98.02
98.02
98.02
97.96
97.96
97.96
97.96
97.96
97.96
97.96
97.96
97.96
98.46
98.46
98.46
98.46
98.46
98.46
98.46
98.46
98.46
98.76
98.76
98.76
98.76
98.76
98.76
98.76
98.76
98.85
98.85
98.85
98.85
98.85
98.85
98.85
98.85
98.85
98.91
98.91
98.91
98.91
98.91
98.91
98.89
98.89
98.89
98.89
98.89
98.89
98.89
98.89
98.92
98.92
98.92
98.92
98.92
98.92
98.85
98.85
98.85
98.85
98.85
98.85
98.85
98.85
98.86
98.86
98.86
98.86
98.86
98.86
98.86
98.86
98.86
98.71
98.71
98.71
98.71
98.71
98.71
98.71
98.71
98.71
98.71
98.78
98.78
98.78
98.78
98.78
98.78
98.78
98.78
