68.57
68.57
68.57
68.57
68.57
68.57
68.57
68.57
68.29
68.29
68.29
68.29
68.29
68.29
68.29
68.29
66.47
66.47
66.47
66.47
75.15
75.15
75.15
75.15
75.15
75.15
75.15
75.15
80.79
80.79
80.79
80.79
80.79
80.79
80.79
80.79
87.78
87.78
87.78
87.78
87.78
87.78
87.78
87.78
87.78
87.78
87.78
89.96
89.96
89.96
89.96
89.96
89.96
89.96
91.23
91.23
91.23
91.23
91.23
91.23
91.23
92.61
92.61
92.61
92.61
92.61
92.61
93.96
93.96
93.96
93.96
95.76
95.76
95.76
95.76
95.76
95.76
95.76
95.76
95.76
95.97
95.97
95.97
95.97
95.97
95.97
95.97
95.97
95.97
95.97
95.97
95.95
95.95
95.95
95.95
95.95
95.95
95.95
95.95
95.95
94.02
94.02
94.02
94.02
94.02
94.02
94.02
94.02
92.61
92.61
92.61
92.61
93.58
93.58
93.58
93.58
93.58
93.58
93.30
93.30
93.30
93.30
93.30
93.30
93.30
93.55
93.55
93.55
93.55
93.55
93.55
93.55
93.55
93.55
93.55
93.55
92.82
92.82
92.82
92.82
92.82
92.82
92.82
93.92
93.92
93.92
93.92
93.92
93.92
93.92
93.92
93.46
93.46
93.46
93.46
93.46
93.46
93.46
93.46
93.46
93.75
93.75
93.75
93.75
93.75
93.75
93.75
93.75
91.89
91.89
91.89
91.89
91.89
