74.68
74.68
74.68
74.68
74.68
74.68
74.68
74.68
86.77
86.77
86.77
86.77
86.77
86.77
89.98
89.98
89.98
89.98
89.98
91.84
91.84
91.84
91.84
91.84
91.84
91.84
91.84
92.37
92.37
92.37
92.37
92.37
92.37
92.33
92.33
92.33
92.33
92.33
92.33
92.33
92.33
92.11
92.11
92.11
92.11
92.11
92.11
92.11
92.11
92.52
92.52
92.52
92.52
94.20
94.20
94.20
94.20
94.20
94.20
93.63
93.63
93.63
93.63
93.63
93.63
93.63
93.63
93.22
93.22
93.22
93.22
93.22
93.22
93.22
93.22
93.22
93.22
93.22
94.51
94.51
94.51
94.51
94.51
94.51
94.51
94.51
94.51
96.14
96.14
96.14
96.14
96.14
96.14
96.14
96.14
97.10
97.10
97.10
97.10
97.10
97.10
97.10
97.10
97.10
98.03
98.03
98.03
98.03
98.03
98.03
98.03
97.98
97.98
97.98
97.98
97.98
97.98
97.98
97.98
98.12
98.12
98.12
98.12
98.12
98.12
98.12
97.91
97.91
97.91
97.91
97.91
97.91
97.91
97.91
97.35
97.35
97.35
97.35
97.35
97.35
97.35
97.35
96.94
96.94
96.94
96.94
96.94
96.94
96.94
96.64
96.64
96.64
96.64
96.64
96.64
96.64
95.41
95.41
95.41
95.41
94.25
94.25
94.25
94.25
94.25
94.25
94.25
94.25
94.25
94.71
94.71
94.71
94.71
94.71
94.71
94.71
96.52
96.52
96.52
96.52
96.52
96.52
96.12
96.12
96.12
96.12
96.12
96.12
96.12
96.12
95.93
95.93
95.93
95.93
95.93
97.41
97.41
97.41
97.41
97.41
97.41
97.41
97.41
97.63
97.63
97.63
97.63
97.63
97.63
97.63
96.66
96.66
96.66
96.66
96.66
96.66
96.66
96.66
97.09
97.09
97.09
97.09
97.09
97.09
97.09
97.09
97.09
97.60
97.60
97.60
97.60
97.60
97.60
97.60
97.60
96.80
96.80
96.80
96.80
96.80
96.80
96.80
96.80
96.27
96.27
96.27
96.27
96.27
96.27
96.27
96.27
96.27
96.27
96.27
95.88
95.88
95.88
95.88
95.88
95.88
95.88
95.88
95.85
95.85
95.85
95.85
96.40
96.40
96.40
96.40
96.40
96.40
96.56
96.56
96.56
96.56
96.56
96.56
97.68
97.68
97.68
97.68
97.68
97.68
97.68
96.67
96.67
96.67
96.67
96.67
96.67
96.67
96.67
96.67
96.67
96.67
96.93
96.93
96.93
96.93
96.93
96.93
96.93
96.93
96.93
96.44
96.44
96.44
96.44
96.44
96.44
97.03
97.03
97.03
97.03
97.03
97.03
97.03
97.03
97.03
97.03
97.03
97.03
97.03
97.03
