55.95
55.95
55.95
55.95
55.95
55.95
55.95
55.95
55.40
55.40
55.40
55.40
55.40
55.40
68.20
68.20
68.20
68.20
68.20
68.20
68.20
68.20
64.79
64.79
64.79
64.79
64.79
64.79
64.79
64.79
66.11
66.11
66.11
66.11
66.11
66.11
66.11
66.11
66.11
63.53
63.53
63.53
63.53
63.53
63.53
63.53
63.53
63.53
52.80
52.80
52.80
52.80
57.03
57.03
57.03
57.03
57.03
57.03
57.03
53.61
53.61
53.61
53.61
53.61
53.61
53.61
49.48
49.48
49.48
49.48
49.48
49.48
49.48
54.65
54.65
54.65
54.65
54.65
54.65
54.65
54.65
51.50
51.50
51.50
51.50
51.50
51.50
51.50
51.50
54.26
54.26
54.26
54.26
64.14
64.14
64.14
64.14
64.14
64.14
64.14
64.14
64.14
69.80
69.80
69.80
69.80
69.80
69.80
69.80
69.80
69.80
75.22
75.22
75.22
75.22
75.22
75.22
75.22
75.22
75.22
84.52
84.52
84.52
84.52
84.52
84.52
84.52
84.52
84.52
87.57
87.57
87.57
87.57
87.57
87.57
87.57
87.57
87.57
87.57
87.57
90.92
90.92
90.92
90.92
90.92
90.92
90.92
90.92
90.92
90.92
90.92
92.51
92.51
92.51
92.51
92.51
92.51
92.51
92.51
92.51
93.63
93.63
93.63
93.63
93.63
93.63
93.63
93.63
95.99
95.99
95.99
95.99
95.99
95.99
95.99
95.99
95.99
96.16
96.16
96.16
96.16
96.16
96.16
96.16
96.16
95.83
95.83
95.83
95.83
95.83
95.83
95.83
95.83
95.83
95.55
95.55
95.55
95.55
95.55
95.55
95.55
95.55
95.55
95.55
95.55
95.92
95.92
95.92
95.92
95.92
95.92
95.92
95.92
97.30
97.30
97.30
97.30
97.30
97.30
97.30
97.30
97.30
95.80
95.80
95.80
95.80
95.80
95.80
95.80
95.80
