96.87
96.87
96.87
96.87
96.87
96.87
96.87
96.87
92.79
92.79
92.79
92.79
92.79
92.79
92.79
92.79
92.79
91.58
91.58
91.58
91.58
91.58
91.58
91.58
91.58
94.10
94.10
94.10
94.10
94.10
94.10
94.10
94.10
94.47
94.47
94.47
94.47
94.47
94.47
94.47
94.47
92.32
92.32
92.32
92.32
92.32
92.32
92.32
92.32
94.18
94.18
94.18
94.18
94.18
94.18
94.18
94.18
94.18
95.17
95.17
95.17
95.17
95.17
95.59
95.59
95.59
95.59
95.59
95.59
95.76
95.76
95.76
95.76
95.76
95.76
95.76
95.76
95.76
95.76
95.76
95.76
95.76
95.76
95.20
95.20
95.20
95.20
95.20
95.20
95.20
95.20
96.35
96.35
96.35
96.35
96.35
96.35
96.35
96.35
96.34
96.34
96.34
96.34
96.34
96.34
96.36
96.36
96.36
96.36
96.36
96.36
96.61
96.61
96.61
96.61
96.61
96.61
97.50
97.50
97.50
97.50
97.57
97.57
97.57
97.57
97.57
97.57
97.57
96.91
96.91
96.91
96.91
96.91
96.91
96.91
96.91
96.40
96.40
96.40
96.40
96.40
96.40
96.40
96.40
95.97
95.97
95.97
95.97
95.97
95.97
95.97
95.97
95.97
95.13
95.13
95.13
95.13
95.13
95.13
94.40
94.40
94.40
94.40
94.40
94.40
94.40
94.40
94.12
94.12
94.12
94.12
94.12
94.12
94.12
94.12
91.48
91.48
91.48
91.48
91.48
91.48
93.35
93.35
93.35
93.35
93.35
93.35
91.53
91.53
91.53
91.53
91.53
91.53
91.53
91.53
91.53
91.53
93.81
93.81
93.81
93.81
93.81
93.81
93.81
95.85
95.85
95.85
95.85
95.85
95.85
96.11
96.11
96.11
96.11
96.11
96.11
96.11
96.11
96.88
96.88
96.88
96.88
96.88
96.88
96.88
96.98
96.98
96.98
96.98
96.98
96.98
96.98
96.98
96.98
98.06
98.06
98.06
98.06
98.06
98.06
98.06
98.06
97.93
97.93
97.93
97.93
97.93
97.93
97.93
98.12
98.12
98.12
98.12
98.12
98.12
98.12
98.12
97.94
97.94
97.94
97.94
97.94
97.94
97.94
97.94
97.94
97.94
97.94
97.54
97.54
97.54
97.54
97.54
97.54
96.12
96.12
96.12
96.12
96.12
96.12
96.12
96.12
96.12
95.18
95.18
95.18
95.18
96.78
96.78
96.78
96.78
96.78
96.78
96.78
96.78
96.78
96.78
96.78
96.07
96.07
96.07
96.07
96.07
96.07
96.07
96.07
96.36
96.36
96.36
96.36
96.36
96.36
96.36
97.83
97.83
97.83
97.83
97.83
97.83
97.83
97.83
97.83
97.83
97.83
97.83
97.52
97.52
97.52
97.52
97.52
97.52
97.52
97.52
97.52
97.52
97.52
96.70
96.70
96.70
96.70
96.70
96.70
94.49
94.49
94.49
94.49
94.49
94.49
94.49
94.49
93.71
93.71
93.71
93.71
93.71
93.71
93.71
93.71
93.71
93.71
93.71
94.36
94.36
94.36
94.36
94.36
94.36
94.36
94.36
93.59
93.59
93.59
93.59
93.59
93.59
93.59
93.59
93.42
93.42
93.42
93.42
93.42
95.03
95.03
95.03
95.03
95.03
95.03
95.03
95.03
96.46
96.46
96.46
96.46
96.34
96.34
96.34
96.34
96.34
96.34
96.34
95.58
95.58
95.58
95.58
95.58
95.58
95.58
95.58
96.04
96.04
96.04
96.04
96.04
96.04
96.04
96.04
94.09
94.09
94.09
94.09
94.09
94.09
94.09
