91.26
91.26
91.26
91.26
91.26
91.26
91.26
91.26
91.26
91.24
91.24
91.24
91.24
91.24
91.24
91.24
91.24
91.24
92.47
92.47
92.47
92.47
92.47
92.47
92.47
92.38
92.38
92.38
92.38
92.38
92.38
92.38
92.38
92.16
92.16
92.16
92.16
92.16
92.16
92.16
92.16
92.16
93.51
93.51
93.51
93.51
93.51
93.51
93.51
93.51
93.51
93.51
93.51
93.87
93.87
93.87
93.87
93.87
93.87
93.87
93.87
93.87
95.71
95.71
95.71
95.71
95.71
95.71
96.51
96.51
96.51
96.51
96.51
96.51
96.51
96.51
97.17
97.17
97.17
97.17
97.17
97.17
97.29
97.29
97.29
97.29
97.29
97.29
97.29
97.29
97.25
97.25
97.25
97.25
97.25
97.25
97.25
97.25
96.99
96.99
96.99
96.99
96.99
96.99
96.99
96.99
96.15
96.15
96.15
96.15
96.15
96.15
96.15
96.15
95.71
95.71
95.71
95.71
95.71
95.71
95.71
95.71
95.71
95.71
95.71
95.71
95.71
95.71
93.98
93.98
93.98
93.98
96.17
96.17
96.17
96.17
96.17
96.17
96.17
96.17
95.46
95.46
95.46
95.46
95.46
95.46
95.46
95.46
95.46
95.46
95.46
96.18
96.18
96.18
96.18
96.18
96.18
96.18
96.18
96.18
96.18
96.18
94.36
94.36
94.36
94.36
94.36
94.36
94.36
94.36
94.36
95.73
95.73
95.73
95.73
95.73
95.73
95.73
95.73
95.80
95.80
95.80
95.80
95.80
95.80
95.80
95.80
96.49
96.49
96.49
96.49
96.49
96.49
96.49
95.40
95.40
95.40
95.40
95.40
95.40
95.40
95.40
95.40
96.98
96.98
96.98
96.98
96.98
96.98
96.98
97.27
97.27
97.27
97.27
97.27
97.27
97.27
97.27
96.70
96.70
96.70
96.70
96.70
96.70
96.70
96.70
97.20
97.20
97.20
97.20
97.20
97.20
97.20
97.20
97.20
97.20
97.20
97.41
97.41
97.41
97.41
97.41
97.41
97.41
97.41
97.35
97.35
97.35
97.35
97.35
97.35
97.35
97.35
97.35
96.29
96.29
96.29
96.29
96.29
96.29
96.29
96.29
96.29
96.29
96.29
96.18
96.18
96.18
96.18
97.08
97.08
97.08
97.08
97.08
97.08
96.92
96.92
96.92
96.92
96.92
96.92
96.92
96.92
96.92
96.89
96.89
96.89
96.89
96.89
96.89
96.89
96.89
96.89
96.89
96.89
96.89
96.81
96.81
96.81
96.81
96.81
96.81
96.81
96.81
96.68
96.68
96.68
96.68
96.68
96.68
96.68
96.68
96.25
96.25
96.25
96.25
96.25
96.25
96.25
96.25
96.25
95.16
95.16
95.16
95.16
95.16
95.16
95.16
95.16
95.16
94.84
94.84
94.84
94.84
94.84
94.84
94.84
94.84
94.26
94.26
94.26
94.26
94.26
94.26
94.26
94.26
93.42
93.42
93.42
93.42
93.42
93.42
93.42
93.42
93.42
91.56
91.56
91.56
91.56
91.56
91.56
91.56
91.56
92.24
92.24
92.24
92.24
92.24
92.24
92.24
92.24
93.89
93.89
93.89
93.89
93.89
93.89
93.89
93.89
93.89
95.16
95.16
95.16
95.16
95.16
95.16
95.16
96.88
96.88
96.88
96.88
96.88
96.88
96.88
95.60
95.60
95.60
95.60
95.60
95.60
97.16
97.16
97.16
97.16
97.16
97.16
97.16
97.16
97.16
97.98
97.98
97.98
97.98
97.98
97.98
97.98
97.98
