98.82
98.82
98.82
98.82
98.82
98.82
98.82
98.82
98.90
98.90
98.90
98.90
98.90
98.90
98.90
98.90
98.90
98.90
98.90
98.90
98.90
98.90
98.90
98.90
98.87
98.87
98.87
98.87
98.87
98.87
98.87
98.87
98.87
98.87
98.87
98.87
98.85
98.85
98.85
98.85
98.85
98.85
98.85
98.65
98.65
98.65
98.65
98.65
98.65
98.65
98.65
98.75
98.75
98.75
98.75
98.75
98.75
98.75
98.75
98.75
98.81
98.81
98.81
98.81
98.81
98.81
98.81
98.81
98.75
98.75
98.75
98.75
98.75
98.71
98.71
98.71
98.71
98.71
98.71
98.77
98.77
98.77
98.77
98.77
98.77
98.77
98.72
98.72
98.72
98.72
98.72
98.72
98.72
98.72
98.68
98.68
98.68
98.68
98.68
98.68
98.68
98.46
98.46
98.46
98.46
98.46
98.46
98.38
98.38
98.38
98.38
98.38
98.38
98.38
98.38
98.38
98.27
98.27
98.27
98.27
98.27
98.27
98.27
98.27
98.27
