86.57
86.57
86.57
86.57
86.57
86.57
86.57
86.57
86.57
91.24
91.24
91.24
91.24
91.24
91.24
91.24
91.24
96.08
96.08
96.08
96.08
96.08
96.08
98.26
98.26
98.26
98.26
98.26
98.26
98.26
98.26
98.35
98.35
98.35
98.35
98.35
98.35
98.35
97.97
97.97
97.97
97.97
97.97
97.97
97.97
97.97
97.97
98.47
98.47
98.47
98.47
98.47
98.47
98.47
98.47
98.72
98.72
98.72
98.72
98.72
98.72
98.72
98.72
98.72
98.72
98.72
98.72
98.49
98.49
98.49
98.49
98.49
98.49
98.49
98.32
98.32
98.32
98.32
98.32
98.32
98.32
98.66
98.66
98.66
98.66
98.66
98.66
98.66
98.66
98.66
98.66
98.66
98.66
98.66
98.66
98.60
98.60
98.60
98.60
98.60
98.60
98.60
98.60
98.60
98.66
98.66
98.66
98.66
98.66
98.66
98.66
98.66
98.15
98.15
98.15
98.15
98.15
98.15
97.62
97.62
97.62
97.62
97.62
97.62
97.62
97.62
97.96
97.96
97.96
97.96
97.96
97.96
97.96
97.96
97.96
97.96
98.57
98.57
98.57
98.57
98.57
98.57
98.57
98.57
98.57
98.59
98.59
98.59
98.59
98.59
98.53
98.53
98.53
98.53
98.53
98.53
98.53
98.53
98.68
98.68
98.68
98.68
98.68
98.68
98.68
98.68
98.68
98.76
98.76
98.76
98.76
98.76
98.76
98.76
98.76
98.76
98.78
98.78
98.78
98.78
98.78
98.78
98.78
98.78
98.71
98.71
98.71
98.71
98.71
98.71
98.71
98.78
98.78
98.78
98.78
98.78
98.78
98.78
98.78
98.78
98.74
98.74
98.74
98.74
98.74
98.74
98.74
98.74
98.85
98.85
98.85
98.85
98.85
98.85
98.85
98.81
98.81
98.81
98.81
98.81
98.81
98.81
98.81
98.83
98.83
98.83
98.83
98.83
98.83
98.83
98.83
98.83
98.83
98.75
98.75
98.75
98.75
98.75
98.75
