98.18
98.18
98.18
98.18
98.18
98.18
98.18
98.18
98.18
98.63
98.63
98.63
98.63
98.63
98.63
98.63
98.61
98.61
98.61
98.61
98.61
98.61
98.61
98.61
98.61
98.84
98.84
98.84
98.84
98.84
98.84
98.84
98.84
98.84
98.84
98.93
98.93
98.93
98.93
98.93
98.93
98.93
98.93
98.92
98.92
98.92
98.92
98.92
98.92
98.92
98.92
98.92
98.94
98.94
98.94
98.94
98.94
98.94
98.94
98.94
98.87
98.87
98.87
98.87
98.87
98.87
98.87
98.87
98.70
98.70
98.70
98.70
98.70
98.21
98.21
98.21
98.21
98.21
98.21
97.36
97.36
97.36
97.36
98.67
98.67
98.67
98.67
98.67
98.67
98.67
98.77
98.77
98.77
98.77
98.77
98.77
98.87
98.87
98.87
98.87
98.87
98.87
98.87
98.87
98.87
98.87
98.87
98.87
98.90
98.90
98.90
98.90
98.90
98.90
98.90
98.90
98.91
98.91
98.91
98.91
98.91
98.91
98.89
98.89
98.89
98.89
98.90
98.90
98.90
98.90
98.90
98.90
98.90
98.90
98.90
98.90
98.90
98.90
98.90
98.90
98.90
98.88
98.88
98.88
98.88
98.88
98.88
98.88
98.88
98.88
98.88
98.88
98.88
98.88
98.88
98.88
98.88
98.88
98.68
98.68
98.68
98.68
98.68
98.68
98.68
98.68
98.68
98.68
98.68
98.68
98.75
98.75
98.75
98.75
98.75
98.75
98.75
98.75
98.75
98.75
98.75
98.75
98.75
98.75
98.77
98.77
98.77
98.77
98.77
98.77
98.77
98.77
98.77
98.77
98.77
98.67
98.67
98.67
98.67
98.67
98.67
98.67
98.67
98.67
97.71
97.71
97.71
97.71
97.71
97.71
98.11
98.11
98.11
98.11
98.11
98.11
98.11
98.11
97.95
97.95
97.95
97.95
97.95
97.83
97.83
97.83
97.83
98.50
98.50
98.50
98.50
98.50
98.50
98.50
98.50
98.81
98.81
98.81
98.81
98.81
98.81
98.81
98.90
98.90
98.90
98.90
98.90
98.90
98.83
98.83
98.83
98.83
98.83
98.83
98.83
98.83
98.87
98.87
98.87
98.87
98.87
98.87
98.87
98.67
98.67
98.67
98.67
98.67
98.67
98.67
98.67
98.67
98.46
98.46
98.46
98.46
98.46
98.46
98.46
98.46
98.11
98.11
98.11
98.11
98.11
95.96
95.96
95.96
95.96
95.96
95.96
97.71
97.71
97.71
97.71
97.71
97.71
97.71
97.71
97.71
97.74
97.74
97.74
97.74
97.74
97.74
97.74
97.74
97.74
97.74
97.74
93.75
93.75
93.75
93.75
93.75
93.75
93.75
93.75
93.75
93.75
93.75
92.98
92.98
92.98
92.98
92.98
92.98
92.98
92.98
92.98
92.98
92.98
92.98
96.01
96.01
96.01
96.01
96.01
96.01
96.01
96.01
96.01
96.01
96.01
