94.84
94.84
94.84
94.84
94.84
94.84
94.84
94.84
94.84
94.84
94.84
93.23
93.23
93.23
93.23
93.23
93.23
91.80
91.80
91.80
91.80
91.80
91.80
91.80
91.80
91.80
93.14
93.14
93.14
93.14
93.14
93.14
93.14
91.18
91.18
91.18
91.18
91.18
91.18
91.18
91.18
86.90
86.90
86.90
86.90
86.90
86.90
86.90
86.90
86.90
92.58
92.58
92.58
92.58
92.58
92.58
92.58
92.58
92.59
92.59
92.59
92.59
92.59
91.44
91.44
91.44
91.44
93.61
93.61
93.61
93.61
93.61
93.61
93.61
93.61
95.15
95.15
95.15
95.15
95.47
95.47
95.47
95.47
95.47
95.47
95.47
95.47
95.47
95.47
95.47
96.24
96.24
96.24
96.24
96.24
95.15
95.15
95.15
95.15
95.15
95.15
95.15
95.15
95.15
96.00
96.00
96.00
96.00
96.00
96.00
96.00
96.00
96.63
96.63
96.63
96.63
96.63
96.63
96.63
96.63
96.63
95.39
95.39
95.39
95.39
95.39
95.39
95.39
95.39
94.71
94.71
94.71
94.71
94.71
94.71
94.71
94.71
95.69
95.69
95.69
95.69
95.69
95.69
96.65
96.65
96.65
96.65
96.65
96.65
96.65
96.65
96.65
96.65
96.65
94.91
94.91
94.91
94.91
94.91
94.91
94.91
94.91
94.91
96.00
96.00
96.00
96.00
96.00
96.00
96.00
96.00
97.45
97.45
97.45
97.45
97.45
97.45
97.45
97.45
97.45
97.45
96.99
96.99
96.99
96.99
96.99
96.06
96.06
96.06
96.06
96.06
96.06
96.06
96.06
96.06
96.06
96.06
97.57
97.57
97.57
97.57
97.57
97.57
97.57
97.86
97.86
97.86
97.86
97.86
97.86
97.86
97.86
97.23
97.23
97.23
97.23
97.23
97.23
97.23
97.23
97.23
97.91
97.91
97.91
97.91
97.91
97.91
97.91
