95.87
95.87
95.87
95.87
95.87
95.87
95.87
95.87
95.87
92.97
92.97
92.97
92.97
95.82
95.82
95.82
95.82
95.82
95.82
95.82
95.82
95.82
95.18
95.18
95.18
95.18
95.18
95.18
95.18
95.18
95.18
95.18
95.18
95.76
95.76
95.76
95.76
95.76
95.76
95.76
95.76
95.76
95.76
97.40
97.40
97.40
97.40
97.40
97.40
97.40
97.76
97.76
97.76
97.76
97.76
97.76
97.76
98.44
98.44
98.44
98.44
98.44
98.44
98.44
98.44
98.44
98.44
98.44
98.79
98.79
98.79
98.79
98.79
98.79
98.79
98.79
98.79
98.88
98.88
98.88
98.88
98.88
98.80
98.80
98.80
98.80
98.80
98.80
98.80
98.80
98.80
98.80
98.80
98.77
98.77
98.77
98.77
98.77
98.70
98.70
98.70
98.70
98.70
98.70
98.70
98.56
98.56
98.56
98.56
98.56
98.56
98.56
98.56
98.59
98.59
98.59
98.59
98.59
98.59
98.59
98.59
98.59
98.59
98.59
98.44
98.44
98.44
98.44
98.44
98.44
98.44
98.44
98.44
98.44
98.44
98.15
98.15
98.15
98.15
98.00
98.00
98.00
98.00
98.00
98.00
98.00
98.00
97.76
97.76
97.76
97.76
97.76
97.76
97.76
97.76
97.76
96.70
96.70
96.70
96.70
96.70
96.70
96.70
96.70
96.70
96.65
96.65
96.65
96.65
96.65
96.65
96.65
96.65
96.65
96.65
98.07
98.07
98.07
98.07
98.07
98.07
98.07
97.42
97.42
97.42
97.42
97.42
97.42
97.42
97.42
98.04
98.04
98.04
98.04
98.04
98.04
98.04
97.11
97.11
97.11
97.11
97.11
97.11
97.11
98.24
98.24
98.24
98.24
98.24
98.24
98.24
98.24
98.24
98.40
98.40
98.40
98.40
98.40
98.40
98.40
98.40
98.40
98.40
98.40
98.62
98.62
98.62
98.62
98.62
98.80
98.80
98.80
98.80
98.80
98.80
98.80
98.30
98.30
98.30
98.30
98.25
98.25
98.25
98.25
98.25
98.25
98.25
98.40
98.40
98.40
98.40
98.40
98.40
98.40
98.40
95.89
95.89
95.89
95.89
95.89
95.89
95.89
96.92
96.92
96.92
96.92
98.06
98.06
98.06
98.06
98.06
98.06
98.06
97.99
97.99
97.99
97.99
97.99
97.99
98.30
98.30
98.30
98.30
98.30
98.30
98.30
98.30
98.30
98.30
98.30
98.30
