98.78
98.78
98.78
98.78
98.78
98.70
98.70
98.70
98.70
98.70
98.70
98.70
98.74
98.74
98.74
98.74
98.74
98.74
98.74
98.74
98.74
98.75
98.75
98.75
98.75
98.75
98.75
98.75
98.75
98.86
98.86
98.86
98.86
98.86
98.96
98.96
98.96
98.96
98.96
98.96
98.96
98.96
98.96
98.96
98.96
98.96
98.96
98.96
98.96
98.96
98.96
98.96
98.96
98.96
98.91
98.91
98.91
98.91
98.91
98.91
98.91
98.91
98.91
98.91
98.91
98.91
98.91
98.91
98.91
98.91
98.81
98.81
98.81
98.81
98.81
98.81
98.81
98.81
98.81
98.64
98.64
98.64
98.64
98.64
98.64
97.69
97.69
97.69
97.69
97.69
97.69
97.69
97.33
97.33
97.33
97.33
97.33
97.33
98.50
98.50
98.50
98.50
98.50
98.50
98.50
98.39
98.39
98.39
98.39
98.39
98.39
98.39
97.97
97.97
97.97
97.97
97.97
98.57
98.57
98.57
98.57
98.57
98.57
98.57
98.57
98.57
98.85
98.85
98.85
98.85
98.85
98.85
98.85
98.85
98.81
98.81
98.81
98.81
98.81
98.81
98.81
98.81
98.81
98.81
98.81
98.81
98.81
98.81
98.73
98.73
98.73
98.73
98.73
98.73
98.73
98.73
98.73
98.83
98.83
98.83
98.83
98.83
98.83
98.83
98.83
98.83
98.83
98.83
98.83
98.83
98.83
98.83
98.83
98.83
98.83
98.83
98.86
98.86
98.86
98.86
98.86
98.86
98.86
98.86
98.84
98.84
98.84
98.84
98.84
98.84
98.84
98.84
98.62
98.62
98.62
98.62
98.62
98.62
98.62
98.62
98.62
98.62
98.62
98.70
98.70
98.70
98.70
98.70
98.70
98.70
98.70
98.67
98.67
98.67
98.67
98.67
98.67
98.67
98.80
98.80
98.80
98.80
98.91
98.91
98.91
98.91
98.91
98.91
98.95
98.95
98.95
98.95
98.95
98.95
98.95
98.95
98.95
98.95
98.95
98.95
98.91
98.91
98.91
98.91
98.91
98.91
98.91
98.91
98.91
98.91
98.91
98.91
98.87
98.87
98.87
98.87
98.87
98.87
98.87
98.87
98.87
98.87
98.87
98.61
98.61
98.61
98.61
98.61
98.61
98.47
98.47
98.47
98.47
98.47
98.23
98.23
98.23
98.23
98.23
97.24
97.24
97.24
97.24
