91.88
91.88
91.88
91.88
91.88
91.88
91.88
91.88
90.14
90.14
90.14
90.14
90.14
90.14
90.14
88.62
88.62
88.62
88.62
88.62
88.62
88.62
88.62
88.62
89.79
89.79
89.79
89.79
89.79
89.79
89.79
90.30
90.30
90.30
90.30
90.30
90.30
90.30
90.30
92.25
92.25
92.25
92.25
92.25
92.25
92.25
91.58
91.58
91.58
91.58
91.58
91.58
91.58
91.58
91.58
93.49
93.49
93.49
93.49
93.49
93.49
93.49
93.49
93.49
92.89
92.89
92.89
92.89
92.89
92.89
92.89
92.89
92.89
93.34
93.34
93.34
93.34
93.34
93.34
93.34
93.34
95.29
95.29
95.29
95.29
95.29
95.29
95.29
95.29
95.29
93.99
93.99
93.99
93.99
93.99
93.99
93.99
93.99
93.99
92.81
92.81
92.81
92.81
92.81
92.81
92.81
92.81
95.31
95.31
95.31
95.31
95.31
95.31
95.31
95.31
95.31
95.31
95.31
95.41
95.41
95.41
95.41
95.41
95.41
95.22
95.22
95.22
95.22
95.22
95.22
95.22
95.22
95.22
95.99
95.99
95.99
95.99
95.99
95.99
95.99
95.99
95.99
95.99
95.99
95.99
94.67
94.67
94.67
94.67
94.82
94.82
94.82
94.82
94.82
94.82
94.82
94.82
94.82
94.82
94.82
95.38
95.38
95.38
95.38
95.38
95.38
95.38
95.38
92.44
92.44
92.44
92.44
92.44
92.44
92.44
92.44
91.56
91.56
91.56
91.56
91.56
91.56
91.56
94.04
94.04
94.04
94.04
94.04
94.04
92.61
92.61
92.61
92.61
92.61
92.61
92.61
92.61
92.61
92.61
92.61
93.49
93.49
93.49
93.49
93.49
93.49
93.49
93.49
91.42
91.42
91.42
91.42
91.42
91.42
91.42
91.42
90.97
90.97
90.97
90.97
90.97
90.97
90.97
87.00
87.00
87.00
87.00
87.00
87.00
87.00
87.00
85.15
85.15
85.15
85.15
85.15
85.15
85.15
85.15
85.15
86.97
86.97
86.97
86.97
86.97
86.97
86.97
88.76
88.76
88.76
88.76
88.76
88.76
88.76
87.24
87.24
87.24
87.24
87.75
87.75
87.75
87.75
87.75
87.75
87.75
90.11
90.11
90.11
90.11
90.11
90.11
90.75
90.75
90.75
90.75
90.75
90.75
90.75
90.75
90.75
90.75
90.75
91.25
91.25
91.25
91.25
93.20
93.20
93.20
93.20
93.20
93.20
93.20
94.21
94.21
94.21
94.21
95.50
95.50
95.50
95.50
95.50
95.50
95.50
95.50
95.50
95.50
95.50
95.83
95.83
95.83
95.83
95.83
95.83
95.83
95.83
94.26
94.26
94.26
94.26
94.26
94.26
94.26
94.26
94.26
94.26
94.26
