97.34
97.34
97.34
97.34
97.34
97.34
97.34
97.34
96.38
96.38
96.38
96.38
96.38
96.38
96.38
96.38
94.15
94.15
94.15
94.15
94.15
94.15
94.15
94.15
94.15
94.53
94.53
94.53
94.53
94.53
94.53
94.53
94.53
94.53
95.79
95.79
95.79
95.79
97.61
97.61
97.61
97.61
97.61
97.61
97.61
97.61
97.61
97.61
97.61
97.61
97.61
97.05
97.05
97.05
97.05
97.05
97.05
96.86
96.86
96.86
96.86
96.86
96.86
96.86
96.86
96.71
96.71
96.71
96.71
96.71
96.71
96.71
96.71
95.04
95.04
95.04
95.04
95.04
95.04
95.04
95.04
95.04
95.04
95.04
92.74
92.74
92.74
92.74
92.74
92.74
92.74
92.74
91.54
91.54
91.54
91.54
91.54
91.54
91.54
91.54
91.54
91.63
91.63
91.63
91.63
91.63
91.63
91.63
91.63
91.63
95.21
95.21
95.21
95.21
95.21
95.21
95.21
97.20
97.20
97.20
97.20
98.12
98.12
98.12
98.12
98.12
98.12
98.12
98.12
98.12
98.12
98.12
98.12
98.12
98.12
98.09
98.09
98.09
98.09
98.09
98.09
98.09
98.09
97.77
97.77
97.77
97.77
97.77
97.77
97.77
97.77
97.97
97.97
97.97
97.97
97.97
97.97
97.97
97.97
96.38
96.38
96.38
96.38
96.38
96.38
96.38
96.38
93.84
93.84
93.84
93.84
93.84
93.88
93.88
93.88
93.88
93.88
93.88
93.88
93.88
93.88
95.26
95.26
95.26
95.26
95.26
95.26
95.26
95.26
95.26
95.26
95.26
96.16
96.16
96.16
96.16
96.16
96.16
96.16
96.16
96.16
97.25
97.25
97.25
97.25
97.25
97.25
97.25
97.25
97.25
97.25
97.25
98.05
98.05
98.05
98.05
98.05
98.05
98.05
98.05
98.15
98.15
98.15
98.15
98.15
98.15
98.15
98.15
98.55
98.55
98.55
98.55
98.55
98.55
98.55
98.55
98.46
98.46
98.46
98.46
98.46
98.46
98.46
98.46
98.46
98.42
98.42
98.42
98.42
98.42
97.68
97.68
97.68
97.68
97.68
97.68
97.68
97.68
96.23
96.23
96.23
96.23
96.23
96.23
96.23
94.02
94.02
94.02
94.02
94.02
94.16
94.16
94.16
94.16
93.31
93.31
93.31
93.31
93.31
93.31
93.31
93.31
91.29
91.29
91.29
91.29
91.29
91.29
91.29
91.29
91.12
91.12
91.12
91.12
91.12
91.12
91.12
90.56
90.56
90.56
90.56
90.56
90.56
90.56
90.56
85.48
85.48
85.48
85.48
