76.16
76.16
76.16
76.16
76.16
76.16
76.16
76.16
76.16
76.16
76.16
83.69
83.69
83.69
83.69
83.69
83.69
89.89
89.89
89.89
89.89
89.89
89.89
89.89
89.89
89.89
89.89
89.89
89.89
91.10
91.10
91.10
91.10
94.50
94.50
94.50
94.50
94.50
94.50
94.50
92.41
92.41
92.41
92.41
92.41
92.41
92.41
92.58
92.58
92.58
92.58
92.58
92.58
92.58
92.58
92.58
92.58
92.58
90.78
90.78
90.78
90.78
90.78
90.78
90.78
90.78
90.78
92.09
92.09
92.09
92.09
92.09
92.09
92.09
92.09
92.09
93.13
93.13
93.13
93.13
93.13
93.13
93.13
93.13
93.13
94.70
94.70
94.70
94.70
94.70
94.70
94.70
93.15
93.15
93.15
93.15
93.15
91.81
91.81
91.81
91.81
91.81
91.81
91.81
91.81
91.81
91.81
92.52
92.52
92.52
92.52
92.52
92.52
92.52
91.55
91.55
91.55
91.55
91.55
91.55
91.55
91.55
91.69
91.69
91.69
91.69
91.69
91.69
91.69
91.69
91.69
91.69
91.69
89.14
89.14
89.14
89.14
89.14
89.14
89.14
84.85
84.85
84.85
84.85
84.85
84.85
84.85
84.85
84.85
76.90
76.90
76.90
76.90
75.40
75.40
75.40
75.40
75.40
75.40
71.89
71.89
71.89
71.89
71.89
73.49
73.49
73.49
73.49
73.49
73.49
73.49
73.49
73.49
82.83
82.83
82.83
82.83
82.83
82.83
82.83
82.83
82.83
90.48
90.48
90.48
90.48
90.48
90.48
90.48
90.48
90.48
92.17
92.17
92.17
92.17
92.17
92.17
92.17
94.00
94.00
94.00
94.00
94.00
94.00
94.00
95.72
95.72
95.72
95.72
95.72
95.72
95.72
95.72
95.41
95.41
95.41
95.41
95.41
95.41
95.41
96.16
96.16
96.16
96.16
96.16
96.16
94.51
94.51
94.51
94.51
94.51
94.51
94.51
94.51
94.51
94.51
94.51
92.95
92.95
92.95
92.95
92.95
93.05
93.05
93.05
93.05
93.05
93.05
93.05
93.05
93.05
93.05
93.05
91.10
91.10
91.10
91.10
91.10
