78.43
78.43
78.43
78.43
78.43
78.43
78.43
78.43
84.93
84.93
84.93
84.93
84.93
84.93
84.93
84.93
84.93
84.93
84.93
92.61
92.61
92.61
92.61
92.61
92.61
92.61
92.61
92.61
92.61
92.61
92.61
92.61
92.61
95.06
95.06
95.06
95.06
95.06
95.06
95.06
95.06
95.06
95.06
95.06
95.06
94.99
94.99
94.99
94.99
94.99
94.99
94.99
95.69
95.69
95.69
95.69
95.69
95.69
95.69
95.69
95.69
95.69
95.69
95.69
95.69
95.69
96.89
96.89
96.89
96.89
96.89
96.89
96.89
96.89
95.77
95.77
95.77
95.77
95.77
95.77
95.77
95.77
95.77
95.77
95.77
95.82
95.82
95.82
95.82
95.82
95.82
95.82
96.86
96.86
96.86
96.86
96.86
96.86
96.86
96.86
97.13
97.13
97.13
97.13
97.13
97.13
97.13
97.13
97.13
97.13
97.13
96.14
96.14
96.14
96.14
96.14
96.14
96.14
96.14
96.14
95.63
95.63
95.63
95.63
95.63
95.63
95.63
95.63
95.63
96.97
96.97
96.97
96.97
96.97
96.97
96.97
96.97
96.45
96.45
96.45
96.45
96.45
96.45
96.45
95.85
95.85
95.85
95.85
95.85
95.40
95.40
95.40
95.40
95.40
95.40
93.59
93.59
93.59
93.59
93.59
93.59
93.59
93.59
93.59
93.59
93.59
93.59
92.26
92.26
92.26
92.26
92.26
92.26
92.26
92.26
92.26
93.65
93.65
93.65
93.65
93.65
91.30
91.30
91.30
91.30
91.84
91.84
91.84
91.84
91.84
91.84
91.84
91.84
91.84
91.84
91.84
90.27
90.27
90.27
90.27
