93.65
93.65
93.65
93.65
93.65
93.15
93.15
93.15
93.15
93.15
93.15
93.15
93.15
93.15
94.81
94.81
94.81
94.81
94.81
94.81
94.81
93.95
93.95
93.95
93.95
93.95
93.95
93.95
93.95
93.83
93.83
93.83
93.83
93.83
93.83
93.83
93.83
93.83
93.83
93.83
93.83
93.83
93.83
92.99
92.99
92.99
92.99
92.99
92.99
92.99
92.99
92.07
92.07
92.07
92.07
92.07
92.07
92.07
92.07
93.47
93.47
93.47
93.47
93.47
93.47
93.47
94.16
94.16
94.16
94.16
94.16
94.16
94.16
94.16
94.20
94.20
94.20
94.20
94.20
94.20
94.20
93.43
93.43
93.43
93.43
93.43
93.43
93.43
93.43
94.44
94.44
94.44
94.44
94.44
94.44
94.44
90.72
90.72
90.72
90.72
90.72
90.72
90.72
90.72
90.72
92.03
92.03
92.03
92.03
92.03
89.82
89.82
89.82
89.82
89.82
89.82
89.82
89.82
90.25
90.25
90.25
90.25
90.25
90.25
90.25
90.25
87.59
87.59
87.59
87.59
91.20
91.20
91.20
91.20
91.20
91.20
93.10
93.10
93.10
93.10
93.10
93.10
93.10
93.10
94.98
94.98
94.98
94.98
94.98
94.98
94.98
94.98
94.99
94.99
94.99
94.99
94.99
94.99
94.99
94.99
94.99
94.99
94.99
96.29
96.29
96.29
96.29
96.29
96.29
96.29
96.29
96.29
96.29
96.29
96.29
96.29
96.29
94.46
94.46
94.46
94.46
94.46
94.46
95.64
95.64
95.64
95.64
95.64
95.64
95.02
95.02
95.02
95.02
95.02
95.02
95.02
94.65
94.65
94.65
94.65
94.65
93.90
93.90
93.90
93.90
93.90
93.90
93.25
93.25
93.25
93.25
