62.27
62.27
62.27
62.27
62.27
62.27
62.27
62.27
62.27
66.88
66.88
66.88
66.88
76.61
76.61
76.61
76.61
76.61
76.61
76.61
76.61
76.61
76.61
76.61
73.99
73.99
73.99
73.99
73.99
73.99
73.99
78.88
78.88
78.88
78.88
78.88
78.88
78.88
81.16
81.16
81.16
81.16
81.16
81.16
81.16
81.16
81.16
81.16
82.82
82.82
82.82
82.82
82.82
82.82
82.82
82.82
80.39
80.39
80.39
80.39
80.39
80.39
80.39
80.39
80.39
78.66
78.66
78.66
78.66
78.66
78.66
78.66
73.66
73.66
73.66
73.66
73.66
73.66
73.66
74.85
74.85
74.85
74.85
74.85
74.85
74.85
74.85
74.85
74.85
74.85
66.27
66.27
66.27
66.27
66.27
66.27
66.27
62.96
62.96
62.96
62.96
75.98
75.98
75.98
75.98
75.98
75.98
75.98
75.98
67.83
67.83
67.83
67.83
69.77
69.77
69.77
69.77
69.77
69.77
69.77
71.98
71.98
71.98
71.98
71.98
71.98
71.98
74.61
74.61
74.61
74.61
74.61
74.61
74.61
74.61
74.61
80.93
80.93
80.93
80.93
80.93
80.93
80.93
80.83
80.83
80.83
80.83
80.83
80.83
80.83
80.83
85.05
85.05
85.05
85.05
85.05
85.05
85.05
85.05
85.05
85.05
85.05
81.30
81.30
81.30
81.30
81.30
81.30
81.30
79.80
79.80
79.80
79.80
79.80
79.80
79.80
77.27
77.27
77.27
77.27
77.27
77.27
77.27
77.27
77.27
66.82
66.82
66.82
66.82
66.82
66.82
66.82
