94.41
94.41
94.41
94.41
94.41
92.94
92.94
92.94
92.94
92.94
92.94
92.94
92.94
89.32
89.32
89.32
89.32
89.32
89.32
89.32
84.34
84.34
84.34
84.34
84.34
84.34
84.34
84.34
84.34
84.34
84.34
82.05
82.05
82.05
82.05
82.05
82.05
82.05
82.05
82.05
77.35
77.35
77.35
77.35
77.35
77.35
77.35
77.35
83.01
83.01
83.01
83.01
83.01
83.01
83.01
83.01
83.01
83.01
83.01
90.08
90.08
90.08
90.08
90.08
90.08
90.08
91.00
91.00
91.00
91.00
91.00
91.00
91.00
91.00
93.47
93.47
93.47
93.47
93.47
93.47
93.47
93.47
93.47
93.47
93.47
93.47
92.90
92.90
92.90
92.90
92.90
92.90
92.90
92.90
92.90
92.90
92.90
94.85
94.85
94.85
94.85
94.85
94.85
94.85
94.85
94.85
94.85
94.85
94.52
94.52
94.52
94.52
94.52
94.52
94.52
94.52
94.57
94.57
94.57
94.57
94.57
94.57
94.57
94.57
94.06
94.06
94.06
94.06
89.33
89.33
89.33
89.33
89.33
89.33
89.33
89.33
89.33
89.45
89.45
89.45
89.45
89.45
89.45
89.45
89.45
89.45
89.70
89.70
89.70
89.70
91.67
91.67
91.67
91.67
91.67
91.67
91.67
91.67
91.67
95.05
95.05
95.05
95.05
95.05
95.05
95.05
96.00
96.00
96.00
96.00
96.00
96.00
96.00
96.00
96.01
96.01
96.01
96.01
96.01
96.01
96.01
96.01
96.05
96.05
96.05
96.05
96.05
96.05
96.05
96.05
