97.29
97.29
97.29
97.29
97.29
98.14
98.14
98.14
98.14
98.14
98.14
98.14
98.14
98.29
98.29
98.29
98.29
98.85
98.85
98.85
98.85
98.85
98.85
98.85
98.85
98.85
98.85
98.85
98.92
98.92
98.92
98.92
98.92
98.92
98.92
98.93
98.93
98.93
98.93
98.93
98.93
98.93
98.93
98.93
98.93
98.93
98.93
98.93
98.93
98.88
98.88
98.88
98.88
98.88
98.88
98.88
98.88
98.88
98.88
98.80
98.80
98.80
98.80
98.80
98.85
98.85
98.85
98.85
98.85
98.85
98.85
98.85
98.82
98.82
98.82
98.82
98.82
98.82
98.82
98.82
98.80
98.80
98.80
98.80
98.80
98.80
98.86
98.86
98.86
98.86
98.86
98.86
98.86
98.86
98.86
98.86
98.86
98.86
98.86
98.86
98.86
98.86
98.86
98.86
98.86
98.89
98.89
98.89
98.89
98.89
98.89
98.89
98.89
98.89
98.92
98.92
98.92
98.92
98.92
98.92
98.92
98.92
98.92
98.92
98.92
98.95
98.95
98.95
98.95
98.95
98.95
98.95
98.95
98.95
98.95
98.95
98.95
98.95
98.95
98.94
98.94
98.94
98.94
98.94
98.94
98.94
98.94
98.92
98.92
98.92
98.92
98.92
98.92
98.92
98.92
98.93
98.93
98.93
98.93
98.93
98.93
98.93
98.93
98.93
98.93
98.94
98.94
98.94
98.94
98.94
98.94
98.93
98.93
98.93
98.93
98.93
98.93
98.93
98.93
98.93
98.84
98.84
98.84
98.84
98.84
