89.86
89.86
89.86
89.86
89.86
89.86
89.86
89.86
90.40
90.40
90.40
90.40
90.40
90.40
89.81
89.81
89.81
89.81
89.81
89.81
89.81
89.81
89.81
89.81
89.81
92.94
92.94
92.94
92.94
92.94
92.94
92.94
92.94
93.98
93.98
93.98
93.98
93.98
92.79
92.79
92.79
92.79
92.79
92.79
92.79
92.79
93.55
93.55
93.55
93.55
93.55
93.55
93.55
93.55
93.55
95.37
95.37
95.37
95.37
95.37
95.37
95.37
95.52
95.52
95.52
95.52
95.52
95.52
95.52
95.52
95.52
95.52
95.52
93.48
93.48
93.48
93.48
93.48
93.48
93.48
93.48
94.53
94.53
94.53
94.53
94.53
94.53
96.05
96.05
96.05
96.05
96.05
96.05
96.05
96.05
95.13
95.13
95.13
95.13
95.13
95.13
95.13
94.68
94.68
94.68
94.68
94.68
94.68
94.68
94.68
96.47
96.47
96.47
96.47
96.47
96.47
96.47
96.47
96.47
96.47
96.47
96.47
96.47
96.47
96.86
96.86
96.86
96.86
96.86
95.31
95.31
95.31
95.31
95.31
95.31
95.31
95.31
95.31
95.31
95.31
