95.07
95.07
95.07
95.07
95.07
92.97
92.97
92.97
92.97
92.97
92.97
92.97
92.97
92.97
92.97
92.97
90.72
90.72
90.72
90.72
90.72
90.72
90.72
90.72
91.34
91.34
91.34
91.34
91.34
91.34
91.34
89.36
89.36
89.36
89.36
89.36
89.36
89.36
90.14
90.14
90.14
90.14
90.14
90.14
90.14
90.14
90.14
90.14
90.14
91.42
91.42
91.42
91.42
91.42
91.42
91.42
91.42
91.42
91.42
91.42
86.54
86.54
86.54
86.54
86.54
86.54
86.54
86.54
86.54
85.72
85.72
85.72
85.72
85.72
85.72
85.72
85.72
91.94
91.94
91.94
91.94
91.94
91.94
91.94
91.94
92.07
92.07
92.07
92.07
92.07
92.07
92.07
92.07
92.07
93.31
93.31
93.31
93.31
93.31
93.31
93.31
93.56
93.56
93.56
93.56
93.56
93.56
93.56
93.56
95.08
95.08
95.08
95.08
95.08
95.08
95.08
95.08
94.85
94.85
94.85
94.85
94.85
94.85
94.85
94.85
94.85
93.37
93.37
93.37
93.37
93.37
93.37
93.37
93.37
94.32
94.32
94.32
94.32
94.32
94.32
94.32
94.32
94.32
95.98
95.98
95.98
95.98
95.98
95.98
95.98
95.98
96.02
96.02
96.02
96.02
96.02
96.02
96.02
96.02
94.52
94.52
94.52
94.52
94.52
94.52
94.52
94.52
94.52
94.27
94.27
94.27
94.27
94.27
94.27
94.27
94.27
94.27
94.27
96.43
96.43
96.43
96.43
96.43
96.43
96.84
96.84
96.84
96.84
96.84
96.84
96.84
96.84
96.84
96.84
96.84
96.84
96.84
96.84
97.08
97.08
97.08
97.08
97.08
97.08
97.90
97.90
97.90
97.90
97.90
97.90
97.90
97.90
97.28
97.28
97.28
97.28
97.28
97.28
97.28
97.28
