83.55
83.55
83.55
83.55
83.55
83.55
83.55
83.55
86.42
86.42
86.42
86.42
86.42
86.42
86.42
86.42
86.42
89.37
89.37
89.37
89.37
89.37
89.37
89.37
89.37
90.81
90.81
90.81
90.81
90.81
90.81
90.81
90.81
90.81
92.30
92.30
92.30
92.30
92.30
92.30
92.30
92.30
92.30
93.42
93.42
93.42
93.42
93.42
93.42
93.42
93.42
93.42
95.44
95.44
95.44
95.44
95.44
95.44
95.44
95.44
95.44
95.44
95.44
95.36
95.36
95.36
95.36
95.36
95.36
95.36
95.36
96.82
96.82
96.82
96.82
96.82
96.82
96.82
96.82
96.76
96.76
96.76
96.76
96.76
96.76
96.76
96.76
96.12
96.12
96.12
96.12
96.12
96.12
96.12
96.12
93.31
93.31
93.31
93.31
93.31
93.31
91.79
91.79
91.79
91.79
91.79
87.01
87.01
87.01
87.01
87.01
87.01
87.01
87.01
87.01
78.82
78.82
78.82
78.82
78.82
78.82
78.82
77.32
77.32
77.32
77.32
77.32
77.32
77.32
77.32
79.66
79.66
79.66
79.66
79.66
79.66
79.66
79.66
78.25
78.25
78.25
78.25
78.25
78.83
78.83
78.83
78.83
78.83
78.83
78.83
78.83
78.83
85.96
85.96
85.96
85.96
85.96
85.96
85.96
85.96
92.60
92.60
92.60
92.60
92.60
92.60
92.60
92.60
93.08
93.08
93.08
93.08
93.08
93.08
93.08
93.08
93.08
95.64
95.64
95.64
95.64
95.64
95.64
95.64
95.64
95.02
95.02
95.02
95.02
95.02
95.02
95.02
95.02
95.02
95.02
95.92
95.92
95.92
95.92
95.92
95.92
95.92
95.92
95.92
95.69
95.69
95.69
95.69
95.69
93.30
93.30
93.30
93.30
93.30
93.30
93.30
93.30
93.30
93.30
93.30
92.75
92.75
92.75
92.75
92.75
92.75
92.75
92.75
92.75
89.43
89.43
89.43
89.43
89.43
89.43
89.43
89.43
83.18
83.18
83.18
83.18
83.18
83.18
82.72
82.72
82.72
82.72
82.72
82.72
82.72
82.72
80.20
80.20
80.20
80.20
87.10
87.10
87.10
87.10
87.10
87.10
92.51
92.51
92.51
92.51
92.51
92.51
92.51
92.51
92.51
92.51
92.51
