72.63
72.63
72.63
72.63
72.63
72.63
72.63
84.50
84.50
84.50
84.50
84.50
84.50
84.50
84.50
88.18
88.18
88.18
88.18
88.18
88.18
92.54
92.54
92.54
92.54
92.54
92.54
92.54
92.54
92.66
92.66
92.66
92.66
92.66
92.66
92.66
93.81
93.81
93.81
93.81
93.81
93.81
93.81
93.23
93.23
93.23
93.23
93.23
93.23
93.23
93.23
93.23
93.23
93.23
92.40
92.40
92.40
92.40
92.40
92.40
92.40
92.40
92.63
92.63
92.63
92.63
92.63
92.99
92.99
92.99
92.99
92.99
92.99
92.99
91.13
91.13
91.13
91.13
91.13
91.13
91.13
91.13
91.13
91.13
91.13
90.06
90.06
90.06
90.06
90.06
90.06
90.06
83.03
83.03
83.03
83.03
83.03
83.03
83.03
83.03
83.03
83.03
83.03
83.03
83.03
83.03
79.90
79.90
79.90
79.90
79.90
74.61
74.61
74.61
74.61
74.61
74.61
74.61
74.61
74.61
74.61
74.61
76.71
76.71
76.71
76.71
76.71
76.71
79.77
79.77
79.77
79.77
79.77
79.77
79.77
79.77
84.92
84.92
84.92
84.92
84.92
84.92
84.92
87.95
87.95
87.95
87.95
87.95
87.95
87.95
88.99
88.99
88.99
88.99
88.99
88.99
88.99
92.69
92.69
92.69
92.69
92.69
92.69
92.69
92.69
91.01
91.01
91.01
91.01
91.01
91.01
91.01
91.01
90.31
90.31
90.31
90.31
92.99
92.99
92.99
92.99
92.99
92.99
92.99
92.99
94.16
94.16
94.16
94.16
94.16
94.16
94.16
93.10
93.10
93.10
93.10
93.10
93.10
93.10
93.10
93.10
93.10
93.10
92.16
92.16
92.16
92.16
92.16
92.16
92.86
92.86
92.86
92.86
92.86
92.86
92.86
92.86
90.67
90.67
90.67
90.67
90.67
90.67
90.67
89.09
89.09
89.09
89.09
89.09
89.09
89.09
89.09
89.09
