96.07
96.07
96.07
96.07
96.07
96.07
96.07
96.07
94.31
94.31
94.31
94.31
94.31
94.31
94.31
94.31
92.07
92.07
92.07
92.07
92.07
92.07
92.07
92.35
92.35
92.35
92.35
94.59
94.59
94.59
94.59
94.59
94.59
94.59
94.86
94.86
94.86
94.86
94.86
94.86
94.86
94.86
94.51
94.51
94.51
94.51
94.51
94.51
94.51
94.51
95.63
95.63
95.63
95.63
95.63
95.63
95.63
95.63
95.63
94.45
94.45
94.45
94.45
94.45
94.45
94.45
94.10
94.10
94.10
94.10
94.10
94.10
94.10
94.10
94.83
94.83
94.83
94.83
94.83
94.83
94.83
95.00
95.00
95.00
95.00
95.00
95.00
95.00
95.00
95.00
94.95
94.95
94.95
94.95
94.95
94.95
94.95
94.95
93.55
93.55
93.55
93.55
93.55
93.55
93.55
93.55
93.55
94.51
94.51
94.51
94.51
94.51
94.51
94.51
94.51
94.51
94.20
94.20
94.20
94.20
94.20
94.20
94.20
94.20
94.20
94.20
94.20
93.24
93.24
93.24
93.24
93.24
93.24
93.24
93.24
90.80
90.80
90.80
90.80
90.80
90.80
91.77
91.77
91.77
91.77
91.77
91.77
91.77
91.77
91.77
90.81
90.81
90.81
90.81
90.81
90.81
90.81
