98.65
98.65
98.65
98.65
98.75
98.75
98.75
98.75
98.75
98.75
98.75
98.75
98.40
98.40
98.40
98.40
98.40
98.40
98.40
98.40
97.61
97.61
97.61
97.61
97.61
97.61
97.61
93.85
93.85
93.85
93.85
93.85
93.85
93.85
93.85
89.26
89.26
89.26
89.26
89.29
89.29
89.29
89.29
89.29
89.29
88.83
88.83
88.83
88.83
88.83
88.83
88.83
88.83
88.83
88.83
88.83
88.83
88.83
88.83
87.75
87.75
87.75
87.75
87.75
87.75
87.75
87.75
88.31
88.31
88.31
88.31
88.31
88.31
88.31
90.15
90.15
90.15
90.15
90.15
90.15
90.76
90.76
90.76
90.76
90.76
90.76
90.76
90.76
90.76
90.76
87.91
87.91
87.91
87.91
87.91
87.91
87.91
87.91
87.91
83.33
83.33
83.33
83.33
83.33
83.33
83.33
83.33
82.23
82.23
82.23
82.23
82.23
82.23
80.10
80.10
80.10
80.10
80.10
80.10
80.10
80.10
80.10
89.46
89.46
89.46
89.46
89.46
89.46
89.46
89.46
89.46
95.04
95.04
95.04
95.04
95.04
95.04
95.04
95.04
95.08
95.08
95.08
95.08
95.08
95.08
95.08
95.08
95.08
95.08
95.08
96.09
96.09
96.09
96.09
96.09
96.09
96.09
96.09
97.07
97.07
97.07
97.07
97.07
97.07
97.07
97.07
97.07
97.07
97.07
96.47
96.47
96.47
96.47
96.47
96.63
96.63
96.63
96.63
96.63
96.63
96.63
98.09
98.09
98.09
98.09
98.09
98.09
98.09
98.09
