97.85
97.85
97.85
97.85
97.85
97.85
97.85
97.85
97.85
96.84
96.84
96.84
96.84
96.84
94.35
94.35
94.35
94.35
94.35
94.35
94.35
91.02
91.02
91.02
91.02
91.02
91.02
91.02
91.02
93.14
93.14
93.14
93.14
93.14
97.11
97.11
97.11
97.11
97.11
97.11
97.11
97.11
97.98
97.98
97.98
97.98
97.98
97.98
97.98
97.98
97.98
97.98
97.98
97.98
98.22
98.22
98.22
98.22
98.22
98.22
98.22
98.22
98.22
98.01
98.01
98.01
98.01
98.01
98.01
98.25
98.25
98.25
98.25
98.25
98.25
98.25
98.25
97.93
97.93
97.93
97.93
97.93
97.93
97.69
97.69
97.69
97.69
97.69
97.69
97.86
97.86
97.86
97.86
97.86
97.86
97.86
97.86
97.86
98.04
98.04
98.04
98.04
98.04
98.04
98.04
98.04
98.45
98.45
98.45
98.45
98.45
98.45
98.45
98.45
98.28
98.28
98.28
98.28
98.28
98.23
98.23
98.23
98.23
98.23
98.23
98.23
98.23
98.52
98.52
98.52
98.52
98.52
98.52
98.52
98.52
98.52
98.52
98.52
98.52
98.59
98.59
98.59
98.59
98.59
98.59
98.59
98.59
98.59
98.37
98.37
98.37
98.37
98.37
98.37
98.37
98.37
98.37
98.42
98.42
98.42
98.42
98.42
98.48
98.48
98.48
98.48
98.48
98.48
98.48
98.48
98.23
98.23
98.23
98.23
98.16
98.16
98.16
98.16
98.16
98.16
98.16
98.16
97.96
97.96
97.96
97.96
97.96
97.96
97.96
97.96
97.96
98.45
98.45
98.45
98.45
98.45
98.45
98.45
98.45
98.45
98.45
98.45
97.70
97.70
97.70
97.70
97.70
97.70
97.70
97.70
97.64
97.64
97.64
97.64
97.64
97.64
97.64
97.64
97.64
97.64
97.64
97.64
97.64
97.64
97.64
97.64
98.42
98.42
98.42
98.42
98.42
98.42
98.42
98.71
98.71
98.71
98.71
98.71
98.76
98.76
98.76
98.76
98.76
98.76
98.76
98.76
98.64
98.64
98.64
98.64
98.64
98.64
98.64
98.64
97.47
97.47
97.47
97.47
97.47
97.47
97.47
97.47
97.47
97.47
95.76
95.76
95.76
95.76
95.76
95.76
95.76
91.23
91.23
91.23
91.23
93.96
93.96
93.96
93.96
93.96
93.96
93.96
97.59
97.59
97.59
97.59
97.59
97.59
97.59
97.59
97.59
98.67
98.67
98.67
98.67
98.67
98.67
98.67
98.67
98.67
98.67
98.67
98.67
98.67
98.67
98.83
98.83
98.83
98.83
98.83
98.83
98.83
98.83
98.91
98.91
98.91
98.91
98.91
98.91
98.91
98.84
98.84
98.84
98.84
98.84
