96.63
96.63
96.63
96.63
96.63
96.63
96.63
96.63
96.63
96.63
96.63
95.49
95.49
95.49
95.49
95.49
95.49
95.49
95.49
95.49
95.80
95.80
95.80
95.80
95.80
95.80
95.80
95.80
95.80
97.54
97.54
97.54
97.54
97.54
97.54
97.54
97.88
97.88
97.88
97.88
97.88
97.88
97.88
97.90
97.90
97.90
97.90
97.90
97.90
97.90
97.90
98.41
98.41
98.41
98.41
98.41
98.41
98.41
98.41
98.42
98.42
98.42
98.42
98.42
98.42
98.42
98.67
98.67
98.67
98.67
98.67
98.67
98.67
98.67
98.42
98.42
98.42
98.42
98.42
98.42
98.57
98.57
98.57
98.57
98.57
98.57
98.57
98.57
98.57
98.21
98.21
98.21
98.21
98.22
98.22
98.22
98.22
97.71
97.71
97.71
97.71
97.71
97.71
97.71
97.71
97.71
97.71
97.71
97.76
97.76
97.76
97.76
97.76
97.76
97.76
97.76
97.91
97.91
97.91
97.91
97.91
97.91
97.91
97.91
97.91
97.95
97.95
97.95
97.95
97.95
97.95
97.95
97.95
97.95
97.95
97.95
97.52
97.52
97.52
97.52
97.52
97.52
97.52
97.52
98.38
98.38
98.38
98.38
98.27
98.27
98.27
98.27
98.27
98.27
98.27
98.27
98.41
98.41
98.41
98.41
98.41
98.41
98.41
98.41
98.20
98.20
98.20
98.20
98.20
98.20
98.20
98.20
98.39
98.39
98.39
98.39
98.39
98.14
98.14
98.14
98.14
98.14
98.14
98.31
98.31
98.31
98.31
98.31
98.31
98.31
98.31
97.89
97.89
97.89
97.89
97.89
97.89
97.89
97.89
97.89
96.63
96.63
96.63
96.63
96.63
96.63
96.63
96.63
96.63
94.95
94.95
94.95
94.95
94.95
94.95
94.95
94.95
94.95
93.51
93.51
93.51
93.51
93.51
93.90
93.90
93.90
93.90
93.90
93.90
93.90
93.90
88.43
88.43
88.43
88.43
88.43
88.43
88.43
88.43
94.52
94.52
94.52
94.52
94.52
94.52
97.02
97.02
97.02
97.02
97.02
97.02
97.02
97.77
97.77
97.77
97.77
97.77
97.77
98.26
98.26
98.26
98.26
98.26
98.26
98.26
98.26
98.26
98.26
98.26
98.26
98.19
98.19
98.19
98.19
98.19
98.19
98.19
98.19
98.19
98.19
98.19
98.19
98.26
98.26
98.26
98.26
98.26
98.26
98.26
98.26
