66.78
66.78
66.78
66.78
66.78
66.78
66.78
59.40
59.40
59.40
59.40
59.40
59.40
59.40
59.32
59.32
59.32
59.32
59.32
59.32
66.72
66.72
66.72
66.72
66.72
66.72
66.72
72.25
72.25
72.25
72.25
72.25
72.25
72.25
72.25
72.25
72.95
72.95
72.95
72.95
72.95
72.95
72.95
78.17
78.17
78.17
78.17
78.17
78.17
78.17
82.22
82.22
82.22
82.22
82.22
82.22
87.88
87.88
87.88
87.88
92.49
92.49
92.49
92.49
92.49
92.49
92.49
94.41
94.41
94.41
94.41
94.41
94.41
94.41
94.41
96.10
96.10
96.10
96.10
96.15
96.15
96.15
96.15
96.15
97.58
97.58
97.58
97.58
97.58
97.58
97.58
97.58
97.58
97.58
97.58
97.58
97.58
97.58
97.80
97.80
97.80
97.80
97.80
97.80
97.80
97.80
97.57
97.57
97.57
97.57
97.57
97.57
97.57
97.57
97.57
97.57
97.57
97.24
97.24
97.24
97.24
97.24
97.24
97.24
97.24
97.24
97.24
97.24
97.24
97.98
97.98
97.98
97.98
97.98
97.98
97.98
97.98
97.98
97.98
97.98
97.42
97.42
97.42
97.42
97.42
97.42
97.42
97.42
97.42
96.69
96.69
96.69
96.69
96.69
96.69
96.69
96.69
96.69
97.58
97.58
97.58
97.58
97.58
97.58
97.58
97.58
97.58
97.58
97.58
97.77
97.77
97.77
97.77
97.77
97.77
97.77
97.77
97.63
97.63
97.63
97.63
97.63
97.63
97.63
97.52
97.52
97.52
97.52
97.52
97.52
97.52
97.65
97.65
97.65
97.65
97.65
97.65
97.65
97.65
97.90
97.90
97.90
97.90
97.90
97.90
97.90
97.90
