98.69
98.69
98.69
98.69
98.69
98.69
98.69
98.69
98.67
98.67
98.67
98.67
98.67
98.67
98.67
98.67
98.72
98.72
98.72
98.72
98.72
98.72
98.72
98.72
98.78
98.78
98.78
98.78
98.78
98.78
98.78
98.78
98.67
98.67
98.67
98.67
98.67
98.67
97.93
97.93
97.93
97.93
97.93
97.93
97.93
98.53
98.53
98.53
98.53
98.53
98.53
98.53
98.53
98.66
98.66
98.66
98.66
98.66
98.66
98.66
98.66
98.66
98.66
98.66
98.66
98.15
98.15
98.15
98.15
98.15
98.15
98.15
98.15
98.15
96.95
96.95
96.95
96.95
96.95
96.95
96.95
96.95
96.95
98.61
98.61
98.61
98.61
98.61
98.61
98.61
98.61
98.20
98.20
98.20
98.20
98.20
98.20
98.20
98.20
98.20
98.20
98.20
98.39
98.39
98.39
98.39
98.39
98.39
98.39
98.39
98.39
98.39
98.68
98.68
98.68
98.68
98.68
98.68
98.68
98.68
98.68
98.68
98.68
98.68
98.65
98.65
98.65
98.65
98.76
98.76
98.76
98.76
98.76
98.76
98.76
98.72
98.72
98.72
98.72
98.72
98.72
98.72
98.72
98.72
98.72
98.72
98.79
98.79
98.79
98.79
98.79
98.79
98.79
98.71
98.71
98.71
98.71
98.71
98.59
98.59
98.59
98.59
98.59
98.59
98.59
98.59
98.59
98.71
98.71
98.71
98.71
98.71
98.71
98.71
98.67
98.67
98.67
98.67
98.67
98.57
98.57
98.57
98.57
98.57
98.57
98.57
98.57
98.57
