98.36
98.36
98.36
98.36
98.36
98.36
98.36
98.36
97.81
97.81
97.81
97.81
97.81
97.81
97.81
95.34
95.34
95.34
95.34
95.34
95.34
95.34
95.34
95.34
97.72
97.72
97.72
97.72
97.72
97.72
97.72
97.72
98.14
98.14
98.14
98.14
98.14
98.14
98.14
98.14
98.14
98.14
98.14
97.78
97.78
97.78
97.78
97.78
97.78
97.78
97.78
97.78
97.78
97.78
96.96
96.96
96.96
96.96
96.96
96.96
96.96
96.84
96.84
96.84
96.84
96.84
96.84
96.50
96.50
96.50
96.50
96.50
96.50
96.08
96.08
96.08
96.08
97.42
97.42
97.42
97.42
97.42
98.08
98.08
98.08
98.08
98.08
98.44
98.44
98.44
98.44
98.44
98.44
98.44
98.48
98.48
98.48
98.48
98.48
98.48
98.48
97.34
97.34
97.34
97.34
97.34
97.34
97.34
97.34
98.42
98.42
98.42
98.42
98.42
98.42
98.42
98.42
98.42
98.42
98.42
98.55
98.55
98.55
98.55
98.55
98.55
98.55
