92.65
92.65
92.65
92.65
92.65
92.65
92.65
92.65
92.65
93.45
93.45
93.45
93.45
93.45
93.45
93.45
93.45
90.71
90.71
90.71
90.71
90.71
90.71
90.71
90.71
90.71
90.71
92.30
92.30
92.30
92.30
92.30
92.30
94.41
94.41
94.41
94.41
94.41
94.41
94.41
94.41
95.05
95.05
95.05
95.05
95.05
95.05
95.05
95.05
92.79
92.79
92.79
92.79
92.79
92.79
92.79
91.06
91.06
91.06
91.06
91.06
91.06
91.06
93.88
93.88
93.88
93.88
93.88
93.88
93.88
93.88
93.73
93.73
93.73
93.73
93.73
93.73
93.73
93.73
93.73
89.84
89.84
89.84
89.84
89.84
89.84
90.26
90.26
90.26
90.26
90.26
90.26
90.26
90.26
92.59
92.59
92.59
92.59
92.59
92.59
92.59
92.59
93.81
93.81
93.81
93.81
93.81
93.81
96.33
96.33
96.33
96.33
96.33
96.33
96.51
96.51
96.51
96.51
96.51
96.51
96.51
96.80
96.80
96.80
96.80
96.80
96.74
96.74
96.74
96.74
96.74
96.91
96.91
96.91
96.91
96.91
96.91
96.91
96.91
96.91
96.91
96.91
97.28
97.28
97.28
97.28
97.28
97.28
97.28
96.16
96.16
96.16
96.16
96.16
94.92
94.92
94.92
94.92
94.92
94.92
94.92
94.92
95.95
95.95
95.95
95.95
95.95
95.95
95.95
95.95
95.71
95.71
95.71
95.71
95.71
95.71
94.00
94.00
94.00
94.00
94.00
94.00
94.00
94.00
94.00
93.81
93.81
93.81
93.81
93.81
93.25
93.25
93.25
93.25
93.25
93.25
93.25
93.25
93.25
91.38
91.38
91.38
91.38
92.40
92.40
92.40
92.40
92.40
92.40
92.40
92.40
92.26
92.26
92.26
92.26
92.26
92.26
92.26
92.26
88.86
88.86
88.86
88.86
88.86
88.86
88.86
88.86
88.86
88.37
88.37
88.37
88.37
88.37
88.37
88.37
88.37
87.53
87.53
87.53
87.53
87.53
87.53
87.53
87.53
84.51
84.51
84.51
84.51
84.51
84.51
84.51
84.51
84.51
84.51
84.51
75.06
75.06
75.06
75.06
75.06
75.06
75.06
75.06
75.06
68.74
68.74
68.74
68.74
60.85
60.85
60.85
60.85
60.85
60.85
60.85
60.85
60.85
59.49
59.49
59.49
59.49
59.49
59.49
59.49
59.49
59.49
53.80
53.80
53.80
53.80
53.80
53.80
53.80
53.80
50.35
50.35
50.35
50.35
50.35
50.35
47.21
47.21
47.21
47.21
47.21
47.21
47.21
47.21
40.40
40.40
40.40
40.40
40.40
40.40
40.40
40.40
41.69
41.69
41.69
41.69
41.69
41.69
41.69
41.69
41.69
41.69
41.69
41.69
