93.82
93.82
93.82
93.82
93.82
93.82
93.82
93.82
93.74
93.74
93.74
93.74
93.74
93.74
93.74
93.74
91.48
91.48
91.48
91.48
91.48
91.48
91.48
91.48
91.48
92.77
92.77
92.77
92.77
92.77
92.77
92.77
92.77
92.77
92.77
92.16
92.16
92.16
92.16
92.16
92.16
92.16
92.16
93.99
93.99
93.99
93.99
93.99
93.99
93.99
93.99
93.99
96.88
96.88
96.88
96.88
96.88
96.88
96.88
97.35
97.35
97.35
97.35
97.35
97.35
97.35
97.35
97.35
97.31
97.31
97.31
97.31
97.31
97.31
97.31
98.11
98.11
98.11
98.11
98.11
98.11
98.11
98.11
98.11
98.11
98.11
98.11
98.25
98.25
98.25
98.25
98.25
98.25
98.25
98.25
98.25
98.25
98.25
98.42
98.42
98.42
98.42
98.42
98.42
98.42
98.42
98.42
98.42
98.48
98.48
98.48
98.48
98.48
98.48
98.48
98.48
98.48
98.40
98.40
98.40
98.40
98.40
98.40
98.40
98.40
98.40
98.40
98.40
98.22
98.22
98.22
98.22
98.53
98.53
98.53
98.53
98.53
98.53
98.53
98.53
98.53
98.53
98.71
98.71
98.71
98.71
98.71
98.71
98.71
98.55
98.55
98.55
98.55
98.55
98.55
98.55
98.55
98.26
98.26
98.26
98.26
98.26
98.26
98.26
98.26
98.26
98.26
98.33
98.33
98.33
98.33
98.33
98.33
98.33
98.33
98.33
98.13
98.13
98.13
98.13
98.13
98.13
98.13
98.13
98.09
98.09
98.09
98.09
98.09
98.09
97.55
97.55
97.55
97.55
97.55
97.55
96.35
96.35
96.35
96.35
96.35
96.35
96.35
96.35
96.35
97.45
97.45
97.45
97.45
97.45
97.22
97.22
97.22
97.22
97.22
97.22
97.22
97.22
97.22
98.05
98.05
98.05
98.05
98.05
98.05
98.05
98.05
98.05
98.05
98.05
97.55
97.55
97.55
97.55
97.55
97.46
97.46
97.46
97.46
97.46
97.46
97.46
97.46
98.22
98.22
98.22
98.22
98.22
98.22
98.22
98.22
98.22
98.22
98.22
97.92
97.92
97.92
97.92
97.92
97.92
97.31
97.31
97.31
97.31
97.15
97.15
97.15
97.15
97.15
97.15
97.15
97.15
97.15
97.15
97.15
97.15
97.15
97.15
97.15
97.15
97.15
98.05
98.05
98.05
98.05
98.05
98.05
98.05
97.98
97.98
97.98
97.98
97.98
97.98
97.98
97.98
97.98
96.81
96.81
96.81
96.81
96.81
96.81
96.81
96.81
96.81
96.81
96.81
97.65
97.65
97.65
97.65
97.65
97.65
97.65
97.65
98.15
98.15
98.15
98.15
98.15
98.15
98.15
98.15
98.15
98.15
98.15
97.72
97.72
97.72
97.72
97.72
97.72
97.72
