89.65
89.65
89.65
89.65
89.65
89.65
89.65
89.65
86.59
86.59
86.59
86.59
92.03
92.03
92.03
92.03
92.03
92.03
92.03
92.03
92.03
92.79
92.79
92.79
92.79
92.79
92.79
92.79
92.79
92.79
92.79
92.79
95.86
95.86
95.86
95.86
95.86
95.86
95.86
95.86
95.86
95.86
95.86
96.68
96.68
96.68
96.68
96.68
95.67
95.67
95.67
95.67
95.67
96.92
96.92
96.92
96.92
96.92
96.92
96.92
96.92
97.90
97.90
97.90
97.90
97.90
97.90
97.90
97.90
97.90
97.90
97.90
97.63
97.63
97.63
97.63
97.63
97.63
97.63
97.63
96.14
96.14
96.14
96.14
96.14
96.14
96.14
96.14
96.14
96.14
96.14
96.14
97.09
97.09
97.09
97.09
97.09
97.09
97.09
97.09
97.09
96.89
96.89
96.89
96.89
96.89
96.89
96.89
95.37
95.37
95.37
95.37
95.37
95.37
95.37
95.83
95.83
95.83
95.83
95.83
95.83
95.83
96.19
96.19
96.19
96.19
96.19
96.19
96.19
96.19
96.19
94.95
94.95
94.95
94.95
94.95
94.95
94.95
92.60
92.60
92.60
92.60
92.60
92.60
92.60
92.60
92.60
92.16
92.16
92.16
92.16
92.16
92.16
92.16
92.99
92.99
92.99
92.99
92.99
92.99
92.99
92.99
92.99
92.99
91.65
91.65
91.65
91.65
91.65
91.65
91.65
91.65
90.92
90.92
90.92
90.92
90.92
90.92
90.92
90.92
90.92
87.83
87.83
87.83
87.83
87.83
87.83
87.83
87.83
89.86
89.86
89.86
89.86
89.86
92.13
92.13
92.13
92.13
92.13
92.13
92.13
92.13
92.13
91.03
91.03
91.03
91.03
91.03
91.03
91.03
91.03
91.11
91.11
91.11
91.11
91.11
91.11
91.11
91.11
91.11
94.33
94.33
94.33
94.33
94.33
94.33
94.33
94.33
94.33
94.33
94.33
94.33
93.09
93.09
93.09
93.09
93.09
93.09
93.09
93.09
93.09
88.97
88.97
88.97
88.97
88.97
88.97
88.97
88.97
88.97
92.88
92.88
92.88
92.88
92.88
92.88
95.29
95.29
95.29
95.29
95.29
95.29
95.29
95.29
