97.11
97.11
97.11
97.11
97.11
97.11
97.11
97.11
97.69
97.69
97.69
97.69
97.69
97.69
97.69
97.69
97.11
97.11
97.11
97.11
97.11
97.11
95.32
95.32
95.32
95.32
95.32
95.32
95.32
95.32
95.32
94.81
94.81
94.81
94.81
96.50
96.50
96.50
96.50
96.50
96.50
98.00
98.00
98.00
98.00
98.00
98.00
98.00
98.00
97.95
97.95
97.95
97.95
97.95
97.95
97.95
97.95
97.95
97.95
97.95
97.95
98.23
98.23
98.23
98.23
98.23
98.23
98.69
98.69
98.69
98.69
98.69
98.69
98.69
98.68
98.68
98.68
98.68
98.68
98.68
98.68
98.68
98.68
98.47
98.47
98.47
98.47
98.47
98.47
98.47
98.47
98.47
98.47
98.47
97.96
97.96
97.96
97.96
97.96
96.81
96.81
96.81
96.81
96.81
96.81
96.81
95.41
95.41
95.41
95.41
95.41
94.67
94.67
94.67
94.67
94.67
94.67
94.67
94.67
94.67
94.67
95.51
95.51
95.51
95.51
95.51
95.51
95.51
95.51
94.26
94.26
94.26
94.26
95.81
95.81
95.81
95.81
95.81
95.81
95.81
95.81
96.71
96.71
96.71
96.71
96.71
96.71
96.71
96.71
96.71
98.07
98.07
98.07
98.07
98.07
98.07
98.07
98.07
98.73
98.73
98.73
98.73
98.73
98.67
98.67
98.67
98.67
98.67
98.67
98.44
98.44
98.44
98.44
98.44
98.44
98.44
98.44
95.67
95.67
95.67
95.67
96.18
96.18
96.18
96.18
96.18
96.18
96.18
96.18
