92.61
92.61
92.61
92.61
92.61
92.61
92.61
92.61
94.43
94.43
94.43
94.43
94.43
94.43
96.87
96.87
96.87
96.87
96.87
96.87
98.07
98.07
98.07
98.07
98.07
98.07
98.07
98.41
98.41
98.41
98.41
98.41
98.41
98.41
97.94
97.94
97.94
97.94
97.94
97.94
97.94
97.94
97.94
98.02
98.02
98.02
98.02
98.02
98.02
98.02
98.02
98.02
98.02
98.02
98.15
98.15
98.15
98.15
98.15
98.15
98.15
98.15
97.00
97.00
97.00
97.00
97.00
97.00
97.00
97.00
97.00
94.06
94.06
94.06
94.06
94.06
94.06
94.06
94.06
92.12
92.12
92.12
92.12
92.12
92.12
91.77
91.77
91.77
91.77
91.77
91.77
91.77
91.77
91.77
91.77
91.55
91.55
91.55
91.55
91.55
91.55
92.83
92.83
92.83
92.83
92.83
92.83
92.83
93.00
93.00
93.00
93.00
95.85
95.85
95.85
95.85
95.85
95.85
95.85
96.77
96.77
96.77
96.77
96.77
97.66
97.66
97.66
97.66
97.66
97.66
97.66
98.07
98.07
98.07
98.07
98.07
98.07
98.07
98.07
98.02
98.02
98.02
98.02
98.02
98.02
98.02
98.02
98.02
98.07
98.07
98.07
98.07
98.07
98.07
98.07
98.07
98.07
98.07
98.07
97.60
97.60
97.60
97.60
97.60
93.61
93.61
93.61
93.61
93.61
93.61
93.61
81.03
81.03
81.03
81.03
83.41
83.41
83.41
83.41
83.41
83.41
83.41
83.41
83.41
88.06
88.06
88.06
88.06
88.06
88.06
88.06
88.06
88.06
88.06
91.96
91.96
91.96
91.96
91.96
91.96
91.96
91.96
91.96
91.96
91.96
94.01
94.01
94.01
94.01
94.01
96.93
96.93
96.93
96.93
96.93
96.93
96.93
96.93
96.93
96.19
96.19
96.19
96.19
96.19
96.19
96.19
96.21
96.21
96.21
96.21
96.21
96.21
95.28
95.28
95.28
95.28
95.28
95.28
95.28
96.24
96.24
96.24
96.24
96.24
96.24
96.24
96.24
96.24
95.12
95.12
95.12
95.12
95.12
95.12
95.12
95.28
95.28
95.28
95.28
95.28
95.28
95.28
95.28
