98.58
98.58
98.58
98.58
98.58
98.58
98.58
98.58
98.58
98.63
98.63
98.63
98.63
98.63
98.63
98.63
98.63
98.63
98.86
98.86
98.86
98.86
98.86
98.86
98.86
98.86
98.82
98.82
98.82
98.82
98.82
98.82
98.82
98.82
98.82
98.82
98.82
98.82
98.82
98.82
98.76
98.76
98.76
98.76
98.76
98.76
98.76
98.76
98.76
98.84
98.84
98.84
98.84
98.84
98.84
98.84
98.87
98.87
98.87
98.87
98.87
98.87
98.87
98.91
98.91
98.91
98.91
98.91
98.91
98.91
98.91
98.94
98.94
98.94
98.94
98.94
98.94
98.94
98.95
98.95
98.95
98.95
98.95
98.95
98.95
98.95
98.90
98.90
98.90
98.90
98.89
98.89
98.89
98.89
98.89
98.83
98.83
98.83
98.83
98.83
98.83
98.83
98.83
98.83
98.83
98.66
98.66
98.66
98.66
98.66
98.66
98.66
98.66
98.66
98.66
98.66
98.66
98.69
98.69
98.69
98.69
98.69
98.69
98.69
98.45
98.45
98.45
98.45
98.73
98.73
98.73
98.73
98.73
98.73
98.73
98.78
98.78
98.78
98.78
98.78
98.78
98.78
98.78
98.78
98.78
98.78
98.78
98.73
98.73
98.73
98.73
98.73
98.73
98.73
98.77
98.77
98.77
98.77
98.77
98.77
98.77
98.76
98.76
98.76
98.76
98.76
98.76
98.76
98.76
98.76
98.76
98.76
98.76
98.76
98.76
98.67
98.67
98.67
98.67
98.67
98.67
98.67
98.67
98.77
98.77
98.77
98.77
98.77
98.42
98.42
98.42
98.42
98.42
98.42
98.42
98.42
98.42
98.63
98.63
98.63
98.63
98.63
98.63
98.63
98.63
98.49
98.49
98.49
98.49
98.49
98.49
98.39
98.39
98.39
98.39
98.74
98.74
98.74
98.74
98.74
98.74
98.74
98.74
98.74
98.86
98.86
98.86
98.86
98.86
98.86
98.86
98.86
98.86
98.93
98.93
98.93
98.93
98.93
98.93
98.93
98.93
98.93
98.93
98.93
98.93
98.93
98.93
98.93
98.93
98.93
98.93
98.93
98.93
98.93
98.93
98.91
98.91
98.91
98.91
98.91
98.91
98.88
98.88
98.88
98.88
98.88
98.88
98.91
98.91
98.91
98.91
98.91
98.91
98.91
98.91
98.91
98.70
98.70
98.70
98.70
98.70
98.70
98.70
98.70
98.72
98.72
98.72
98.72
98.72
98.72
98.72
98.72
98.72
98.72
98.72
98.49
98.49
98.49
98.49
98.49
98.49
98.51
98.51
98.51
98.51
98.51
98.51
98.51
98.56
98.56
98.56
98.56
98.56
98.56
98.56
98.56
98.37
98.37
98.37
98.37
98.37
98.37
98.37
98.37
97.70
97.70
97.70
97.70
97.70
97.70
97.52
97.52
97.52
97.52
97.52
97.52
97.52
97.52
98.01
98.01
98.01
98.01
98.01
98.01
98.01
98.50
98.50
98.50
98.50
98.80
98.80
98.80
98.80
98.80
98.70
98.70
98.70
98.70
98.77
98.77
98.77
98.77
98.77
98.77
98.90
98.90
98.90
98.90
98.90
98.90
98.90
98.90
98.90
98.90
98.90
98.90
98.90
98.90
98.90
98.90
98.90
98.90
98.90
98.90
98.89
98.89
98.89
98.89
98.89
98.89
98.89
98.89
98.89
98.89
98.89
98.86
98.86
98.86
98.86
98.86
98.86
98.86
98.86
98.90
98.90
98.90
98.90
98.90
98.90
98.90
98.90
98.89
98.89
98.89
98.89
98.89
98.89
98.89
98.89
98.88
98.88
98.88
98.88
98.88
98.88
98.88
98.88
98.88
98.87
98.87
98.87
98.87
98.87
98.87
98.87
98.87
