90.68
90.68
90.68
90.68
93.78
93.78
93.78
93.78
93.78
93.78
96.58
96.58
96.58
96.58
96.58
96.58
96.58
96.58
97.80
97.80
97.80
97.80
97.80
98.57
98.57
98.57
98.57
98.57
98.57
98.57
98.57
98.61
98.61
98.61
98.61
98.61
98.61
98.61
98.61
98.61
98.74
98.74
98.74
98.74
98.74
98.74
98.74
98.85
98.85
98.85
98.85
98.85
98.85
98.85
98.85
98.89
98.89
98.89
98.89
98.89
98.89
98.89
98.89
98.86
98.86
98.86
98.86
98.86
98.86
98.86
98.86
98.60
98.60
98.60
98.60
98.60
98.60
98.60
98.60
98.14
98.14
98.14
98.14
98.14
98.14
98.14
98.14
98.14
98.14
98.14
98.14
98.14
98.14
98.14
98.14
98.47
98.47
98.47
98.47
98.47
98.47
98.47
98.47
98.47
98.47
98.47
96.77
96.77
96.77
96.77
96.77
96.77
97.65
97.65
97.65
97.65
97.65
97.65
97.65
97.65
97.65
98.32
98.32
98.32
98.32
98.32
98.32
98.32
98.32
98.32
98.32
98.32
98.32
98.32
98.32
98.53
98.53
98.53
98.53
98.53
98.53
98.53
98.53
98.53
98.53
98.53
98.53
98.53
98.53
98.49
98.49
98.49
98.49
98.49
98.49
98.49
98.49
98.49
98.64
98.64
98.64
98.64
98.64
98.64
98.64
98.59
98.59
98.59
98.59
98.59
98.59
98.59
98.59
98.09
98.09
98.09
98.09
98.09
98.09
98.09
98.09
98.09
98.05
98.05
98.05
98.05
98.05
98.05
98.05
98.05
98.46
98.46
98.46
98.46
98.46
98.46
98.46
98.46
97.90
97.90
97.90
97.90
97.90
97.90
97.90
97.13
97.13
97.13
97.13
97.13
97.13
97.13
97.13
96.67
96.67
96.67
96.67
96.67
96.67
96.67
96.67
96.67
97.00
97.00
97.00
97.00
97.63
97.63
97.63
97.63
98.54
98.54
98.54
98.54
98.54
98.54
98.54
98.62
98.62
98.62
98.62
98.62
98.62
98.62
98.70
98.70
98.70
98.70
98.70
98.70
98.70
98.70
98.69
98.69
98.69
98.69
98.69
98.69
98.69
98.69
98.69
98.69
98.61
98.61
98.61
98.61
98.61
98.57
98.57
98.57
98.57
98.57
98.57
98.57
97.95
97.95
97.95
97.95
97.95
97.95
97.95
97.95
97.95
98.09
98.09
98.09
98.09
98.09
98.09
98.09
98.09
98.41
98.41
98.41
98.41
98.41
98.41
98.41
98.41
98.32
98.32
98.32
98.32
98.32
98.32
98.32
98.32
98.32
98.09
98.09
98.09
98.09
98.09
98.09
98.09
98.19
98.19
98.19
98.19
98.19
98.41
98.41
98.41
98.41
98.41
98.41
98.41
98.41
98.41
98.41
98.41
98.41
98.30
98.30
98.30
98.30
98.30
98.30
98.30
98.30
98.30
98.30
98.30
97.97
97.97
97.97
97.97
97.97
97.97
97.97
97.97
