98.83
98.83
98.83
98.83
98.83
98.83
98.84
98.84
98.84
98.84
98.84
98.84
98.84
98.84
98.84
98.84
98.84
98.84
98.84
98.84
98.84
98.85
98.85
98.85
98.85
98.85
98.85
98.85
98.90
98.90
98.90
98.90
98.90
98.90
98.90
98.79
98.79
98.79
98.79
98.79
98.79
98.79
98.79
98.83
98.83
98.83
98.83
98.83
98.83
98.83
98.86
98.86
98.86
98.86
98.86
98.86
98.77
98.77
98.77
98.77
98.77
98.77
98.77
98.93
98.93
98.93
98.93
98.93
98.93
98.93
98.93
98.94
98.94
98.94
98.94
98.94
98.94
98.94
98.93
98.93
98.93
98.93
98.93
98.91
98.91
98.91
98.91
98.91
98.91
98.91
98.91
98.91
98.91
98.91
98.93
98.93
98.93
98.93
98.93
98.93
98.94
98.94
98.94
98.94
98.94
98.94
98.94
98.87
98.87
98.87
98.87
98.87
98.84
98.84
98.84
98.84
98.84
98.84
98.84
98.87
98.87
98.87
98.87
98.87
98.87
98.87
98.87
98.87
98.87
98.87
98.87
98.87
98.78
98.78
98.78
98.78
98.78
98.78
98.78
98.78
98.78
98.78
98.78
98.72
98.72
98.72
98.72
98.72
98.72
98.72
98.72
98.72
98.27
98.27
98.27
98.27
98.48
98.48
98.48
98.48
98.75
98.75
98.75
98.75
98.75
98.75
98.75
98.75
98.75
98.75
98.75
98.75
98.75
98.75
98.85
98.85
98.85
98.85
98.85
98.86
98.86
98.86
98.86
98.86
98.86
98.86
98.86
98.79
98.79
98.79
98.79
98.79
98.79
98.79
98.79
98.79
98.87
98.87
98.87
98.87
98.87
98.87
98.87
98.87
98.87
98.90
98.90
98.90
98.90
98.90
98.90
98.90
98.90
98.84
98.84
98.84
98.84
98.84
98.84
98.84
98.84
98.84
98.84
98.84
98.84
98.84
98.84
98.91
98.91
98.91
98.91
98.91
98.91
98.91
98.91
98.91
98.91
98.91
98.87
98.87
98.87
98.87
98.87
98.87
98.87
98.87
98.87
98.87
98.87
98.91
98.91
98.91
98.91
98.91
98.91
98.91
98.91
98.91
98.91
98.91
98.91
98.91
98.91
98.86
98.86
98.86
98.86
98.86
98.86
98.86
98.86
98.86
98.86
98.86
98.86
98.86
98.86
98.89
98.89
98.89
98.89
98.89
98.89
98.89
98.93
98.93
98.93
98.93
98.93
98.93
98.93
98.93
98.89
98.89
98.89
98.89
98.89
98.89
98.89
98.88
98.88
98.88
98.88
98.84
98.84
98.84
98.84
98.90
98.90
98.90
98.90
98.90
98.90
98.90
98.90
98.87
98.87
98.87
98.87
98.87
98.87
98.87
98.87
98.80
98.80
98.80
98.80
98.67
98.67
98.67
98.67
98.75
98.75
98.75
98.75
98.75
98.75
98.75
98.75
98.76
98.76
98.76
98.76
98.76
98.76
98.76
98.76
98.67
98.67
98.67
98.67
98.67
98.67
98.67
98.67
98.67
98.67
98.67
98.67
97.76
97.76
97.76
97.76
97.76
97.76
97.76
97.76
97.76
97.76
97.76
97.71
97.71
97.71
97.71
97.71
97.71
97.71
97.96
97.96
97.96
97.96
97.96
97.96
97.96
97.96
97.93
97.93
97.93
97.93
97.93
97.93
97.93
97.93
95.62
95.62
95.62
95.62
95.62
95.62
95.62
95.62
95.62
79.69
79.69
79.69
79.69
79.69
79.69
79.69
79.69
79.69
79.79
79.79
79.79
79.79
79.79
79.79
79.79
79.79
79.79
79.79
79.79
