97.76
97.76
97.76
97.76
97.76
97.76
97.76
96.86
96.86
96.86
96.86
96.86
96.86
96.86
96.86
96.86
98.49
98.49
98.49
98.49
98.49
98.49
98.49
98.49
98.49
98.54
98.54
98.54
98.54
98.54
98.54
98.54
98.54
97.96
97.96
97.96
97.96
97.96
97.96
97.96
97.96
97.53
97.53
97.53
97.53
97.53
97.53
97.53
97.53
98.19
98.19
98.19
98.19
98.19
98.19
98.19
98.15
98.15
98.15
98.15
98.15
98.15
98.66
98.66
98.66
98.66
98.66
98.66
98.66
98.66
98.80
98.80
98.80
98.80
98.80
98.80
98.80
98.80
98.80
98.85
98.85
98.85
98.85
98.85
98.85
98.85
98.89
98.89
98.89
98.89
98.92
98.92
98.92
98.92
98.92
98.92
98.92
98.92
98.92
98.92
98.92
98.94
98.94
98.94
98.94
98.94
98.94
98.94
98.94
98.93
98.93
98.93
98.93
98.93
98.93
98.93
98.93
98.88
98.88
98.88
98.88
98.88
98.88
98.88
98.88
98.88
98.92
98.92
98.92
98.92
98.92
98.92
98.92
98.92
98.92
98.92
98.92
98.92
98.74
98.74
98.74
98.74
98.74
98.74
98.74
98.74
98.38
98.38
98.38
98.38
98.38
98.38
98.38
98.05
98.05
98.05
98.05
98.05
98.05
98.33
98.33
98.33
98.33
98.33
98.33
98.33
98.47
98.47
98.47
98.47
98.47
98.47
98.47
98.47
98.47
98.66
98.66
98.66
98.66
98.66
98.66
98.66
98.66
98.66
98.78
98.78
98.78
98.78
98.78
98.78
98.78
98.86
98.86
98.86
98.86
98.86
98.86
98.86
