62.68
62.68
62.68
62.68
62.68
62.68
62.68
62.68
62.68
62.68
61.13
61.13
61.13
61.13
61.13
61.13
61.13
61.13
52.62
52.62
52.62
52.62
52.62
52.62
52.62
52.62
53.16
53.16
53.16
53.16
53.16
53.16
53.16
53.16
53.16
50.52
50.52
50.52
50.52
50.52
50.52
50.52
50.52
50.52
50.94
50.94
50.94
50.94
50.94
50.94
50.94
50.94
50.94
49.77
49.77
49.77
49.77
49.77
49.77
49.77
49.77
54.99
54.99
54.99
54.99
54.99
60.83
60.83
60.83
60.83
60.83
67.85
67.85
67.85
67.85
67.85
67.85
67.85
67.85
79.54
79.54
79.54
79.54
79.54
79.54
79.54
79.54
91.23
91.23
91.23
91.23
91.23
91.23
91.23
91.23
95.28
95.28
95.28
95.28
95.28
95.28
95.28
97.16
97.16
97.16
97.16
97.16
97.16
97.16
97.16
97.16
98.44
98.44
98.44
98.44
98.44
98.44
98.44
98.64
98.64
98.64
98.64
98.64
98.64
98.64
98.64
98.64
98.67
98.67
98.67
98.67
98.67
98.67
98.67
98.72
98.72
98.72
98.72
98.72
98.72
98.72
98.72
98.59
98.59
98.59
98.59
98.59
98.59
98.59
98.59
98.59
98.59
98.59
98.59
98.45
98.45
98.45
98.45
98.45
98.63
98.63
98.63
98.63
98.63
98.63
98.63
98.63
98.08
98.08
98.08
98.08
98.08
98.08
98.08
98.08
98.08
98.23
98.23
98.23
98.23
98.23
98.23
98.23
98.23
98.13
98.13
98.13
98.13
98.13
98.13
98.13
98.13
97.02
97.02
97.02
97.02
97.02
97.02
97.02
97.02
98.25
98.25
98.25
98.25
98.25
98.25
98.25
98.25
98.25
98.76
98.76
98.76
98.76
98.76
98.76
98.76
98.76
98.76
98.76
98.76
98.76
98.76
98.76
98.77
98.77
98.77
98.77
98.77
98.77
98.77
98.86
98.86
98.86
98.86
98.86
98.86
98.86
98.81
98.81
98.81
98.81
98.81
98.81
98.81
98.81
98.81
98.81
98.81
98.87
98.87
98.87
98.87
98.87
98.87
98.87
98.84
98.84
98.84
98.84
98.83
98.83
98.83
98.83
98.83
98.83
98.83
98.83
98.73
98.73
98.73
98.73
98.73
98.73
98.73
98.73
98.65
98.65
98.65
98.65
98.65
98.65
98.65
97.78
97.78
97.78
97.78
97.78
97.78
97.78
97.78
97.78
97.78
96.40
96.40
96.40
96.40
96.40
96.40
96.40
96.40
96.40
96.40
96.40
93.35
93.35
93.35
93.35
93.35
93.35
91.14
91.14
91.14
91.14
91.14
91.14
91.84
91.84
91.84
91.84
91.84
91.84
91.84
91.84
95.17
95.17
95.17
95.17
