97.07
97.07
97.07
97.07
97.07
97.07
97.07
97.07
97.07
96.57
96.57
96.57
96.57
96.57
96.57
96.57
96.57
96.57
96.50
96.50
96.50
96.50
96.50
96.50
96.50
96.50
96.50
96.50
96.50
96.50
96.23
96.23
96.23
96.23
96.23
96.23
96.23
96.23
96.23
95.46
95.46
95.46
95.46
95.46
95.46
95.46
95.46
95.46
94.97
94.97
94.97
94.97
94.97
94.97
96.49
96.49
96.49
96.49
96.49
96.49
96.49
96.49
93.35
93.35
93.35
93.35
93.35
93.35
93.35
93.35
97.34
97.34
97.34
97.34
97.34
97.34
97.34
97.77
97.77
97.77
97.77
97.77
97.77
97.77
97.77
98.31
98.31
98.31
98.31
98.31
98.31
98.31
98.31
98.09
98.09
98.09
98.09
98.09
98.09
98.09
98.09
98.09
98.09
98.09
98.32
98.32
98.32
98.32
98.32
98.32
98.32
98.32
98.32
98.32
98.32
98.27
98.27
98.27
98.27
98.27
96.88
96.88
96.88
96.88
96.88
96.88
96.88
96.88
95.13
95.13
95.13
95.13
95.13
95.13
95.13
91.92
91.92
91.92
91.92
89.16
89.16
89.16
89.16
89.16
89.16
89.16
89.16
89.16
87.07
87.07
87.07
87.07
87.07
87.07
87.07
87.07
87.07
89.27
89.27
89.27
89.27
89.27
89.27
89.27
89.27
89.27
89.27
89.27
89.98
89.98
89.98
89.98
89.98
89.98
89.98
89.98
89.98
91.39
91.39
91.39
91.39
91.39
91.39
91.39
91.39
94.87
94.87
94.87
94.87
94.87
94.87
95.75
95.75
95.75
95.75
95.75
95.75
95.75
95.24
95.24
95.24
95.24
95.24
95.24
95.24
95.24
95.24
95.24
95.24
95.24
97.03
97.03
97.03
97.03
97.03
97.03
97.97
97.97
97.97
97.97
97.24
97.24
97.24
97.24
97.24
97.24
97.24
97.24
97.30
97.30
97.30
97.30
97.30
97.30
97.30
97.30
97.30
97.94
97.94
97.94
97.94
97.94
97.94
97.94
97.94
97.94
97.89
97.89
97.89
97.89
97.89
97.89
97.89
97.89
96.93
96.93
96.93
96.93
96.93
96.93
96.93
96.93
96.00
96.00
96.00
96.00
96.00
96.00
96.00
96.54
96.54
96.54
96.54
96.54
96.54
96.54
96.54
97.75
97.75
97.75
97.75
97.75
97.75
98.07
98.07
98.07
98.07
98.07
98.07
98.07
98.07
98.07
98.37
98.37
98.37
98.37
98.37
98.37
98.37
98.37
98.36
98.36
98.36
98.36
98.36
98.36
98.36
98.51
98.51
98.51
98.51
98.51
98.51
98.33
98.33
98.33
98.33
98.33
98.33
98.33
98.33
98.10
98.10
98.10
98.10
98.10
98.10
98.10
98.10
98.10
98.10
