97.81
97.81
97.81
97.81
97.81
97.75
97.75
97.75
97.75
97.75
97.75
97.75
97.75
98.25
98.25
98.25
98.25
98.25
98.25
98.25
98.25
98.25
98.25
98.25
98.56
98.56
98.56
98.56
98.56
98.38
98.38
98.38
98.38
98.38
98.38
98.38
98.38
98.56
98.56
98.56
98.56
98.56
98.56
98.56
98.56
98.75
98.75
98.75
98.75
98.75
98.75
98.75
98.75
98.75
98.75
98.75
98.75
98.75
98.75
98.75
98.75
98.75
98.75
98.75
98.50
98.50
98.50
98.50
98.50
98.50
98.50
98.19
98.19
98.19
98.19
98.56
98.56
98.56
98.56
98.56
98.56
98.56
98.56
98.56
97.94
97.94
97.94
97.94
97.94
97.94
97.94
98.25
98.25
98.25
98.25
98.25
98.25
98.25
98.25
98.12
98.12
98.12
98.12
98.12
98.12
98.12
98.12
98.38
98.38
98.38
98.38
98.38
98.38
98.38
98.38
98.38
98.50
98.50
98.50
98.50
98.50
98.50
98.50
98.50
98.50
98.50
98.50
98.50
98.50
98.81
98.81
98.81
98.81
98.81
98.81
98.81
98.81
98.81
98.81
98.81
98.81
98.81
98.81
98.81
98.81
98.81
98.75
98.75
98.75
98.75
98.75
98.75
98.75
98.75
98.75
98.75
98.56
98.56
98.56
98.56
98.56
98.56
98.56
98.56
98.56
98.69
98.69
98.69
98.69
98.69
98.69
98.69
98.69
98.44
98.44
98.44
98.44
98.44
