97.93
97.93
97.93
97.93
97.93
97.93
97.93
97.93
97.85
97.85
97.85
97.85
97.85
97.83
97.83
97.83
97.83
97.83
97.83
97.83
97.83
97.43
97.43
97.43
97.43
97.43
96.72
96.72
96.72
96.72
96.72
96.73
96.73
96.73
96.73
96.73
96.73
96.73
95.35
95.35
95.35
95.35
95.35
94.77
94.77
94.77
94.77
94.77
94.77
94.77
94.77
94.77
94.64
94.64
94.64
94.64
94.64
94.64
94.64
94.64
93.92
93.92
93.92
93.92
93.92
91.01
91.01
91.01
91.01
86.66
86.66
86.66
86.66
86.66
86.66
86.66
86.66
83.50
83.50
83.50
83.50
83.50
83.50
83.50
75.34
75.34
75.34
75.34
75.34
75.34
75.34
75.34
79.59
79.59
79.59
79.59
79.59
79.59
79.59
79.59
79.59
80.62
80.62
80.62
80.62
80.62
80.62
80.62
80.62
80.62
80.62
91.07
91.07
91.07
91.07
91.07
91.07
91.07
91.07
91.07
96.87
96.87
96.87
96.87
96.87
96.87
96.87
96.87
96.87
96.87
96.87
97.45
97.45
97.45
97.45
97.45
97.45
97.45
97.45
97.45
97.45
97.45
97.45
96.35
96.35
96.35
96.35
96.35
96.35
96.35
96.35
96.35
97.30
97.30
97.30
97.30
97.30
97.30
97.30
98.18
98.18
98.18
98.18
98.18
98.18
98.18
97.91
97.91
97.91
97.91
97.91
97.91
97.91
97.91
97.91
97.91
97.91
97.91
97.91
97.91
97.04
97.04
97.04
97.04
97.04
97.04
97.93
97.93
97.93
97.93
97.93
97.93
97.93
97.55
97.55
97.55
97.55
97.55
97.55
97.55
97.55
95.82
95.82
95.82
95.82
95.82
95.82
95.82
95.82
95.77
95.77
95.77
95.77
97.29
97.29
97.29
97.29
97.29
97.29
97.29
97.77
97.77
97.77
97.77
97.77
97.77
97.77
97.77
97.82
97.82
97.82
97.82
97.82
97.82
97.84
97.84
97.84
97.84
97.84
97.59
97.59
97.59
97.59
97.59
97.70
97.70
97.70
97.70
97.70
97.70
97.70
97.70
97.70
97.70
97.70
96.63
96.63
96.63
96.63
96.59
96.59
96.59
96.59
96.59
96.59
96.59
96.59
96.26
96.26
96.26
96.26
96.26
94.45
94.45
94.45
94.45
94.45
94.45
94.45
94.45
94.45
94.45
94.45
93.75
93.75
93.75
93.75
93.75
93.33
93.33
93.33
93.33
93.33
93.33
93.33
93.33
93.33
93.33
93.33
