94.67
94.67
94.67
94.67
94.67
94.67
94.67
94.67
94.08
94.08
94.08
94.08
94.08
94.08
94.08
94.08
95.80
95.80
95.80
95.80
95.80
95.80
95.80
95.80
95.80
95.80
95.80
95.80
95.80
95.80
97.18
97.18
97.18
97.18
97.18
97.18
97.18
97.18
97.18
97.18
97.18
96.04
96.04
96.04
96.04
96.04
96.04
96.04
96.12
96.12
96.12
96.12
97.62
97.62
97.62
97.62
97.62
97.62
97.62
97.62
97.52
97.52
97.52
97.52
97.52
97.52
97.52
97.52
97.65
97.65
97.65
97.65
97.65
97.65
97.65
98.10
98.10
98.10
98.10
98.10
98.10
98.10
98.10
98.10
98.10
98.10
98.16
98.16
98.16
98.16
98.16
98.16
98.16
98.16
98.16
98.16
98.16
97.80
97.80
97.80
97.80
97.80
97.80
97.80
97.80
97.80
98.13
98.13
98.13
98.13
98.13
98.13
98.13
97.98
97.98
97.98
97.98
97.98
97.98
97.98
97.98
97.98
97.98
97.98
97.19
97.19
97.19
97.19
97.34
97.34
97.34
97.34
97.34
97.34
97.57
97.57
97.57
97.57
97.57
97.57
97.57
97.57
97.57
97.57
96.82
96.82
96.82
96.82
96.82
96.82
96.82
96.82
96.82
97.06
97.06
97.06
97.06
97.06
97.77
97.77
97.77
97.77
97.77
97.77
97.77
