98.11
98.11
98.11
98.11
98.11
98.11
98.11
98.11
97.73
97.73
97.73
97.73
98.15
98.15
98.15
98.15
98.15
98.15
98.15
98.15
98.63
98.63
98.63
98.63
98.63
98.63
98.63
98.65
98.65
98.65
98.65
98.58
98.58
98.58
98.58
98.58
98.58
98.58
98.58
98.58
98.58
98.58
98.78
98.78
98.78
98.78
98.78
98.78
98.78
98.78
98.78
98.78
98.78
98.85
98.85
98.85
98.85
98.85
98.83
98.83
98.83
98.83
98.83
98.83
98.83
98.83
98.74
98.74
98.74
98.74
98.74
98.74
98.74
98.74
98.78
98.78
98.78
98.78
98.78
98.76
98.76
98.76
98.76
98.76
98.65
98.65
98.65
98.65
98.78
98.78
98.78
98.78
98.78
98.78
98.78
98.54
98.54
98.54
98.54
98.54
98.54
98.54
98.54
98.54
98.54
98.54
98.52
98.52
98.52
98.52
98.52
98.52
98.52
98.06
98.06
98.06
98.06
98.06
98.06
98.06
98.06
98.61
98.61
98.61
98.61
98.61
98.61
98.61
98.61
98.61
