46.97
46.97
46.97
46.97
46.97
46.97
44.25
44.25
44.25
44.25
44.25
50.90
50.90
50.90
50.90
54.65
54.65
54.65
54.65
54.65
54.65
54.65
54.65
56.89
56.89
56.89
56.89
56.89
56.89
56.89
66.08
66.08
66.08
66.08
66.08
66.08
66.08
66.08
66.08
74.23
74.23
74.23
74.23
74.23
74.23
74.23
74.23
74.23
81.49
81.49
81.49
81.49
87.69
87.69
87.69
87.69
87.69
87.69
87.69
87.69
87.69
87.71
87.71
87.71
87.71
87.71
87.71
87.71
87.71
87.71
91.41
91.41
91.41
91.41
91.41
91.41
91.41
91.41
91.41
93.81
93.81
93.81
93.81
93.81
93.81
93.81
93.81
93.81
93.11
93.11
93.11
93.11
93.11
93.11
93.11
93.11
93.11
94.81
94.81
94.81
94.81
94.81
94.81
94.81
94.81
94.81
96.09
96.09
96.09
96.09
96.09
96.82
96.82
96.82
96.82
96.82
96.82
96.82
96.82
96.12
96.12
96.12
96.12
96.12
96.12
96.12
96.12
96.12
96.67
96.67
96.67
96.67
96.67
96.67
96.67
96.67
96.67
96.67
98.14
98.14
98.14
98.14
98.14
98.14
98.14
98.14
97.56
97.56
97.56
97.56
97.56
97.56
97.56
97.56
97.45
97.45
97.45
97.45
97.45
97.45
97.45
97.45
97.45
98.10
98.10
98.10
98.10
98.10
98.10
98.10
98.01
98.01
98.01
98.01
98.01
98.01
98.01
98.01
98.01
97.77
97.77
97.77
97.77
97.77
97.77
97.77
97.77
97.99
97.99
97.99
97.99
97.99
97.99
97.99
97.99
97.99
97.88
97.88
97.88
97.88
97.88
97.88
97.88
97.88
97.14
97.14
97.14
97.14
97.14
97.14
97.14
97.14
97.15
97.15
97.15
97.15
97.15
97.15
97.15
97.15
97.15
97.15
97.15
97.64
97.64
97.64
97.64
97.64
97.64
97.64
97.64
95.38
95.38
95.38
95.38
95.38
95.38
95.38
95.38
94.38
94.38
94.38
94.38
94.38
94.38
94.38
94.38
94.38
95.62
95.62
95.62
95.62
95.62
95.62
95.62
95.62
95.62
96.28
96.28
96.28
96.28
96.28
91.43
91.43
91.43
91.43
91.43
91.43
91.58
91.58
91.58
91.58
91.58
91.58
91.58
91.58
91.58
94.98
94.98
94.98
94.98
94.98
94.98
94.98
94.98
94.98
92.85
92.85
92.85
92.85
92.85
92.85
92.85
92.85
89.81
89.81
89.81
89.81
89.81
89.81
89.81
89.81
92.16
92.16
92.16
92.16
92.16
92.16
92.16
92.16
92.16
94.50
94.50
94.50
94.50
94.50
94.50
94.50
91.58
91.58
91.58
91.58
91.58
91.58
91.58
91.58
91.58
91.21
91.21
91.21
91.21
91.21
91.21
91.21
91.21
91.21
94.30
94.30
94.30
94.30
94.30
94.30
94.30
94.30
94.30
