32.24
32.24
32.24
32.24
32.91
32.91
32.91
32.91
38.21
38.21
38.21
38.21
38.21
38.21
38.21
47.88
47.88
47.88
47.88
47.88
47.88
47.88
47.88
57.54
57.54
57.54
57.54
57.54
57.54
57.54
57.54
78.42
78.42
78.42
78.42
78.42
78.42
78.42
78.42
78.42
92.11
92.11
92.11
92.11
92.11
92.11
92.11
92.11
90.72
90.72
90.72
90.72
90.72
90.72
90.72
90.72
90.72
95.76
95.76
95.76
95.76
95.76
95.76
95.76
95.76
95.56
95.56
95.56
95.56
95.56
95.56
95.56
92.93
92.93
92.93
92.93
92.93
92.93
92.93
92.93
92.93
94.47
94.47
94.47
94.47
94.47
94.47
94.47
94.47
94.47
97.23
97.23
97.23
97.23
97.23
97.23
97.23
97.23
97.23
97.23
97.23
97.23
97.23
97.23
97.24
97.24
97.24
97.24
97.24
97.24
97.24
97.24
98.32
98.32
98.32
98.32
98.32
98.32
98.32
98.32
98.32
98.03
98.03
98.03
98.03
98.03
98.03
98.03
98.12
98.12
98.12
98.12
98.12
98.12
98.12
98.12
98.12
98.12
98.12
97.76
97.76
97.76
97.76
97.76
97.76
97.76
97.94
97.94
97.94
97.94
97.94
97.94
97.94
97.94
98.17
98.17
98.17
98.17
98.17
98.17
98.00
98.00
98.00
98.00
98.00
98.29
98.29
98.29
98.29
98.29
98.29
98.29
98.29
98.29
98.21
98.21
98.21
98.21
98.21
98.21
98.21
97.59
97.59
97.59
97.59
97.59
97.59
97.59
97.59
97.59
98.09
98.09
98.09
98.09
98.09
98.09
98.09
98.09
98.09
98.09
97.28
97.28
97.28
97.28
97.28
97.28
97.28
97.28
97.28
97.28
97.28
98.16
98.16
98.16
98.16
98.16
98.16
98.16
98.16
98.16
98.22
98.22
98.22
98.22
98.22
98.22
98.22
98.39
98.39
98.39
98.39
98.39
98.39
98.39
98.41
98.41
98.41
98.41
98.41
98.41
98.41
98.41
98.41
98.41
98.41
97.81
97.81
97.81
97.81
97.81
98.19
98.19
98.19
98.19
98.19
98.19
98.19
98.19
96.55
96.55
96.55
96.55
96.55
96.55
96.55
96.55
96.55
96.55
96.55
96.60
96.60
96.60
96.60
96.60
96.60
96.60
96.60
96.60
96.60
96.60
96.60
96.46
96.46
96.46
96.46
97.66
97.66
97.66
97.66
97.66
97.66
97.66
97.66
98.39
98.39
98.39
98.39
98.39
98.39
98.39
98.66
98.66
98.66
98.66
98.66
98.66
98.66
98.66
98.69
98.69
98.69
98.69
98.69
98.83
98.83
98.83
98.83
98.83
