98.28
98.28
98.28
98.28
98.28
98.28
98.28
98.28
91.51
91.51
91.51
91.51
95.82
95.82
95.82
95.82
95.82
95.82
95.82
95.82
95.82
98.23
98.23
98.23
98.23
98.23
98.23
98.23
98.68
98.68
98.68
98.68
98.68
98.68
98.68
98.68
98.68
98.68
98.68
97.96
97.96
97.96
97.96
97.96
97.96
98.00
98.00
98.00
98.00
98.00
98.00
98.00
97.97
97.97
97.97
97.97
97.97
98.59
98.59
98.59
98.59
98.59
98.59
98.59
98.58
98.58
98.58
98.58
98.58
98.58
98.58
98.58
98.58
98.58
98.58
98.84
98.84
98.84
98.84
98.84
98.84
98.84
98.94
98.94
98.94
98.94
98.94
98.95
98.95
98.95
98.95
98.95
98.95
98.95
98.95
98.97
98.97
98.97
98.97
98.97
98.97
98.97
98.96
98.96
98.96
98.96
98.96
98.96
98.96
98.96
98.91
98.91
98.91
98.91
98.91
98.90
98.90
98.90
98.90
98.90
98.90
98.90
98.90
98.90
98.90
98.90
98.31
98.31
98.31
98.31
97.37
97.37
97.37
97.37
97.37
97.37
97.37
97.37
97.37
97.37
97.37
97.93
97.93
97.93
97.93
97.93
97.93
97.93
97.93
97.93
97.93
97.93
97.93
97.93
97.93
98.14
98.14
98.14
98.14
98.88
98.88
98.88
98.88
98.88
98.88
98.88
98.88
98.88
98.88
98.88
