93.81
93.81
93.81
93.81
93.81
93.81
93.81
93.81
96.12
96.12
96.12
96.12
96.12
96.12
96.12
96.12
96.50
96.50
96.50
96.50
96.50
96.50
96.50
96.50
94.94
94.94
94.94
94.94
94.94
94.94
94.94
94.94
94.94
95.38
95.38
95.38
95.38
95.38
95.38
95.38
96.31
96.31
96.31
96.31
96.31
94.69
94.69
94.69
94.69
94.69
94.69
94.69
94.69
94.69
93.31
93.31
93.31
93.31
93.31
93.31
93.31
93.31
94.31
94.31
94.31
94.31
94.31
94.31
94.31
94.62
94.62
94.62
94.62
96.88
96.88
96.88
96.88
96.88
96.88
96.88
96.88
97.44
97.44
97.44
97.44
97.44
97.44
97.44
98.19
98.19
98.19
98.19
98.19
98.19
98.19
98.12
98.12
98.12
98.12
98.12
98.12
98.12
98.12
98.12
98.25
98.25
98.25
98.25
98.25
98.75
98.75
98.75
98.75
98.75
98.75
98.75
98.75
98.69
98.69
98.69
98.69
98.69
98.69
98.69
98.69
98.69
98.69
98.69
98.69
98.75
98.75
98.75
98.75
98.75
98.75
98.75
98.75
98.75
98.75
98.75
