94.22
94.22
94.22
94.22
94.22
94.22
94.22
94.22
94.22
94.22
94.22
92.30
92.30
92.30
92.30
92.30
92.30
93.28
93.28
93.28
93.28
93.28
93.28
93.28
93.28
95.14
95.14
95.14
95.14
95.14
95.14
95.14
95.14
96.78
96.78
96.78
96.78
96.78
96.78
96.78
96.78
96.78
96.78
96.78
96.78
95.53
95.53
95.53
95.53
94.99
94.99
94.99
94.99
94.99
94.99
94.99
94.99
94.99
94.99
94.99
91.63
91.63
91.63
91.63
91.63
91.63
91.63
91.63
86.73
86.73
86.73
86.73
86.73
86.73
86.73
86.73
86.73
86.73
86.73
86.73
86.26
86.26
86.26
86.26
88.92
88.92
88.92
88.92
88.92
88.92
88.92
88.92
91.58
91.58
91.58
91.58
91.58
91.58
91.58
91.58
91.58
91.58
91.58
94.77
94.77
94.77
94.77
94.77
97.13
97.13
97.13
97.13
97.13
97.13
97.13
97.13
96.68
96.68
96.68
96.68
96.68
96.68
97.51
97.51
97.51
97.51
97.51
97.51
97.51
97.51
96.73
96.73
96.73
96.73
96.73
96.73
96.73
96.73
96.73
96.88
96.88
96.88
96.88
96.88
96.88
96.89
96.89
96.89
96.89
96.89
95.80
95.80
95.80
95.80
95.80
95.80
95.80
95.80
95.80
93.78
93.78
93.78
93.78
93.78
93.78
93.78
93.78
93.33
93.33
93.33
93.33
93.33
93.33
93.33
93.33
93.33
94.50
94.50
94.50
94.50
94.50
94.50
94.50
94.50
95.29
95.29
95.29
95.29
95.29
95.29
95.07
95.07
95.07
95.07
96.33
96.33
96.33
96.33
96.33
96.33
96.33
96.33
96.33
96.33
97.41
97.41
97.41
97.41
97.41
97.41
97.41
97.41
97.41
97.41
97.41
97.41
96.50
96.50
96.50
96.50
96.50
96.50
96.50
96.50
96.26
96.26
96.26
96.26
96.26
96.26
96.26
96.26
95.28
95.28
95.28
95.28
95.28
95.28
95.28
95.28
95.28
92.44
92.44
92.44
92.44
92.44
92.44
92.44
92.44
92.39
92.39
92.39
92.39
92.39
92.39
92.39
87.52
87.52
87.52
87.52
87.52
87.52
87.52
87.52
85.49
85.49
85.49
85.49
85.49
85.49
85.49
85.35
85.35
85.35
85.35
87.33
87.33
87.33
87.33
89.09
89.09
89.09
89.09
89.09
89.09
89.09
89.09
89.09
91.28
91.28
91.28
91.28
91.28
91.28
91.28
91.51
91.51
91.51
91.51
91.51
91.51
94.49
94.49
94.49
94.49
94.49
94.49
94.49
94.49
95.25
95.25
95.25
95.25
95.25
95.25
95.25
95.25
95.25
96.06
96.06
96.06
96.06
96.06
96.06
96.06
96.06
97.47
97.47
97.47
97.47
97.47
97.47
97.47
97.47
97.47
97.47
97.47
96.66
96.66
96.66
96.66
96.66
96.66
96.66
96.66
96.66
97.26
97.26
97.26
97.26
97.26
97.26
97.26
97.26
