94.06
94.06
94.06
94.06
96.81
96.81
96.81
96.81
96.81
96.81
96.81
96.81
96.81
97.42
97.42
97.42
97.42
97.42
97.42
97.42
97.42
97.42
97.32
97.32
97.32
97.32
97.32
97.32
97.32
97.32
96.40
96.40
96.40
96.40
96.40
96.40
96.40
96.40
96.40
95.94
95.94
95.94
95.94
97.29
97.29
97.29
97.29
97.29
97.54
97.54
97.54
97.54
97.54
97.54
97.54
97.54
97.54
97.53
97.53
97.53
97.53
97.53
97.27
97.27
97.27
97.27
97.27
97.27
97.27
97.27
92.22
92.22
92.22
92.22
96.25
96.25
96.25
96.25
96.25
96.25
96.25
97.42
97.42
97.42
97.42
97.42
97.42
97.42
97.42
97.42
97.48
97.48
97.48
97.48
97.48
97.48
97.48
95.08
95.08
95.08
95.08
95.08
95.08
95.08
95.08
95.08
92.12
92.12
92.12
92.12
92.12
92.12
92.12
92.12
92.12
83.19
83.19
83.19
83.19
83.19
83.19
83.19
83.19
83.19
69.60
69.60
69.60
69.60
69.60
69.60
69.60
69.60
69.60
65.93
65.93
65.93
65.93
65.93
65.93
65.93
65.93
65.93
59.26
59.26
59.26
59.26
59.26
59.26
59.26
59.26
59.26
51.63
51.63
51.63
51.63
51.63
51.63
51.63
53.30
53.30
53.30
53.30
53.30
53.30
53.30
53.30
53.30
58.45
58.45
58.45
58.45
60.17
60.17
60.17
60.17
60.17
60.17
60.17
60.17
68.95
68.95
68.95
68.95
68.95
68.95
68.95
68.95
68.95
77.31
77.31
77.31
77.31
77.31
77.31
77.31
77.31
87.18
87.18
87.18
87.18
87.18
87.18
87.18
94.15
94.15
94.15
94.15
94.15
94.15
94.15
94.15
96.01
96.01
96.01
96.01
96.01
96.01
96.01
96.01
96.01
96.01
96.01
97.15
97.15
97.15
97.15
97.15
97.15
97.15
97.15
97.15
97.15
97.15
98.20
98.20
98.20
98.20
98.20
98.20
98.20
98.49
98.49
98.49
98.49
98.49
98.49
98.49
98.47
98.47
98.47
98.47
98.47
98.47
98.47
98.47
98.47
98.51
98.51
98.51
98.51
98.51
98.51
98.51
98.51
98.51
98.51
98.51
