98.12
98.12
98.12
98.12
98.12
98.12
98.12
98.12
98.12
98.38
98.38
98.38
98.38
98.38
98.38
98.38
98.38
97.38
97.38
97.38
97.38
97.38
97.38
97.38
97.38
97.38
97.38
97.38
98.62
98.62
98.62
98.62
98.62
98.62
98.62
98.62
98.62
98.62
98.62
98.62
98.69
98.69
98.69
98.69
98.69
98.69
98.69
98.44
98.44
98.44
98.44
98.44
98.44
98.44
98.44
98.38
98.38
98.38
98.38
98.38
98.38
98.38
98.38
98.38
98.38
98.38
98.31
98.31
98.31
98.31
98.38
98.38
98.38
98.38
98.38
98.38
98.38
98.38
98.38
98.38
98.38
98.38
98.38
98.38
98.06
98.06
98.06
98.06
98.06
98.06
98.06
98.19
98.19
98.19
98.19
98.19
98.19
98.19
98.19
98.19
97.50
97.50
97.50
97.50
97.50
97.50
97.50
97.50
97.50
97.50
97.50
97.06
97.06
97.06
97.06
97.06
97.06
97.06
97.06
97.06
96.19
96.19
96.19
96.19
96.19
96.19
96.19
96.19
96.19
96.19
96.19
96.19
95.00
95.00
95.00
95.00
95.00
95.00
95.00
95.00
95.00
95.88
95.88
95.88
95.88
95.88
95.88
95.88
95.88
96.62
96.62
96.62
96.62
96.62
96.62
96.62
96.62
96.44
96.44
96.44
96.44
97.75
97.75
97.75
97.75
97.75
98.12
98.12
98.12
98.12
98.12
98.12
98.12
98.44
98.44
98.44
98.44
98.44
98.44
98.44
98.44
98.38
98.38
98.38
98.38
98.38
98.38
98.38
98.38
98.62
98.62
98.62
98.62
98.62
98.62
98.62
98.62
98.62
98.69
98.69
98.69
98.69
98.69
98.62
98.62
98.62
98.62
98.44
98.44
98.44
98.44
98.25
98.25
98.25
98.25
98.25
98.25
98.12
98.12
98.12
98.12
98.12
98.25
98.25
98.25
98.25
98.25
98.25
98.25
98.25
98.25
98.25
98.25
97.62
97.62
97.62
97.62
97.62
97.62
97.62
97.62
97.62
97.31
97.31
97.31
97.31
97.31
97.31
97.31
96.69
96.69
96.69
96.69
96.69
96.69
96.69
94.94
94.94
94.94
94.94
96.06
96.06
96.06
96.06
96.06
96.06
96.06
95.50
95.50
95.50
95.50
95.50
95.50
95.50
95.50
95.50
95.50
95.50
95.62
95.62
95.62
95.62
95.62
95.62
95.62
95.62
95.62
95.62
94.75
94.75
94.75
94.75
94.75
94.75
94.75
94.75
94.75
94.75
94.75
