97.69
97.69
97.69
97.69
97.69
97.69
97.69
97.81
97.81
97.81
97.81
97.81
97.81
97.81
97.81
98.31
98.31
98.31
98.31
98.31
98.31
98.31
98.31
98.31
98.31
98.31
98.31
98.31
98.31
97.56
97.56
97.56
97.56
97.56
97.56
97.56
97.56
97.56
97.56
96.94
96.94
96.94
96.94
96.94
96.94
96.94
96.94
96.56
96.56
96.56
96.56
96.56
96.56
96.56
96.19
96.19
96.19
96.19
96.56
96.56
96.56
96.56
97.19
97.19
97.19
97.19
97.19
97.19
97.19
97.06
97.06
97.06
97.06
97.06
97.88
97.88
97.88
97.88
97.88
97.88
97.88
97.88
97.88
97.75
97.75
97.75
97.75
97.75
97.75
97.75
97.75
97.75
97.75
97.75
97.75
97.75
97.75
97.88
97.88
97.88
97.88
97.88
97.06
97.06
97.06
97.06
97.06
97.06
97.06
97.06
97.06
97.06
96.38
96.38
96.38
96.38
96.38
96.38
96.38
96.62
96.62
96.62
96.62
96.62
96.62
96.62
96.62
97.44
97.44
97.44
97.44
97.44
97.44
97.44
95.44
95.44
95.44
95.44
95.44
95.44
95.44
95.44
95.44
95.56
95.56
95.56
95.56
95.56
96.00
96.00
96.00
96.00
96.00
96.00
96.00
96.00
96.00
96.00
96.00
96.69
96.69
96.69
96.69
96.69
96.69
96.69
97.62
97.62
97.62
97.62
97.62
97.62
97.62
97.62
97.62
97.81
97.81
97.81
97.81
97.81
97.81
97.81
97.81
97.25
97.25
97.25
97.25
97.25
97.25
97.25
97.25
97.25
97.25
94.12
94.12
94.12
94.12
94.12
94.12
94.12
95.31
95.31
95.31
95.31
95.31
95.31
95.31
95.31
95.31
97.81
97.81
97.81
97.81
97.81
97.81
97.81
98.12
98.12
98.12
98.12
98.12
98.12
98.12
97.94
97.94
97.94
97.94
97.94
97.94
97.94
97.81
97.81
97.81
97.81
97.81
97.81
97.81
97.81
97.81
97.81
97.81
97.06
97.06
97.06
97.06
97.06
97.06
97.06
97.06
97.00
97.00
97.00
97.00
97.00
97.00
97.00
97.00
97.00
97.00
97.00
96.94
96.94
96.94
96.94
96.94
96.94
96.94
96.00
96.00
96.00
96.00
96.00
96.00
96.00
96.00
96.00
96.00
96.00
96.00
96.00
96.00
94.31
94.31
94.31
94.31
94.31
94.31
94.31
94.31
92.69
92.69
92.69
92.69
95.50
95.50
95.50
95.50
95.50
95.50
95.50
95.50
96.31
96.31
96.31
96.31
96.31
96.31
96.31
96.31
96.31
96.31
96.31
98.06
98.06
98.06
98.06
98.06
98.06
98.06
97.81
97.81
97.81
97.81
97.81
97.81
97.81
97.81
97.81
