93.94
93.94
93.94
93.94
93.94
93.94
93.94
93.94
93.44
93.44
93.44
93.44
93.44
93.44
93.44
92.56
92.56
92.56
92.56
92.56
92.56
92.56
92.56
92.56
95.25
95.25
95.25
95.25
95.25
95.25
95.25
95.19
95.19
95.19
95.19
95.19
92.38
92.38
92.38
92.38
92.38
92.38
95.00
95.00
95.00
95.00
95.00
95.00
95.00
95.00
95.81
95.81
95.81
95.81
95.81
95.81
95.81
98.00
98.00
98.00
98.00
98.00
98.00
98.00
97.75
97.75
97.75
97.75
97.75
97.75
97.75
97.75
97.38
97.38
97.38
97.38
97.38
95.69
95.69
95.69
95.69
95.69
95.69
95.69
95.69
92.00
92.00
92.00
92.00
92.00
92.00
88.19
88.19
88.19
88.19
86.94
86.94
86.94
86.94
86.94
86.94
86.94
86.94
86.94
86.94
86.94
85.44
85.44
85.44
85.44
85.44
91.38
91.38
91.38
91.38
91.38
91.38
91.38
89.75
89.75
89.75
89.75
89.75
93.00
93.00
93.00
93.00
93.00
93.00
93.00
93.00
93.00
94.00
94.00
94.00
94.00
94.00
94.00
94.00
94.00
94.00
92.25
92.25
92.25
92.25
92.25
92.25
92.25
92.25
92.25
93.31
93.31
93.31
93.31
93.31
95.56
95.56
95.56
95.56
95.56
95.56
95.56
95.56
95.56
96.38
96.38
96.38
96.38
96.38
96.38
96.38
96.38
95.19
95.19
95.19
95.19
95.19
95.19
95.19
95.19
95.56
95.56
95.56
95.56
95.56
95.56
95.56
95.56
95.94
95.94
95.94
95.94
95.94
95.94
95.94
95.94
96.12
96.12
96.12
96.12
97.38
97.38
97.38
97.38
97.38
97.38
97.38
97.38
97.38
97.38
97.38
96.00
96.00
96.00
96.00
96.00
96.00
96.00
96.00
95.38
95.38
95.38
95.38
95.38
95.38
95.38
95.38
93.62
93.62
93.62
93.62
93.62
93.62
93.62
93.62
93.62
93.62
93.62
92.62
92.62
92.62
92.62
92.62
92.62
92.62
92.62
91.00
91.00
91.00
91.00
91.00
88.75
88.75
88.75
88.75
88.75
88.75
88.75
88.75
88.75
88.44
88.44
88.44
88.44
88.44
88.44
88.44
86.44
86.44
86.44
86.44
86.44
86.44
86.44
85.94
85.94
85.94
85.94
85.94
85.94
85.94
85.94
82.94
82.94
82.94
82.94
82.94
76.94
76.94
76.94
76.94
76.94
76.94
76.94
76.94
82.19
82.19
82.19
82.19
82.19
82.19
82.19
82.19
82.19
82.19
82.19
87.88
87.88
87.88
87.88
87.88
87.88
87.88
87.88
86.12
86.12
86.12
86.12
86.12
86.12
79.69
79.69
79.69
79.69
79.69
89.19
89.19
89.19
89.19
89.19
89.19
89.19
89.19
89.19
89.19
89.19
90.50
90.50
90.50
90.50
90.50
90.50
90.50
90.50
84.69
84.69
84.69
84.69
84.69
84.69
84.69
84.69
84.69
