98.73
98.73
98.73
98.73
98.73
98.73
98.73
98.59
98.59
98.59
98.59
98.59
98.59
98.59
98.74
98.74
98.74
98.74
98.74
98.74
98.74
98.74
98.74
98.74
98.74
98.63
98.63
98.63
98.63
98.63
98.63
98.63
98.63
98.05
98.05
98.05
98.05
98.05
98.05
98.05
98.05
98.05
97.55
97.55
97.55
97.55
97.55
97.55
97.55
97.55
98.36
98.36
98.36
98.36
98.36
98.36
98.36
97.04
97.04
97.04
97.04
97.04
95.67
95.67
95.67
95.67
95.67
95.67
95.67
95.67
95.67
96.39
96.39
96.39
96.39
97.51
97.51
97.51
97.51
97.51
98.28
98.28
98.28
98.28
98.28
98.28
98.28
98.28
98.63
98.63
98.63
98.63
98.63
98.55
98.55
98.55
98.55
98.55
98.55
98.55
98.55
98.55
98.55
98.55
98.55
98.55
98.55
98.55
98.55
98.55
98.55
98.55
98.55
98.71
98.71
98.71
98.71
98.71
98.71
98.81
98.81
98.81
98.81
98.81
98.81
98.81
98.81
98.61
98.61
98.61
98.61
98.61
98.61
98.61
98.61
98.61
98.53
98.53
98.53
98.53
98.53
98.53
98.53
98.53
98.53
98.53
98.53
98.52
98.52
98.52
98.52
98.52
98.52
98.52
98.52
98.61
98.61
98.61
98.61
98.61
98.27
98.27
98.27
98.27
98.27
98.27
98.27
98.27
98.27
98.27
98.27
98.29
98.29
98.29
98.29
98.29
98.03
98.03
98.03
98.03
98.77
98.77
98.77
98.77
98.77
98.77
98.77
98.77
98.70
98.70
98.70
98.70
98.70
98.70
98.70
98.70
98.70
98.91
98.91
98.91
98.91
98.91
98.91
98.91
98.91
98.94
98.94
98.94
98.94
98.94
98.94
98.94
98.94
98.95
98.95
98.95
98.95
98.95
98.95
98.95
98.95
98.95
98.95
98.95
98.90
98.90
98.90
98.90
98.90
98.90
98.90
98.74
98.74
98.74
98.74
98.74
98.74
98.74
97.52
97.52
97.52
97.52
97.52
97.52
94.01
94.01
94.01
94.01
94.01
94.01
94.01
94.01
94.01
94.01
94.01
95.66
95.66
95.66
95.66
98.37
98.37
98.37
98.37
98.37
98.37
98.37
98.37
98.37
98.37
98.37
98.37
97.07
97.07
97.07
97.07
97.07
97.07
97.07
97.07
98.01
98.01
98.01
98.01
98.01
98.01
98.01
98.01
98.61
98.61
98.61
98.61
98.61
98.61
98.61
98.82
98.82
98.82
98.82
98.82
98.82
98.82
98.51
98.51
98.51
98.51
98.51
98.51
98.51
98.43
98.43
98.43
98.43
98.43
98.43
98.43
98.43
98.43
98.72
98.72
98.72
98.72
98.72
98.72
98.72
