92.18
92.18
92.18
92.18
92.18
92.18
92.18
92.18
92.18
91.90
91.90
91.90
91.90
91.90
91.90
91.90
91.90
91.90
91.90
93.88
93.88
93.88
93.88
93.88
93.88
93.88
93.88
93.88
96.02
96.02
96.02
96.02
96.02
96.02
96.02
96.02
96.80
96.80
96.80
96.80
96.80
96.80
96.80
96.48
96.48
96.48
96.48
96.48
96.48
96.48
96.08
96.08
96.08
96.08
96.08
96.08
97.82
97.82
97.82
97.82
97.82
97.82
97.82
97.82
97.82
97.79
97.79
97.79
97.79
97.79
97.79
97.79
97.79
97.79
97.79
97.79
97.87
97.87
97.87
97.87
97.87
97.87
97.87
97.87
97.87
98.10
98.10
98.10
98.10
98.10
98.10
98.10
98.10
97.52
97.52
97.52
97.52
97.52
97.66
97.66
97.66
97.66
97.66
97.66
97.66
97.66
98.20
98.20
98.20
98.20
98.20
98.20
98.20
98.20
98.20
98.20
98.20
98.20
97.88
97.88
97.88
97.88
97.88
97.88
97.88
97.88
97.01
97.01
97.01
97.01
97.01
97.01
97.01
97.01
97.15
97.15
97.15
97.15
97.15
97.45
97.45
97.45
97.45
97.45
97.45
97.45
97.45
97.45
97.45
96.35
96.35
96.35
96.35
96.35
96.35
96.35
96.77
96.77
96.77
96.77
96.77
96.77
96.77
96.77
96.77
96.77
97.42
97.42
97.42
97.42
97.42
97.42
97.42
97.42
97.42
96.84
96.84
96.84
96.84
96.84
96.66
96.66
96.66
96.66
96.66
96.66
96.66
96.66
96.71
96.71
96.71
96.71
96.71
96.71
96.71
96.71
96.71
97.43
97.43
97.43
97.43
97.43
97.43
97.62
97.62
97.62
97.62
97.62
97.62
97.62
97.90
97.90
97.90
97.90
97.90
97.90
97.90
97.49
97.49
97.49
97.49
97.49
97.49
97.49
97.49
98.08
98.08
98.08
98.08
98.08
98.08
98.08
98.08
98.08
97.86
97.86
97.86
97.86
97.86
97.86
97.86
97.86
97.43
97.43
97.43
97.43
97.43
97.43
97.36
97.36
97.36
97.36
97.36
97.69
97.69
97.69
97.69
97.69
97.69
97.69
97.69
96.93
96.93
96.93
96.93
96.93
95.87
95.87
95.87
95.87
95.87
95.87
95.87
95.87
96.81
96.81
96.81
96.81
96.81
96.81
97.09
97.09
97.09
97.09
97.09
97.09
97.19
97.19
97.19
97.19
97.19
97.19
97.19
97.19
97.32
97.32
97.32
97.32
97.32
97.80
97.80
97.80
97.80
97.80
