97.62
97.62
97.62
97.62
97.62
98.38
98.38
98.38
98.38
98.38
98.38
98.38
98.75
98.75
98.75
98.75
98.75
98.88
98.88
98.88
98.88
98.88
98.88
98.88
98.88
98.75
98.75
98.75
98.75
98.75
98.12
98.12
98.12
98.12
98.12
97.88
97.88
97.88
97.88
97.88
97.88
97.38
97.38
97.38
97.38
97.38
97.38
98.06
98.06
98.06
98.06
98.06
98.06
98.06
98.06
98.38
98.38
98.38
98.38
98.38
98.38
98.38
98.38
98.38
98.44
98.44
98.44
98.44
98.44
98.44
98.44
98.44
98.44
98.44
98.44
98.31
98.31
98.31
98.31
98.31
98.31
98.31
98.31
98.38
98.38
98.38
98.38
98.38
98.75
98.75
98.75
98.75
98.75
98.75
98.75
98.75
98.75
98.75
98.75
98.75
98.75
98.75
98.75
98.31
98.31
98.31
98.31
98.31
98.31
98.31
98.31
98.31
98.31
98.31
98.31
98.31
98.62
98.62
98.62
98.62
98.62
98.62
98.62
98.62
98.19
98.19
98.19
98.19
98.19
98.19
98.19
98.19
98.19
97.44
97.44
97.44
97.44
97.44
97.56
97.56
97.56
97.56
97.56
97.56
97.56
97.56
97.56
97.88
97.88
97.88
97.88
97.88
97.88
97.12
97.12
97.12
97.12
97.12
97.12
97.12
97.38
97.38
97.38
97.38
97.38
97.38
97.38
97.38
97.38
97.06
97.06
97.06
97.06
97.06
95.62
95.62
95.62
95.62
95.62
95.62
95.62
95.62
95.62
95.12
95.12
95.12
95.12
95.12
95.12
95.12
95.12
95.12
95.12
95.12
96.94
96.94
96.94
96.94
96.94
96.94
96.94
96.94
96.12
96.12
96.12
96.12
96.12
96.12
96.12
96.12
96.12
96.12
96.12
96.12
96.12
96.12
96.88
96.88
96.88
96.88
96.88
96.88
96.88
96.88
96.88
96.88
96.88
95.94
95.94
95.94
95.94
95.94
95.94
95.94
95.94
95.94
95.94
95.94
95.94
95.81
95.81
95.81
95.81
95.81
95.81
95.81
96.38
96.38
96.38
96.38
96.38
96.38
96.38
91.50
91.50
91.50
91.50
91.50
91.50
91.50
91.50
91.50
