88.31
88.31
88.31
88.31
88.31
86.94
86.94
86.94
86.94
86.94
86.94
86.94
86.94
86.38
86.38
86.38
86.38
86.38
86.38
72.31
72.31
72.31
72.31
72.31
72.31
64.06
64.06
64.06
64.06
64.06
66.38
66.38
66.38
66.38
73.44
73.44
73.44
73.44
73.44
73.44
73.44
80.50
80.50
80.50
80.50
80.50
80.50
80.50
88.06
88.06
88.06
88.06
88.06
88.06
88.06
88.06
88.06
88.06
88.06
90.25
90.25
90.25
90.25
90.25
90.25
91.94
91.94
91.94
91.94
91.94
91.94
91.94
91.94
90.62
90.62
90.62
90.62
90.62
89.19
89.19
89.19
89.19
89.19
89.19
89.19
91.88
91.88
91.88
91.88
91.88
91.88
91.88
91.69
91.69
91.69
91.69
91.69
91.69
91.69
91.69
91.69
88.88
88.88
88.88
88.88
88.88
88.88
88.88
88.88
88.88
88.06
88.06
88.06
88.06
88.06
88.06
88.06
88.06
91.50
91.50
91.50
91.50
91.50
91.50
91.50
91.50
90.19
90.19
90.19
90.19
90.19
90.19
90.19
90.19
90.19
90.19
86.31
86.31
86.31
86.31
86.31
86.31
86.31
86.31
89.31
89.31
89.31
89.31
89.31
89.31
89.31
89.31
89.31
89.31
89.31
89.31
92.25
92.25
92.25
92.25
92.25
92.25
92.25
92.25
89.88
89.88
89.88
89.88
89.88
89.88
89.88
89.88
89.88
89.94
89.94
89.94
89.94
89.94
89.94
89.94
89.94
90.38
90.38
90.38
90.38
90.38
90.38
90.38
90.38
90.38
90.38
91.75
91.75
91.75
91.75
91.75
91.75
91.44
91.44
91.44
91.44
94.19
94.19
94.19
94.19
94.19
94.19
94.19
94.19
94.19
94.38
94.38
94.38
94.38
94.38
94.38
94.38
94.38
93.69
93.69
93.69
93.69
93.69
93.69
93.69
91.06
91.06
91.06
91.06
91.06
91.06
91.06
91.06
91.06
91.06
91.06
90.25
90.25
90.25
90.25
90.25
90.25
90.25
90.25
91.38
91.38
91.38
91.38
91.38
91.38
91.38
91.38
91.38
90.00
90.00
90.00
90.00
90.00
90.00
90.00
90.00
90.00
90.00
90.00
89.69
89.69
89.69
89.69
89.69
89.69
89.69
89.69
89.69
87.44
87.44
87.44
87.44
87.44
87.44
87.44
87.44
89.12
89.12
89.12
89.12
89.12
89.12
89.12
89.12
