98.75
98.75
98.75
98.75
98.75
98.75
98.75
98.75
98.69
98.69
98.69
98.69
98.69
98.69
98.69
98.69
98.69
98.62
98.62
98.62
98.62
98.62
98.62
98.62
98.44
98.44
98.44
98.44
98.44
97.19
97.19
97.19
97.19
95.94
95.94
95.94
95.94
95.94
95.94
95.94
95.94
95.06
95.06
95.06
95.06
95.06
95.44
95.44
95.44
95.44
95.44
95.44
94.62
94.62
94.62
94.62
97.88
97.88
97.88
97.88
97.88
97.88
97.88
97.88
98.31
98.31
98.31
98.31
98.31
98.31
98.31
98.31
98.31
98.62
98.62
98.62
98.62
98.62
98.62
98.62
98.62
98.62
98.69
98.69
98.69
98.69
98.69
98.69
98.69
98.69
98.50
98.50
98.50
98.50
98.50
98.50
98.50
98.25
98.25
98.25
98.25
98.25
98.25
98.25
98.25
98.25
98.25
98.25
96.81
96.81
96.81
96.81
96.81
96.81
96.81
96.81
96.81
96.81
96.81
96.81
96.81
98.19
98.19
98.19
98.19
98.19
98.19
98.19
97.88
97.88
97.88
97.88
97.88
97.88
98.06
98.06
98.06
98.06
98.06
98.06
98.06
98.06
97.25
97.25
97.25
97.25
97.25
97.25
97.25
97.25
96.06
96.06
96.06
96.06
96.06
98.06
98.06
98.06
98.06
98.06
98.06
98.06
98.44
98.44
98.44
98.44
98.44
98.44
98.44
98.44
98.44
98.62
98.62
98.62
98.62
98.62
98.62
98.62
98.62
98.62
98.62
98.62
98.81
98.81
98.81
98.81
98.81
98.81
98.81
98.75
98.75
98.75
98.75
98.75
98.75
98.75
98.75
98.75
98.75
98.75
98.75
98.75
98.75
98.75
98.75
98.62
98.62
98.62
98.62
98.62
98.62
98.62
98.62
98.62
98.56
98.56
98.56
98.56
98.56
98.56
98.56
98.56
98.06
98.06
98.06
98.06
98.06
98.06
98.06
98.06
98.06
97.50
97.50
97.50
97.50
97.50
97.50
97.50
97.50
97.50
96.75
96.75
96.75
96.75
98.06
98.06
98.06
98.06
98.06
98.06
98.06
98.06
98.06
98.06
98.06
98.44
98.44
98.44
98.44
98.44
98.44
98.44
98.44
98.12
98.12
98.12
98.12
98.12
98.12
98.12
98.31
98.31
98.31
98.31
98.56
98.56
98.56
98.56
98.56
