98.89
98.89
98.89
98.89
98.89
98.89
98.89
98.89
98.88
98.88
98.88
98.88
98.88
98.88
98.88
98.88
98.88
98.88
98.88
98.88
98.88
98.88
98.91
98.91
98.91
98.91
98.91
98.91
98.91
98.91
98.89
98.89
98.89
98.89
98.89
98.89
98.89
98.89
98.89
98.89
98.82
98.82
98.82
98.82
98.82
98.82
98.82
98.82
98.82
98.81
98.81
98.81
98.81
98.81
98.81
98.81
98.81
98.81
98.78
98.78
98.78
98.78
98.78
98.59
98.59
98.59
98.59
98.74
98.74
98.74
98.74
98.74
98.74
98.74
98.74
98.74
98.78
98.78
98.78
98.78
98.78
98.78
98.78
98.83
98.83
98.83
98.83
98.83
98.83
98.83
98.83
98.85
98.85
98.85
98.85
98.85
98.85
98.85
98.85
98.85
98.94
98.94
98.94
98.94
98.94
98.94
98.94
98.91
98.91
98.91
98.91
98.91
98.91
98.91
98.91
98.91
98.91
98.91
98.91
98.91
98.91
98.89
98.89
98.89
98.89
98.89
98.89
98.89
98.89
98.89
98.89
98.40
98.40
98.40
98.40
98.40
98.40
98.40
98.40
98.40
98.40
98.40
