98.03
98.03
98.03
98.03
98.03
98.03
98.03
98.20
98.20
98.20
98.20
98.20
98.20
98.20
98.12
98.12
98.12
98.12
98.12
98.12
98.12
97.81
97.81
97.81
97.81
97.81
97.81
97.81
97.81
97.81
97.86
97.86
97.86
97.86
97.86
97.86
97.86
97.86
97.62
97.62
97.62
97.62
97.62
97.62
97.62
97.62
97.38
97.38
97.38
97.38
97.38
97.38
97.38
97.38
96.45
96.45
96.45
96.45
96.45
96.45
96.45
96.45
95.62
95.62
95.62
95.62
95.62
95.62
95.62
95.62
95.62
95.62
95.62
95.62
96.39
96.39
96.39
96.39
96.39
96.39
96.39
96.39
96.46
96.46
96.46
96.46
96.46
96.46
96.46
96.46
96.76
96.76
96.76
96.76
96.76
96.76
96.76
97.56
97.56
97.56
97.56
97.56
97.56
97.56
97.25
97.25
97.25
97.25
97.25
97.25
97.25
97.25
97.25
97.25
97.92
97.92
97.92
97.92
97.92
97.92
97.92
98.10
98.10
98.10
98.10
98.10
98.10
98.10
98.10
97.33
97.33
97.33
97.33
97.33
97.33
97.33
97.33
97.33
97.65
97.65
97.65
97.65
97.65
97.65
97.65
97.65
97.65
96.73
96.73
96.73
96.73
96.73
96.73
96.73
96.73
96.73
97.82
97.82
97.82
97.82
97.82
97.82
97.82
97.82
98.32
98.32
98.32
98.32
98.32
98.32
98.32
98.32
97.95
97.95
97.95
97.95
97.95
97.95
97.95
97.95
97.95
96.90
96.90
96.90
96.90
96.90
96.90
96.90
96.90
96.90
96.90
96.90
98.28
98.28
98.28
98.28
98.28
98.28
98.28
98.28
98.10
98.10
98.10
98.10
98.10
98.10
98.10
98.10
98.10
96.13
96.13
96.13
96.13
96.13
96.13
96.13
96.13
95.29
95.29
95.29
95.29
97.49
97.49
97.49
97.49
97.49
97.49
97.49
97.49
95.59
95.59
95.59
95.59
95.59
95.59
95.59
95.59
95.59
91.43
91.43
91.43
91.43
91.43
91.43
91.43
91.43
90.48
90.48
90.48
90.48
90.48
90.48
90.48
90.48
89.28
89.28
89.28
89.28
89.28
89.28
89.28
89.28
90.66
90.66
90.66
90.66
90.66
90.66
90.66
90.66
90.66
90.66
90.66
94.16
94.16
94.16
94.16
94.16
94.16
94.16
93.51
93.51
93.51
93.51
93.51
93.51
93.51
93.51
93.51
93.51
93.51
91.03
91.03
91.03
91.03
91.03
91.03
93.68
93.68
93.68
93.68
93.68
93.68
93.68
93.68
93.68
93.68
93.68
95.56
95.56
95.56
95.56
95.56
95.56
95.56
96.75
96.75
96.75
96.75
96.75
96.75
96.75
96.75
96.75
97.21
97.21
97.21
97.21
97.21
97.21
97.21
97.21
97.21
97.21
97.21
97.21
97.21
97.21
98.16
98.16
98.16
98.16
98.16
98.16
98.16
98.16
98.16
