98.43
98.43
98.43
98.43
98.43
98.43
98.43
98.43
98.12
98.12
98.12
98.12
98.12
98.12
98.12
97.36
97.36
97.36
97.36
97.36
97.36
97.36
97.86
97.86
97.86
97.86
97.83
97.83
97.83
97.83
97.83
97.83
97.83
97.83
98.18
98.18
98.18
98.18
98.18
98.18
98.18
98.30
98.30
98.30
98.30
98.30
98.30
98.30
98.30
98.30
98.30
98.64
98.64
98.64
98.64
98.64
98.64
98.64
98.64
98.64
98.82
98.82
98.82
98.82
98.82
98.82
98.82
98.82
98.82
98.84
98.84
98.84
98.84
98.84
98.84
98.84
98.84
98.82
98.82
98.82
98.82
98.82
98.82
98.82
98.71
98.71
98.71
98.71
98.71
98.71
98.71
98.71
98.71
98.77
98.77
98.77
98.77
98.77
98.77
98.77
98.77
98.73
98.73
98.73
98.73
98.73
98.28
98.28
98.28
98.28
98.28
98.28
98.28
98.28
98.28
98.37
98.37
98.37
98.37
98.37
98.37
98.37
98.37
98.12
98.12
98.12
98.12
98.12
98.12
98.12
98.12
98.12
97.25
97.25
97.25
97.25
98.48
98.48
98.48
98.48
98.48
98.48
98.48
98.22
98.22
98.22
98.22
98.22
98.22
98.22
98.22
98.57
98.57
98.57
98.57
98.57
98.57
98.57
98.57
98.86
98.86
98.86
98.86
98.86
98.86
98.86
98.86
98.66
98.66
98.66
98.66
98.66
98.66
98.66
98.66
98.17
98.17
98.17
98.17
98.17
98.17
98.17
98.17
96.02
96.02
96.02
96.02
94.21
94.21
94.21
94.21
94.21
94.21
90.01
90.01
90.01
90.01
90.01
90.01
90.01
90.01
90.01
90.01
85.43
85.43
85.43
85.43
79.05
79.05
79.05
79.05
79.05
79.05
79.05
79.05
79.05
75.39
75.39
75.39
75.39
75.39
75.39
75.39
65.68
65.68
65.68
65.68
65.68
65.68
65.68
65.68
74.45
74.45
74.45
74.45
74.45
74.45
74.45
74.45
73.26
73.26
73.26
73.26
73.26
73.26
73.26
73.26
73.26
77.10
77.10
77.10
77.10
77.10
77.10
77.10
77.10
77.10
78.41
78.41
78.41
78.41
78.41
78.41
78.41
78.41
83.03
83.03
83.03
83.03
83.03
83.03
83.03
83.03
90.26
90.26
90.26
90.26
90.26
90.26
90.26
90.26
92.65
92.65
92.65
92.65
93.81
93.81
93.81
93.81
93.81
93.81
96.42
96.42
96.42
96.42
96.42
96.42
96.42
96.65
96.65
96.65
96.65
96.65
96.65
96.65
