98.71
98.71
98.71
98.71
98.71
98.71
98.71
98.71
98.65
98.65
98.65
98.65
98.65
98.65
98.65
98.65
98.65
98.65
98.65
98.50
98.50
98.50
98.50
98.50
98.50
98.50
98.50
98.54
98.54
98.54
98.54
98.54
98.54
98.54
98.54
98.63
98.63
98.63
98.63
98.63
98.63
98.63
98.63
98.63
98.27
98.27
98.27
98.27
98.27
98.27
98.27
98.27
98.27
98.18
98.18
98.18
98.18
98.18
98.18
98.18
98.18
98.18
97.68
97.68
97.68
97.68
97.68
97.68
97.68
97.68
96.65
96.65
96.65
96.65
96.65
96.65
96.65
96.65
96.93
96.93
96.93
96.93
98.32
98.32
98.32
98.32
98.32
98.32
98.32
98.32
98.32
98.32
98.32
98.32
98.32
98.32
98.32
98.32
98.32
98.32
98.32
98.22
98.22
98.22
98.22
98.22
98.22
98.22
98.46
98.46
98.46
98.46
98.46
98.46
98.62
98.62
98.62
98.62
98.62
98.62
98.62
98.62
98.62
98.74
98.74
98.74
98.74
98.74
98.74
98.74
98.74
98.70
98.70
98.70
98.70
98.70
98.70
98.70
98.70
