97.66
97.66
97.66
97.66
97.66
97.66
97.66
97.66
97.66
97.66
97.66
97.10
97.10
97.10
97.10
97.10
97.10
97.10
97.10
98.52
98.52
98.52
98.52
98.52
98.56
98.56
98.56
98.56
98.56
98.56
98.56
98.56
98.56
98.56
98.56
98.56
98.55
98.55
98.55
98.55
98.55
98.55
98.55
98.56
98.56
98.56
98.56
98.56
98.56
98.56
98.56
98.56
98.56
98.56
98.56
98.56
98.56
97.95
97.95
97.95
97.95
97.95
97.95
97.95
97.61
97.61
97.61
97.61
97.61
97.61
97.61
97.61
95.94
95.94
95.94
95.94
95.94
95.94
95.94
95.94
95.94
95.22
95.22
95.22
95.22
94.24
94.24
94.24
94.24
94.24
94.24
94.24
94.24
94.24
94.24
94.24
96.28
96.28
96.28
96.28
96.28
96.28
96.28
98.20
98.20
98.20
98.20
98.20
98.20
98.20
98.20
98.20
98.20
98.20
98.20
98.20
98.20
97.92
97.92
97.92
97.92
97.92
97.92
97.92
97.92
97.92
97.91
97.91
97.91
97.91
97.91
97.91
97.91
97.63
97.63
97.63
97.63
97.63
97.63
97.63
97.49
97.49
97.49
97.49
97.49
97.49
97.49
97.49
