98.56
98.56
98.56
98.56
98.56
98.56
98.56
98.56
98.56
98.56
98.56
98.62
98.62
98.62
98.62
98.62
98.62
98.62
98.62
98.56
98.56
98.56
98.56
98.56
98.56
98.56
98.56
98.19
98.19
98.19
98.19
98.19
98.19
98.19
98.19
97.81
97.81
97.81
97.81
97.81
97.81
97.81
97.81
97.81
97.81
97.81
96.56
96.56
96.56
96.56
96.56
96.56
96.56
96.31
96.31
96.31
96.31
96.31
96.31
96.31
96.31
96.31
96.31
96.31
95.62
95.62
95.62
95.62
95.62
95.62
95.62
97.12
97.12
97.12
97.12
97.12
97.12
97.12
97.12
97.12
97.12
97.12
97.69
97.69
97.69
97.69
97.69
97.69
97.69
97.69
97.69
98.69
98.69
98.69
98.69
98.69
98.69
98.69
98.69
98.69
98.69
98.81
98.81
98.81
98.81
98.81
98.81
98.81
98.81
98.75
98.75
98.75
98.75
98.75
98.75
98.69
98.69
98.69
98.69
98.69
98.69
98.69
98.69
98.69
98.69
98.69
98.12
98.12
98.12
98.12
97.38
97.38
97.38
97.38
97.38
97.38
97.38
97.38
97.38
97.38
97.38
96.69
96.69
96.69
96.69
97.94
97.94
97.94
97.94
97.94
97.94
97.94
97.94
98.31
98.31
98.31
98.31
98.31
98.31
98.31
98.31
98.31
98.31
98.31
98.31
98.31
98.31
98.31
98.31
98.31
98.31
98.31
98.31
98.31
98.44
98.44
98.44
98.44
98.44
98.44
97.38
97.38
97.38
97.38
97.38
97.38
97.38
97.62
97.62
97.62
97.62
97.88
97.88
97.88
97.88
97.88
97.88
97.88
97.88
97.88
97.88
97.88
97.88
97.88
97.88
97.88
97.88
97.88
97.88
97.88
98.19
98.19
98.19
98.19
98.19
98.19
98.19
98.19
98.44
98.44
98.44
98.44
98.44
98.56
98.56
98.56
98.56
98.56
98.56
98.56
98.56
98.56
98.50
98.50
98.50
98.50
98.50
98.50
98.50
98.50
98.75
98.75
98.75
98.75
98.75
98.75
98.75
98.75
98.75
98.81
98.81
98.81
98.81
98.81
98.81
98.81
98.81
98.75
98.75
98.75
98.75
98.75
98.75
98.75
98.75
98.75
98.75
98.75
98.81
98.81
98.81
98.81
98.81
98.81
98.81
98.81
98.81
98.81
98.81
98.81
98.81
98.81
98.81
98.81
98.69
98.69
98.69
98.69
98.69
98.69
98.69
98.69
98.69
98.69
98.69
98.69
98.69
98.69
98.62
98.62
98.62
98.62
98.62
98.62
98.62
98.62
98.62
98.62
98.62
98.62
98.62
98.62
98.62
98.62
98.62
98.62
98.06
98.06
98.06
98.06
98.06
98.06
98.06
98.06
97.12
97.12
97.12
97.12
97.12
97.12
97.12
97.12
96.44
96.44
96.44
96.44
96.44
96.44
96.44
96.81
96.81
96.81
96.81
96.81
96.81
96.81
96.81
96.81
96.81
96.81
96.50
96.50
96.50
96.50
96.50
96.50
96.50
96.50
96.50
96.50
96.50
94.12
94.12
94.12
94.12
94.12
94.12
93.00
93.00
93.00
93.00
93.00
93.00
93.00
93.00
93.00
93.00
93.00
97.19
97.19
97.19
97.19
97.19
97.19
97.19
97.19
97.44
97.44
97.44
97.44
97.44
97.44
97.44
97.44
97.44
98.38
98.38
98.38
98.38
98.38
98.38
98.38
98.25
98.25
98.25
98.25
98.25
98.25
98.25
98.25
95.44
95.44
95.44
95.44
95.44
