91.25
91.25
91.25
91.25
91.25
91.25
91.25
91.25
91.25
91.25
91.00
91.00
91.00
91.00
91.00
91.00
91.00
91.00
92.50
92.50
92.50
92.50
94.50
94.50
94.50
94.50
96.31
96.31
96.31
96.31
96.31
96.31
96.31
96.31
97.44
97.44
97.44
97.44
97.44
97.44
97.44
97.44
98.00
98.00
98.00
98.00
98.00
98.00
98.00
98.00
98.00
98.19
98.19
98.19
98.19
98.19
98.19
98.19
98.19
98.19
98.38
98.38
98.38
98.38
98.38
98.38
98.38
98.38
98.69
98.69
98.69
98.69
98.69
98.69
98.69
98.69
98.69
98.69
98.69
98.69
98.75
98.75
98.75
98.75
98.75
98.75
98.75
98.75
98.69
98.69
98.69
98.69
98.69
98.69
98.69
98.69
98.69
98.81
98.81
98.81
98.81
98.81
98.81
98.81
98.81
98.81
98.81
98.81
98.81
98.62
98.62
98.62
98.62
98.62
98.62
98.62
98.50
98.50
98.50
98.50
98.50
98.50
98.50
98.50
98.50
98.50
98.50
98.50
98.62
98.62
98.62
98.62
98.62
98.62
98.62
98.62
98.50
98.50
98.50
98.50
98.50
98.50
98.50
98.50
98.12
98.12
98.12
98.12
98.12
98.12
98.12
98.12
98.12
98.31
98.31
98.31
98.31
98.31
98.31
98.31
98.31
98.31
98.31
98.31
98.62
98.62
98.62
98.62
98.62
98.62
98.62
98.75
98.75
98.75
98.75
98.75
98.75
98.75
98.75
98.75
98.75
98.75
98.69
98.69
98.69
98.69
98.69
98.69
98.69
98.75
98.75
98.75
98.75
98.75
98.69
98.69
98.69
98.69
98.69
98.69
98.69
98.69
98.69
98.69
98.69
98.69
98.69
98.69
98.69
98.69
98.62
98.62
98.62
98.62
98.62
98.62
98.62
98.62
98.62
98.62
98.62
98.62
