90.11
90.11
90.11
90.11
88.61
88.61
88.61
88.61
88.61
88.61
88.61
88.61
88.61
88.61
88.61
92.62
92.62
92.62
92.62
92.62
92.62
92.62
92.62
92.62
92.62
92.62
94.34
94.34
94.34
94.34
95.15
95.15
95.15
95.15
95.15
95.15
95.15
95.15
95.15
95.08
95.08
95.08
95.08
95.08
95.08
95.08
95.08
97.29
97.29
97.29
97.29
96.79
96.79
96.79
96.79
96.79
96.79
96.79
97.41
97.41
97.41
97.41
97.41
97.41
97.41
98.42
98.42
98.42
98.42
98.42
98.42
98.42
98.42
98.42
98.41
98.41
98.41
98.41
97.81
97.81
97.81
97.81
97.81
97.81
97.81
97.81
97.81
97.81
97.81
98.26
98.26
98.26
98.26
98.26
98.26
98.26
98.26
98.04
98.04
98.04
98.04
98.04
98.04
98.04
98.04
98.04
98.05
98.05
98.05
98.05
98.05
98.05
98.05
98.05
97.20
97.20
97.20
97.20
97.20
97.20
97.20
97.20
97.14
97.14
97.14
97.14
97.91
97.91
97.91
97.91
97.91
97.91
97.91
97.91
97.91
98.21
98.21
98.21
98.21
98.21
98.21
98.21
98.63
98.63
98.63
98.63
98.63
98.63
98.63
98.63
98.63
98.63
98.63
98.63
98.36
98.36
98.36
98.36
98.36
98.36
98.36
97.57
97.57
97.57
97.57
97.73
97.73
97.73
97.73
97.73
97.60
97.60
97.60
97.60
98.27
98.27
98.27
98.27
98.27
98.27
98.27
97.90
97.90
97.90
97.90
97.90
98.02
98.02
98.02
98.02
98.02
97.95
97.95
97.95
97.95
97.95
97.95
96.90
96.90
96.90
96.90
96.90
97.12
97.12
97.12
97.12
97.12
97.12
97.12
97.12
97.03
97.03
97.03
97.03
97.03
97.03
95.48
95.48
95.48
95.48
95.48
95.48
95.48
95.48
