98.69
98.69
98.69
98.69
98.69
98.69
98.69
98.62
98.62
98.62
98.62
98.62
98.62
98.62
98.62
98.62
98.88
98.88
98.88
98.88
98.88
98.88
98.88
98.88
98.88
98.88
98.88
98.88
98.81
98.81
98.81
98.81
98.81
98.81
98.81
98.81
98.81
98.81
98.81
98.31
98.31
98.31
98.31
98.31
98.31
98.31
98.31
98.31
97.69
97.69
97.69
97.69
97.69
97.69
97.69
96.12
96.12
96.12
96.12
96.12
96.12
96.12
96.12
96.12
96.12
96.12
93.31
93.31
93.31
93.31
93.31
93.31
91.06
91.06
91.06
91.06
91.06
87.69
87.69
87.69
87.69
87.69
87.69
90.69
90.69
90.69
90.69
90.69
90.69
90.69
90.69
90.69
92.12
92.12
92.12
92.12
92.12
92.12
92.12
92.12
93.69
93.69
93.69
93.69
93.69
93.69
93.69
95.38
95.38
95.38
95.38
95.38
95.38
95.38
95.38
95.38
93.19
93.19
93.19
93.19
93.19
93.19
93.19
93.19
93.19
95.75
95.75
95.75
95.75
95.75
95.75
95.75
95.75
97.50
97.50
97.50
97.50
97.50
97.50
97.50
97.50
97.50
97.50
97.50
96.00
96.00
96.00
96.00
96.00
96.19
96.19
96.19
96.19
96.19
96.19
96.19
96.19
96.19
98.19
98.19
98.19
98.19
98.19
98.19
98.19
98.19
97.81
97.81
97.81
97.81
97.88
97.88
97.88
97.88
97.88
97.88
97.88
97.88
98.62
98.62
98.62
98.62
98.62
98.62
98.62
98.62
98.62
98.62
98.62
98.62
98.31
98.31
98.31
98.31
98.31
98.31
98.31
98.31
97.50
97.50
97.50
97.50
97.50
97.50
97.50
97.50
97.50
97.50
97.50
98.12
98.12
98.12
98.12
98.12
98.12
98.12
98.12
97.75
97.75
97.75
97.75
98.69
98.69
98.69
98.69
98.69
98.69
98.69
98.62
98.62
98.62
98.62
98.62
98.62
98.62
98.62
98.81
98.81
98.81
98.81
98.81
98.81
98.81
98.81
98.75
98.75
98.75
98.75
98.88
98.88
98.88
98.88
98.88
98.88
98.88
98.75
98.75
98.75
98.75
98.75
98.75
98.75
98.75
98.56
98.56
98.56
98.56
98.56
98.56
98.56
97.81
97.81
97.81
97.81
97.81
97.81
97.81
97.81
96.56
96.56
96.56
96.56
96.56
96.56
96.56
95.19
95.19
95.19
95.19
95.19
95.19
95.19
95.19
95.19
95.19
95.19
95.19
95.56
95.56
95.56
95.56
95.56
96.25
96.25
96.25
96.25
96.25
96.25
96.25
96.25
96.25
96.25
96.25
97.81
97.81
97.81
97.81
97.81
98.50
98.50
98.50
98.50
98.50
98.50
98.50
98.69
98.69
98.69
98.69
98.69
98.69
98.69
98.69
98.69
98.81
98.81
98.81
98.81
98.81
98.81
98.81
98.75
98.75
98.75
98.75
98.75
98.75
98.75
98.75
98.75
98.75
98.75
98.38
98.38
98.38
98.38
98.38
98.38
98.38
98.38
98.38
98.38
98.38
97.56
97.56
97.56
97.56
97.56
97.56
97.56
95.81
95.81
95.81
95.81
96.38
96.38
96.38
96.38
96.38
96.38
96.38
96.38
96.38
96.69
96.69
96.69
96.69
96.69
96.69
96.69
97.06
97.06
97.06
97.06
97.06
97.06
97.06
98.19
98.19
98.19
98.19
98.19
98.19
98.19
98.19
98.12
98.12
98.12
98.12
98.12
98.12
98.12
98.12
98.12
98.12
98.12
98.12
98.12
98.12
98.12
98.12
98.12
98.12
98.12
96.81
96.81
96.81
96.81
96.81
96.81
96.81
96.81
96.81
