95.60
95.60
95.60
95.60
95.60
95.62
95.62
95.62
95.62
95.62
95.62
95.62
95.62
97.14
97.14
97.14
97.14
97.14
97.14
97.14
97.14
97.14
97.14
97.14
96.97
96.97
96.97
96.97
96.97
96.97
97.28
97.28
97.28
97.28
97.28
97.28
97.28
97.28
97.28
97.28
97.28
97.04
97.04
97.04
97.04
97.04
97.04
97.04
97.04
97.04
97.76
97.76
97.76
97.76
97.76
97.76
97.76
97.76
96.62
96.62
96.62
96.62
96.62
96.67
96.67
96.67
96.67
96.67
96.67
96.67
97.40
97.40
97.40
97.40
97.40
97.40
97.40
97.40
96.68
96.68
96.68
96.68
96.68
96.68
96.68
96.68
94.79
94.79
94.79
94.79
96.05
96.05
96.05
96.05
96.05
94.95
94.95
94.95
94.95
96.10
96.10
96.10
96.10
96.10
96.10
96.10
96.10
95.78
95.78
95.78
95.78
95.78
95.78
95.78
96.35
96.35
96.35
96.35
96.35
96.35
96.35
96.35
96.60
96.60
96.60
96.60
96.60
96.60
96.60
96.60
96.84
96.84
96.84
96.84
96.84
96.84
96.84
96.84
96.84
97.36
97.36
97.36
97.36
97.36
97.40
97.40
97.40
97.40
97.40
97.40
97.40
97.40
97.25
97.25
97.25
97.25
97.25
97.23
97.23
97.23
97.23
97.23
97.23
97.23
97.23
96.77
96.77
96.77
96.77
96.77
96.77
96.77
96.77
96.41
96.41
96.41
96.41
96.41
96.41
96.41
96.41
96.41
94.87
94.87
94.87
94.87
94.87
94.87
94.87
94.87
94.87
94.87
94.87
93.04
93.04
93.04
93.04
93.04
93.04
93.04
93.04
93.04
