93.06
93.06
93.06
93.06
93.06
93.06
93.06
93.06
93.06
93.06
93.06
95.44
95.44
95.44
95.44
95.44
95.44
95.44
95.44
94.12
94.12
94.12
94.12
94.12
94.12
94.12
94.31
94.31
94.31
94.31
94.31
94.31
94.31
94.31
94.31
94.31
96.88
96.88
96.88
96.88
96.88
96.88
96.88
97.69
97.69
97.69
97.69
97.69
97.69
97.69
97.69
96.19
96.19
96.19
96.19
96.19
96.19
96.19
96.19
96.19
97.81
97.81
97.81
97.81
97.81
97.81
97.81
98.50
98.50
98.50
98.50
98.50
98.44
98.44
98.44
98.44
98.44
98.44
98.44
98.44
98.44
98.56
98.56
98.56
98.56
98.56
98.56
98.56
98.69
98.69
98.69
98.69
98.69
98.69
98.75
98.75
98.75
98.75
98.75
98.75
98.75
98.75
98.75
98.75
98.75
98.75
98.75
98.75
98.75
98.75
98.75
98.88
98.88
98.88
98.88
98.88
98.88
98.88
98.88
98.81
98.81
98.81
98.81
98.81
98.81
98.81
98.81
98.81
98.81
98.81
98.81
98.81
98.81
98.81
98.81
98.81
98.81
98.81
98.81
98.81
98.81
98.81
98.81
98.81
98.81
98.81
98.81
98.81
98.75
98.75
98.75
98.75
98.88
98.88
98.88
98.88
98.88
98.88
98.88
98.88
98.88
98.88
98.88
98.88
98.88
98.88
98.88
98.88
98.81
98.81
98.81
98.81
98.81
98.81
98.81
98.81
98.81
98.88
98.88
98.88
98.88
98.88
98.88
98.88
98.88
98.88
98.88
98.88
98.88
98.88
98.88
98.88
98.88
98.88
98.88
98.88
98.88
98.88
98.88
98.88
98.81
98.81
98.81
98.81
98.81
98.81
98.81
98.81
98.81
98.81
98.81
98.81
98.81
98.81
98.69
98.69
98.69
98.69
98.69
98.69
98.69
98.69
98.38
98.38
98.38
98.38
98.38
