90.31
90.31
90.31
90.31
90.31
90.31
90.31
90.31
90.31
90.31
90.31
90.31
88.31
88.31
88.31
88.31
88.31
88.31
88.31
88.31
88.31
88.31
88.31
88.31
82.94
82.94
82.94
82.94
82.94
82.94
82.94
82.94
82.94
82.94
82.94
82.94
84.75
84.75
84.75
84.75
84.75
84.75
84.75
82.44
82.44
82.44
82.44
82.44
82.44
82.44
82.44
82.44
82.44
83.50
83.50
83.50
83.50
79.00
79.00
79.00
79.00
79.00
79.00
79.00
82.00
82.00
82.00
82.00
82.00
82.00
82.00
82.00
82.00
74.56
74.56
74.56
74.56
74.56
74.56
74.56
74.56
74.56
74.56
74.56
74.56
74.44
74.44
74.44
74.44
74.44
74.44
74.44
74.44
74.44
74.56
74.56
74.56
74.56
79.50
79.50
79.50
79.50
79.50
79.50
79.50
79.50
79.50
87.25
87.25
87.25
87.25
87.25
87.25
87.25
92.50
92.50
92.50
92.50
92.50
92.50
92.50
92.50
92.50
92.50
92.50
94.31
94.31
94.31
94.31
94.31
94.31
94.31
95.38
95.38
95.38
95.38
95.38
95.38
95.38
95.38
95.38
95.38
95.38
95.38
95.38
95.38
96.56
96.56
96.56
96.56
96.56
96.56
96.56
96.31
96.31
96.31
96.31
96.31
96.31
96.31
96.31
96.94
96.94
96.94
96.94
96.94
96.94
96.94
96.94
97.00
97.00
97.00
97.00
97.00
97.00
97.00
97.00
97.00
97.44
97.44
97.44
97.44
97.44
97.44
97.19
97.19
97.19
97.19
97.19
97.19
97.19
97.19
97.00
97.00
97.00
97.00
97.00
97.00
97.00
97.00
96.94
96.94
96.94
96.94
96.94
96.94
96.94
96.94
96.94
97.12
97.12
97.12
97.12
97.12
97.12
97.12
97.12
96.44
96.44
96.44
96.44
96.44
96.25
96.25
96.25
96.25
96.25
96.25
96.25
96.25
96.25
96.25
96.25
96.25
96.25
96.25
96.25
96.25
95.44
95.44
95.44
95.44
95.44
95.12
95.12
95.12
95.12
95.12
95.12
95.12
95.12
95.12
94.75
94.75
94.75
94.75
94.75
94.75
94.75
93.88
93.88
93.88
93.88
93.88
93.88
93.88
93.88
