98.06
98.06
98.06
98.06
98.06
98.06
98.06
98.06
97.19
97.19
97.19
97.19
97.19
95.81
95.81
95.81
95.81
95.81
95.81
95.81
97.44
97.44
97.44
97.44
97.44
97.44
97.44
97.44
97.44
97.44
97.44
97.38
97.38
97.38
97.38
97.38
97.38
97.38
98.12
98.12
98.12
98.12
98.12
98.12
98.12
98.06
98.06
98.06
98.06
98.06
98.06
98.06
97.94
97.94
97.94
97.94
97.94
97.94
97.94
97.94
98.75
98.75
98.75
98.75
98.75
98.75
98.75
98.75
98.75
98.75
98.75
98.75
98.88
98.88
98.88
98.88
98.88
98.88
98.88
98.88
98.88
98.88
98.88
98.88
98.88
98.88
98.94
98.94
98.94
98.94
98.94
98.94
98.94
98.94
98.94
98.94
98.94
98.94
98.94
98.94
98.94
98.94
98.94
98.94
98.94
98.94
98.94
98.94
98.94
98.94
98.88
98.88
98.88
98.88
98.88
98.88
98.88
98.75
98.75
98.75
98.75
98.75
98.75
98.75
98.75
98.75
98.25
98.25
98.25
98.25
98.25
98.25
98.25
98.25
98.25
96.44
96.44
96.44
96.44
92.25
92.25
92.25
92.25
92.25
92.25
92.25
92.50
92.50
92.50
92.50
92.50
92.50
92.50
92.50
92.50
88.06
88.06
88.06
88.06
88.06
88.06
92.94
92.94
92.94
92.94
92.94
92.94
92.94
92.94
97.94
97.94
97.94
97.94
97.94
97.94
97.94
98.62
98.62
98.62
98.62
98.62
98.62
98.75
98.75
98.75
98.75
98.75
98.75
98.75
98.75
98.88
98.88
98.88
98.88
98.88
98.88
98.88
98.94
98.94
98.94
98.94
98.94
98.94
98.94
98.94
98.94
98.88
98.88
98.88
98.88
98.88
98.88
98.88
98.88
98.88
98.88
98.88
98.88
98.88
98.88
98.88
98.88
98.88
98.88
98.88
98.88
98.75
98.75
98.75
98.75
98.69
98.69
98.69
98.69
98.69
98.69
98.69
98.62
98.62
98.62
98.62
98.62
98.62
98.62
98.62
98.62
98.62
98.62
