95.13
95.13
95.13
95.13
95.13
95.13
95.13
95.13
98.19
98.19
98.19
98.19
98.19
98.19
98.19
98.19
98.47
98.47
98.47
98.47
98.47
98.47
98.47
98.47
98.47
98.47
98.47
98.53
98.53
98.53
98.53
98.53
98.53
98.53
98.04
98.04
98.04
98.04
98.04
98.04
98.04
98.04
97.39
97.39
97.39
97.39
97.39
97.39
97.39
97.39
96.64
96.64
96.64
96.64
96.64
96.64
96.64
93.96
93.96
93.96
93.96
91.93
91.93
91.93
91.93
91.93
91.93
91.93
91.93
91.53
91.53
91.53
91.53
91.53
91.53
91.53
93.95
93.95
93.95
93.95
93.95
93.95
93.95
93.95
95.37
95.37
95.37
95.37
95.37
96.91
96.91
96.91
96.91
96.91
96.91
96.91
98.06
98.06
98.06
98.06
98.06
98.06
98.06
98.06
98.23
98.23
98.23
98.23
98.31
98.31
98.31
98.31
98.31
98.31
98.31
98.39
98.39
98.39
98.39
98.39
98.39
98.39
98.39
98.39
98.39
98.39
