93.98
93.98
93.98
93.98
93.98
93.98
93.98
94.69
94.69
94.69
94.69
94.69
94.69
94.69
95.61
95.61
95.61
95.61
95.61
95.61
95.61
96.35
96.35
96.35
96.35
96.35
96.35
97.87
97.87
97.87
97.87
97.87
97.87
97.87
97.79
97.79
97.79
97.79
97.79
97.79
97.79
97.79
97.75
97.75
97.75
97.75
97.75
97.75
97.75
97.75
97.60
97.60
97.60
97.60
97.60
97.60
97.60
97.60
97.60
97.70
97.70
97.70
97.70
97.70
97.70
97.70
97.14
97.14
97.14
97.14
97.14
97.14
97.14
96.12
96.12
96.12
96.12
94.81
94.81
94.81
94.81
94.81
94.81
94.81
94.81
94.64
94.64
94.64
94.64
94.64
94.64
94.64
94.64
92.79
92.79
92.79
92.79
93.51
93.51
93.51
93.51
93.51
93.51
95.73
95.73
95.73
95.73
95.73
95.73
95.73
95.73
96.24
96.24
96.24
96.24
96.24
96.24
96.24
96.24
96.28
96.28
96.28
96.28
96.28
96.28
96.28
96.36
96.36
96.36
96.36
96.36
96.36
97.47
97.47
97.47
97.47
97.47
97.18
97.18
97.18
97.18
97.18
97.18
97.18
97.18
96.27
96.27
96.27
96.27
96.27
96.27
96.27
96.27
97.06
97.06
97.06
97.06
97.06
97.56
97.56
97.56
97.56
97.56
97.56
96.06
96.06
96.06
96.06
96.06
96.06
95.57
95.57
95.57
95.57
95.57
96.91
96.91
96.91
96.91
96.91
96.52
96.52
96.52
96.52
96.52
96.52
96.52
96.52
94.95
94.95
94.95
94.95
94.95
94.95
94.95
94.70
94.70
94.70
94.70
94.70
94.70
94.70
94.70
94.70
94.70
94.70
95.15
95.15
95.15
95.15
95.15
93.61
93.61
93.61
93.61
95.57
95.57
95.57
95.57
95.57
95.57
95.57
95.57
