98.89
98.89
98.89
98.89
98.89
98.89
98.89
98.89
98.89
98.89
98.89
98.80
98.80
98.80
98.80
98.80
98.73
98.73
98.73
98.73
98.73
98.73
98.73
98.73
97.31
97.31
97.31
97.31
97.31
97.31
95.77
95.77
95.77
95.77
95.77
95.77
95.77
95.77
97.07
97.07
97.07
97.07
98.39
98.39
98.39
98.39
98.39
98.39
98.39
98.39
98.39
98.65
98.65
98.65
98.65
98.65
98.65
98.65
98.65
98.53
98.53
98.53
98.53
98.53
98.53
98.53
98.53
98.53
98.53
98.02
98.02
98.02
98.02
98.02
98.02
98.02
98.02
98.02
98.02
97.79
97.79
97.79
97.79
97.79
98.47
98.47
98.47
98.47
98.47
98.47
98.47
98.47
96.76
96.76
96.76
96.76
96.76
96.76
96.76
96.76
93.93
93.93
93.93
93.93
93.10
93.10
93.10
93.10
93.10
93.10
93.10
97.36
97.36
97.36
97.36
97.36
97.86
97.86
97.86
97.86
97.86
97.04
97.04
97.04
97.04
97.04
97.04
97.04
97.38
97.38
97.38
97.38
97.38
98.61
98.61
98.61
98.61
98.61
98.61
98.61
98.61
97.52
97.52
97.52
97.52
97.04
97.04
97.04
97.04
97.04
97.04
97.04
97.78
97.78
97.78
97.78
97.78
98.28
98.28
98.28
98.28
98.28
97.11
97.11
97.11
97.11
97.11
96.11
96.11
96.11
96.11
96.11
96.11
96.11
96.11
96.76
96.76
96.76
96.76
96.76
96.76
96.76
