98.72
98.72
98.72
98.72
98.72
98.72
98.72
98.72
98.72
98.72
98.72
98.72
98.82
98.82
98.82
98.82
98.82
98.82
98.86
98.86
98.86
98.86
98.86
98.86
98.86
98.84
98.84
98.84
98.84
98.84
98.84
98.84
98.75
98.75
98.75
98.75
98.75
98.75
98.75
98.44
98.44
98.44
98.44
98.44
98.44
98.44
98.74
98.74
98.74
98.74
98.74
98.74
98.58
98.58
98.58
98.58
98.63
98.63
98.63
98.63
98.63
98.63
98.70
98.70
98.70
98.70
98.70
98.70
98.70
98.91
98.91
98.91
98.91
98.91
98.93
98.93
98.93
98.93
98.93
98.93
98.93
98.93
98.76
98.76
98.76
98.76
98.76
98.76
98.76
98.76
98.90
98.90
98.90
98.90
98.90
98.90
98.90
98.90
98.92
98.92
98.92
98.92
98.92
98.94
98.94
98.94
98.94
98.94
98.94
98.94
98.94
98.79
98.79
98.79
98.79
98.79
98.79
98.79
98.79
98.79
98.83
98.83
98.83
98.83
98.83
98.81
98.81
98.81
98.81
98.81
98.81
98.81
98.81
98.52
98.52
98.52
98.52
98.84
98.84
98.84
98.84
98.84
98.84
98.84
98.84
98.34
98.34
98.34
98.34
98.12
98.12
98.12
98.12
98.12
98.12
98.12
98.12
98.12
98.32
98.32
98.32
98.32
98.84
98.84
98.84
98.84
98.84
98.84
98.84
98.84
98.87
98.87
98.87
98.87
98.87
98.87
98.87
98.87
98.87
98.95
98.95
98.95
98.95
98.95
98.95
98.95
98.95
98.95
98.95
98.95
98.95
98.95
98.95
98.95
98.93
98.93
98.93
98.93
98.93
98.93
98.93
98.79
98.79
98.79
98.79
98.79
98.79
98.79
98.39
98.39
98.39
98.39
98.39
98.39
98.46
98.46
98.46
98.46
98.46
98.46
98.46
98.46
98.43
98.43
98.43
98.43
98.43
98.43
98.43
98.09
98.09
98.09
98.09
98.09
98.09
98.09
98.09
98.09
98.09
98.09
98.09
98.09
98.09
98.17
98.17
98.17
98.17
98.17
98.17
98.17
98.17
98.40
98.40
98.40
98.40
98.40
98.81
98.81
98.81
98.81
98.81
98.81
98.81
98.70
98.70
98.70
98.70
98.70
98.48
98.48
98.48
98.48
98.48
98.48
98.48
98.75
98.75
98.75
98.75
98.75
98.87
98.87
98.87
98.87
98.87
98.87
98.87
98.60
98.60
98.60
98.60
98.60
98.60
98.60
98.60
98.23
98.23
98.23
98.23
98.23
98.23
98.23
98.23
