98.24
98.24
98.24
98.24
98.24
98.37
98.37
98.37
98.37
98.37
98.37
98.37
98.37
98.37
98.37
98.37
98.37
98.29
98.29
98.29
98.29
98.29
98.29
98.29
98.38
98.38
98.38
98.38
98.38
98.38
98.38
98.38
98.38
98.38
98.38
98.38
98.58
98.58
98.58
98.58
98.58
98.58
98.58
98.58
98.50
98.50
98.50
98.50
98.50
98.50
98.50
98.50
98.50
98.50
98.50
98.73
98.73
98.73
98.73
98.73
98.73
98.73
98.73
98.66
98.66
98.66
98.66
98.66
98.66
98.66
98.66
98.66
98.62
98.62
98.62
98.62
98.62
98.62
98.63
98.63
98.63
98.63
98.63
98.63
98.63
98.63
98.82
98.82
98.82
98.82
98.82
98.82
98.82
98.82
98.81
98.81
98.81
98.81
98.81
98.81
98.81
98.81
98.63
98.63
98.63
98.63
98.63
98.62
98.62
98.62
98.62
98.75
98.75
98.75
98.75
98.75
98.75
98.75
98.62
98.62
98.62
98.62
98.62
98.62
98.62
98.62
98.62
98.38
98.38
98.38
98.38
98.38
98.38
98.38
98.38
98.40
98.40
98.40
98.40
98.60
98.60
98.60
98.60
98.60
98.60
98.60
98.60
98.62
98.62
98.62
98.62
98.62
98.62
98.64
98.64
98.64
98.64
98.64
98.64
98.64
98.64
98.64
98.64
98.64
98.72
98.72
98.72
98.72
98.72
98.72
98.72
98.72
98.72
98.73
98.73
98.73
98.73
98.73
98.73
98.73
98.73
98.74
98.74
98.74
98.74
98.74
98.74
98.68
98.68
98.68
98.68
98.68
98.68
98.68
98.68
98.68
98.77
98.77
98.77
98.77
98.77
98.77
98.77
98.77
98.77
98.77
98.77
98.77
98.77
98.77
98.77
98.77
98.76
98.76
98.76
98.76
98.76
98.76
98.76
