98.69
98.69
98.69
98.69
98.69
98.69
98.69
98.69
98.69
98.69
98.69
98.69
98.69
98.69
98.69
98.69
98.69
98.69
98.69
98.19
98.19
98.19
98.19
98.19
98.19
98.19
98.19
98.69
98.69
98.69
98.69
98.69
98.69
98.69
98.81
98.81
98.81
98.81
98.81
98.81
98.81
98.81
98.81
98.81
98.81
98.81
98.81
98.81
98.50
98.50
98.50
98.50
98.50
98.50
98.50
98.50
98.69
98.69
98.69
98.69
98.69
98.81
98.81
98.81
98.81
98.81
98.56
98.56
98.56
98.56
98.56
98.56
98.56
98.56
98.00
98.00
98.00
98.00
98.00
98.56
98.56
98.56
98.56
98.56
98.56
98.56
98.19
98.19
98.19
98.19
98.75
98.75
98.75
98.75
98.75
98.75
98.75
98.75
98.69
98.69
98.69
98.69
98.69
98.69
98.69
98.81
98.81
98.81
98.81
98.81
98.81
98.81
98.81
98.81
98.81
98.81
98.81
98.81
98.81
98.81
98.81
98.81
98.81
98.81
98.81
98.81
98.81
98.81
98.81
98.81
98.81
98.81
98.81
98.81
98.81
98.81
98.81
98.81
98.81
98.81
98.81
98.81
98.81
98.81
98.88
98.88
98.88
98.88
98.88
98.88
98.88
98.88
98.88
98.88
98.88
98.88
98.88
98.88
98.88
98.88
98.88
98.88
98.88
98.88
98.88
98.88
98.88
98.88
98.88
98.62
98.62
98.62
98.62
98.62
98.62
98.62
98.69
98.69
98.69
98.69
98.69
98.69
98.69
98.69
98.81
98.81
98.81
98.81
98.94
98.94
98.94
98.94
98.94
98.94
98.94
98.88
98.88
98.88
98.88
98.88
98.88
98.88
98.88
98.75
98.75
98.75
98.75
98.75
98.75
98.75
98.75
95.81
95.81
95.81
95.81
95.81
95.81
95.81
85.12
85.12
85.12
85.12
85.12
85.12
85.12
83.81
83.81
83.81
83.81
83.81
83.81
83.81
92.25
92.25
92.25
92.25
92.25
92.25
95.38
95.38
95.38
95.38
95.38
95.38
95.38
95.38
97.88
97.88
97.88
97.88
97.88
97.88
97.88
97.88
97.88
98.62
98.62
98.62
98.62
98.62
98.62
98.62
98.69
98.69
98.69
98.69
98.69
98.69
98.69
98.69
98.69
98.69
98.69
98.56
98.56
98.56
98.56
98.56
98.62
98.62
98.62
98.62
98.62
98.62
98.69
98.69
98.69
98.69
98.69
98.69
98.69
98.69
98.69
98.69
98.69
98.75
98.75
98.75
98.75
98.75
98.75
98.75
98.75
98.75
98.75
98.75
98.75
98.75
98.75
98.75
98.75
98.75
98.75
98.81
98.81
98.81
98.81
98.81
98.81
98.81
98.81
98.81
98.81
98.81
98.81
98.81
98.81
98.81
98.81
98.81
98.56
98.56
98.56
98.56
98.56
98.56
98.56
98.56
98.50
98.50
98.50
98.50
98.50
98.50
98.50
98.50
98.50
98.50
98.50
98.50
98.56
98.56
98.56
98.56
98.56
98.56
98.56
98.56
98.56
98.56
98.56
98.38
98.38
98.38
98.38
98.38
98.38
98.38
98.38
98.38
96.44
96.44
96.44
96.44
96.44
96.44
96.44
96.44
97.25
97.25
97.25
97.25
97.25
97.25
97.25
97.25
97.25
97.25
97.25
98.00
98.00
98.00
98.00
98.00
98.00
98.00
98.00
97.38
97.38
97.38
97.38
97.38
97.38
97.38
97.19
97.19
97.19
97.19
97.19
97.19
97.19
97.19
97.19
