88.04
88.04
88.04
88.04
88.04
88.04
88.04
88.04
84.25
84.25
84.25
84.25
84.25
84.25
84.25
84.25
84.25
86.01
86.01
86.01
86.01
86.01
86.01
86.12
86.12
86.12
86.12
86.12
86.12
86.12
87.81
87.81
87.81
87.81
87.81
87.81
86.20
86.20
86.20
86.20
90.65
90.65
90.65
90.65
90.65
90.65
90.65
91.32
91.32
91.32
91.32
91.32
91.32
91.32
93.24
93.24
93.24
93.24
93.24
93.24
93.24
93.24
93.74
93.74
93.74
93.74
93.74
93.74
93.74
93.74
93.74
92.38
92.38
92.38
92.38
92.38
92.38
92.38
92.38
92.38
89.96
89.96
89.96
89.96
89.96
89.96
89.96
90.07
90.07
90.07
90.07
90.07
90.07
90.07
90.07
90.07
90.07
90.07
89.66
89.66
89.66
89.66
89.66
89.66
89.66
89.66
89.66
87.19
87.19
87.19
87.19
87.19
87.19
87.19
87.19
87.19
83.83
83.83
83.83
83.83
83.83
83.83
83.83
83.83
82.15
82.15
82.15
82.15
82.15
82.15
82.15
82.15
82.15
82.15
82.15
82.15
83.46
83.46
83.46
83.46
83.46
79.47
79.47
79.47
79.47
79.47
79.47
79.47
79.47
79.47
71.05
71.05
71.05
71.05
71.05
71.05
71.05
71.05
71.05
71.05
71.05
71.29
71.29
71.29
71.29
71.29
71.29
71.29
71.29
71.29
71.29
71.29
68.19
68.19
68.19
68.19
68.19
68.19
68.19
68.92
68.92
68.92
68.92
68.92
68.92
68.92
68.92
68.92
68.92
67.59
67.59
67.59
67.59
77.22
77.22
77.22
77.22
77.22
77.22
77.22
77.22
83.69
83.69
83.69
83.69
83.69
89.21
89.21
89.21
89.21
89.21
89.21
91.18
91.18
91.18
91.18
91.18
91.18
91.18
89.31
89.31
89.31
89.31
89.31
89.31
89.31
89.31
89.31
89.31
89.31
89.31
91.09
91.09
91.09
91.09
91.09
93.98
93.98
93.98
93.98
93.98
93.98
93.98
93.98
93.98
93.98
93.04
93.04
93.04
93.04
93.04
93.04
93.04
93.04
93.04
93.04
93.04
93.04
91.29
91.29
91.29
91.29
91.29
91.29
91.29
91.29
92.90
92.90
92.90
92.90
92.90
92.90
92.90
92.90
92.90
92.90
92.90
93.01
93.01
93.01
93.01
93.01
93.01
93.01
93.01
91.67
91.67
91.67
91.67
91.67
90.68
90.68
90.68
90.68
90.68
90.68
90.68
90.68
90.68
90.68
90.68
91.34
91.34
91.34
91.34
91.34
91.34
91.34
91.34
85.08
85.08
85.08
85.08
85.08
85.08
85.08
86.16
86.16
86.16
86.16
86.16
86.16
86.16
88.17
88.17
88.17
88.17
88.17
88.17
88.17
88.17
88.17
90.77
90.77
90.77
90.77
90.77
90.77
90.77
92.79
92.79
92.79
92.79
93.32
93.32
93.32
93.32
93.32
93.32
91.83
91.83
91.83
91.83
91.83
91.83
91.83
