97.75
97.75
97.75
97.75
97.75
97.75
97.75
97.75
97.31
97.31
97.31
97.31
97.88
97.88
97.88
97.88
97.88
97.88
97.88
97.88
97.69
97.69
97.69
97.69
97.69
97.69
97.69
96.06
96.06
96.06
96.06
96.06
96.06
96.06
96.06
96.06
96.06
96.06
93.88
93.88
93.88
93.88
93.88
93.88
91.88
91.88
91.88
91.88
91.88
97.00
97.00
97.00
97.00
97.00
97.00
97.00
97.94
97.94
97.94
97.94
97.94
97.94
97.94
97.94
97.69
97.69
97.69
97.69
97.69
97.69
97.69
97.69
97.25
97.25
97.25
97.25
97.25
95.31
95.31
95.31
95.31
95.31
95.31
95.31
95.31
94.31
94.31
94.31
94.31
94.31
94.31
94.31
94.31
94.31
96.31
96.31
96.31
96.31
96.31
96.31
96.31
95.69
95.69
95.69
95.69
95.69
95.69
95.69
95.69
95.69
95.69
95.25
95.25
95.25
95.25
95.25
95.25
95.25
95.25
95.25
94.56
94.56
94.56
94.56
94.56
94.56
94.56
94.56
94.56
92.62
92.62
92.62
92.62
92.62
92.62
92.62
92.62
90.06
90.06
90.06
90.06
90.06
90.06
90.06
92.00
92.00
92.00
92.00
92.00
92.00
92.00
92.00
90.69
90.69
90.69
90.69
90.69
90.69
90.69
89.31
89.31
89.31
89.31
89.31
89.31
89.31
89.31
89.31
