97.77
97.77
97.77
97.77
97.77
97.77
97.77
97.15
97.15
97.15
97.15
97.15
97.15
97.15
97.15
97.15
98.17
98.17
98.17
98.17
98.17
98.17
98.17
98.67
98.67
98.67
98.67
98.67
98.67
98.67
98.67
98.67
98.77
98.77
98.77
98.77
98.77
98.77
98.77
98.77
98.77
98.77
98.77
98.91
98.91
98.91
98.91
98.91
98.91
98.91
98.84
98.84
98.84
98.84
98.84
98.84
98.84
98.84
98.72
98.72
98.72
98.72
98.72
98.72
98.72
97.52
97.52
97.52
97.52
97.52
97.52
97.52
97.52
96.35
96.35
96.35
96.35
96.73
96.73
96.73
96.73
97.72
97.72
97.72
97.72
98.36
98.36
98.36
98.36
98.36
98.36
98.36
98.36
98.46
98.46
98.46
98.46
98.65
98.65
98.65
98.65
98.78
98.78
98.78
98.78
98.78
98.78
98.78
98.68
98.68
98.68
98.68
98.68
98.68
98.68
98.56
98.56
98.56
98.56
98.56
98.56
98.56
98.56
98.56
98.56
98.56
98.75
98.75
98.75
98.75
98.75
98.75
98.75
98.75
98.75
98.76
98.76
98.76
98.76
98.76
98.76
98.76
98.37
98.37
98.37
98.37
98.37
98.37
98.37
98.37
98.02
98.02
98.02
98.02
98.02
98.02
98.02
98.02
98.02
98.36
98.36
98.36
98.36
98.36
98.36
98.36
98.36
98.36
98.36
97.10
97.10
97.10
97.10
97.10
97.10
97.10
97.10
98.49
98.49
98.49
98.49
98.49
98.49
98.49
98.51
98.51
98.51
98.51
98.51
98.51
98.51
98.51
98.68
98.68
98.68
98.68
98.68
98.68
98.68
98.68
98.68
98.75
98.75
98.75
98.75
98.75
98.75
98.75
98.71
98.71
98.71
98.71
98.71
98.71
98.71
98.71
98.63
98.63
98.63
98.63
98.63
98.63
98.63
98.63
