82.49
82.49
82.49
82.49
82.49
82.49
82.49
82.49
72.29
72.29
72.29
72.29
72.29
72.29
72.29
72.29
63.39
63.39
63.39
63.39
63.39
63.39
63.39
63.39
63.39
60.03
60.03
60.03
60.03
60.03
60.03
60.03
60.03
60.03
62.76
62.76
62.76
62.76
62.76
62.76
62.76
62.76
62.76
65.61
65.61
65.61
65.61
65.61
65.61
65.61
65.61
69.59
69.59
69.59
69.59
69.59
69.59
69.59
69.59
77.95
77.95
77.95
77.95
77.95
77.95
77.95
77.95
81.34
81.34
81.34
81.34
81.34
81.34
81.34
81.34
79.28
79.28
79.28
79.28
79.28
79.28
79.28
79.28
81.70
81.70
81.70
81.70
81.70
81.70
81.70
81.70
83.35
83.35
83.35
83.35
83.35
83.35
83.35
83.35
85.31
85.31
85.31
85.31
85.31
85.31
85.31
85.31
85.31
83.10
83.10
83.10
83.10
83.10
83.10
83.10
83.10
83.90
83.90
83.90
83.90
83.90
83.90
83.90
83.90
83.90
85.33
85.33
85.33
85.33
85.33
85.33
85.33
85.33
84.84
84.84
84.84
84.84
84.84
84.84
84.84
84.84
82.72
82.72
82.72
82.72
82.72
82.72
83.17
83.17
83.17
83.17
83.17
83.17
83.17
83.17
83.17
83.94
83.94
83.94
83.94
83.94
81.53
81.53
81.53
81.53
81.53
81.53
81.53
81.53
80.98
80.98
80.98
80.98
80.98
80.98
80.98
80.98
80.98
77.71
77.71
77.71
77.71
77.71
77.71
77.71
77.71
77.71
77.71
77.71
76.14
76.14
76.14
76.14
76.14
76.14
76.14
76.14
70.32
70.32
70.32
70.32
70.32
70.32
70.32
70.32
71.27
71.27
71.27
71.27
71.27
71.27
71.27
71.27
71.27
71.27
71.27
71.27
71.27
71.27
60.33
60.33
60.33
60.33
60.33
60.33
53.42
53.42
53.42
53.42
53.42
53.42
52.83
52.83
52.83
52.83
52.83
52.83
48.62
48.62
48.62
48.62
48.62
48.62
48.62
48.62
55.79
55.79
55.79
55.79
55.50
55.50
55.50
55.50
55.50
55.50
55.50
55.50
55.50
59.74
59.74
59.74
59.74
59.74
59.74
59.74
59.74
67.22
67.22
67.22
67.22
67.22
67.22
67.22
67.22
65.51
65.51
65.51
65.51
65.51
65.51
65.51
69.83
69.83
69.83
69.83
69.83
69.83
69.83
69.83
70.10
70.10
70.10
70.10
70.10
70.10
70.10
70.10
70.10
69.67
69.67
69.67
69.67
69.67
69.67
69.67
72.00
72.00
72.00
72.00
72.00
72.00
73.39
73.39
73.39
73.39
73.39
73.39
73.39
73.39
73.39
72.84
72.84
72.84
72.84
72.84
72.84
72.84
72.84
80.01
80.01
80.01
80.01
80.01
80.01
