40.22
40.22
40.22
40.22
40.22
40.22
40.22
40.22
40.22
47.78
47.78
47.78
47.78
47.78
47.78
47.78
47.78
61.66
61.66
61.66
61.66
61.66
61.66
61.66
61.66
61.66
61.66
61.66
72.50
72.50
72.50
72.50
72.50
72.50
72.50
72.50
72.50
84.12
84.12
84.12
84.12
84.12
88.12
88.12
88.12
88.12
88.12
88.12
88.12
88.12
87.94
87.94
87.94
87.94
87.94
87.94
87.94
87.94
90.75
90.75
90.75
90.75
90.75
90.75
90.75
90.75
90.75
90.88
90.88
90.88
90.88
90.88
90.88
90.88
92.56
92.56
92.56
92.56
92.56
94.94
94.94
94.94
94.94
94.94
94.94
94.94
94.94
94.75
94.75
94.75
94.75
94.75
94.75
94.75
92.94
92.94
92.94
92.94
92.94
92.94
92.94
92.94
92.94
93.44
93.44
93.44
93.44
93.44
93.44
95.50
95.50
95.50
95.50
95.50
95.50
95.50
95.50
95.50
97.38
97.38
97.38
97.38
97.38
97.38
97.38
97.38
97.81
97.81
97.81
97.81
97.81
97.81
97.81
97.88
97.88
97.88
97.88
97.88
97.94
97.94
97.94
97.94
97.94
97.94
98.06
98.06
98.06
98.06
98.06
97.88
97.88
97.88
97.88
97.88
97.88
97.88
97.75
97.75
97.75
97.75
97.75
97.75
96.56
96.56
96.56
96.56
96.56
96.56
96.56
96.56
96.56
96.31
96.31
96.31
96.31
96.31
96.31
96.31
96.31
96.31
91.81
91.81
91.81
91.81
93.12
93.12
93.12
93.12
93.12
93.12
93.12
93.12
93.12
96.62
96.62
96.62
96.62
96.62
96.62
96.62
96.62
98.12
98.12
98.12
98.12
98.12
98.12
98.12
98.12
98.12
98.12
98.12
98.12
97.44
97.44
97.44
97.44
97.44
97.44
97.69
97.69
97.69
97.69
97.69
97.69
97.38
97.38
97.38
97.38
97.38
97.50
97.50
97.50
97.50
97.50
97.50
97.50
97.50
95.31
95.31
95.31
95.31
95.31
95.31
95.31
95.31
92.44
92.44
92.44
92.44
91.44
91.44
91.44
91.44
91.44
91.44
91.44
91.44
92.88
92.88
92.88
92.88
92.88
92.88
92.88
92.88
91.12
91.12
91.12
91.12
91.12
91.12
91.12
91.12
94.81
94.81
94.81
94.81
94.81
94.81
94.81
96.81
96.81
96.81
96.81
96.81
96.81
96.81
96.81
98.31
98.31
98.31
98.31
98.31
98.31
98.31
98.31
98.31
98.31
98.31
98.31
98.31
98.31
98.00
98.00
98.00
98.00
98.00
98.00
98.00
98.00
98.00
98.00
97.81
97.81
97.81
97.81
97.81
97.81
97.81
96.12
96.12
96.12
96.12
96.12
96.12
96.12
96.12
96.12
91.50
91.50
91.50
91.50
91.50
91.50
91.50
91.50
91.50
91.50
91.50
91.50
91.50
91.50
89.81
89.81
89.81
89.81
89.81
89.81
89.81
89.81
84.00
84.00
84.00
84.00
89.06
89.06
89.06
89.06
89.06
89.06
91.12
91.12
91.12
91.12
91.12
91.12
91.12
91.12
93.12
93.12
93.12
93.12
93.12
96.25
96.25
96.25
96.25
96.25
96.25
96.25
96.25
97.88
97.88
97.88
97.88
97.88
97.88
97.88
98.31
98.31
98.31
98.31
98.31
98.31
98.31
98.31
98.31
97.94
97.94
97.94
97.94
97.94
97.94
