87.19
87.19
87.19
87.19
87.19
87.19
87.19
87.19
87.19
86.88
86.88
86.88
86.88
86.88
86.88
86.88
86.88
85.06
85.06
85.06
85.06
85.06
85.06
85.06
85.06
88.56
88.56
88.56
88.56
91.50
91.50
91.50
91.50
91.50
91.50
91.50
91.50
93.12
93.12
93.12
93.12
93.12
93.12
93.12
93.12
93.12
94.31
94.31
94.31
94.31
94.31
94.31
95.25
95.25
95.25
95.25
95.25
95.25
95.25
95.25
95.25
95.25
95.00
95.00
95.00
95.00
95.00
95.00
95.00
95.75
95.75
95.75
95.75
95.75
95.75
95.75
94.19
94.19
94.19
94.19
94.19
94.19
94.19
94.19
93.38
93.38
93.38
93.38
93.38
93.38
93.38
91.00
91.00
91.00
91.00
91.00
91.00
91.00
91.00
87.00
87.00
87.00
87.00
87.00
87.00
87.00
83.56
83.56
83.56
83.56
83.56
83.56
83.56
83.56
83.56
83.56
83.56
83.56
81.62
81.62
81.62
81.62
81.62
81.62
81.62
81.62
81.62
81.62
81.62
79.75
79.75
79.75
79.75
79.75
79.75
79.75
79.75
87.12
87.12
87.12
87.12
87.12
87.12
87.12
87.12
87.12
89.94
89.94
89.94
89.94
89.94
89.94
89.94
89.94
90.75
90.75
90.75
90.75
90.75
90.75
90.75
90.75
92.81
92.81
92.81
92.81
95.00
95.00
95.00
95.00
95.00
95.00
95.00
94.94
94.94
94.94
94.94
94.94
94.94
94.94
94.94
95.62
95.62
95.62
95.62
95.62
95.62
94.62
94.62
94.62
94.62
94.62
94.62
94.62
94.62
94.38
94.38
94.38
94.38
94.38
94.38
94.38
94.38
94.38
93.69
93.69
93.69
93.69
93.69
93.69
93.69
93.69
93.69
93.69
93.69
93.69
93.69
93.69
