98.72
98.72
98.72
98.72
98.72
98.72
98.72
98.72
98.57
98.57
98.57
98.57
98.57
98.57
98.57
98.57
98.35
98.35
98.35
98.35
98.35
98.35
98.35
98.20
98.20
98.20
98.20
98.20
98.20
98.20
98.20
98.20
98.51
98.51
98.51
98.51
98.51
98.51
98.51
98.51
97.63
97.63
97.63
97.63
97.63
97.63
97.63
97.63
97.63
97.63
97.63
96.75
96.75
96.75
96.75
96.75
96.75
96.75
96.75
96.75
97.04
97.04
97.04
97.04
97.04
95.67
95.67
95.67
95.67
95.67
95.67
95.67
94.31
94.31
94.31
94.31
94.31
94.31
94.31
94.31
94.17
94.17
94.17
94.17
94.17
94.17
94.17
94.17
92.98
92.98
92.98
92.98
95.62
95.62
95.62
95.62
95.62
95.62
95.62
95.62
97.21
97.21
97.21
97.21
97.21
97.21
97.21
97.21
97.21
97.21
97.21
97.49
97.49
97.49
97.49
97.49
97.49
97.49
98.12
98.12
98.12
98.12
98.12
98.12
98.12
98.12
97.02
97.02
97.02
97.02
97.02
97.02
97.02
97.02
97.02
97.02
97.02
97.52
97.52
97.52
97.52
97.52
97.52
97.52
97.52
96.08
96.08
96.08
96.08
96.08
96.08
96.08
96.08
95.72
95.72
95.72
95.72
95.72
95.72
95.72
95.72
92.96
92.96
92.96
92.96
92.96
92.96
92.96
92.96
92.96
92.96
92.96
94.28
94.28
94.28
94.28
94.28
94.28
94.28
94.28
94.28
95.47
95.47
95.47
95.47
95.47
95.47
95.47
92.76
92.76
92.76
92.76
92.76
92.76
92.76
92.76
92.46
92.46
92.46
92.46
92.46
92.46
92.46
94.10
94.10
94.10
94.10
95.52
95.52
95.52
95.52
95.52
95.52
95.52
95.52
95.52
95.52
95.52
93.80
93.80
93.80
93.80
93.80
93.80
93.80
93.80
93.80
93.80
93.80
93.62
93.62
93.62
93.62
93.62
93.62
93.62
93.62
93.62
94.55
94.55
94.55
94.55
94.55
94.55
94.37
94.37
94.37
94.37
94.37
94.37
94.37
94.37
93.25
93.25
93.25
93.25
93.25
93.25
93.25
93.25
93.37
93.37
93.37
93.37
93.37
93.37
93.37
93.37
91.17
91.17
91.17
91.17
91.17
91.17
86.17
86.17
86.17
86.17
86.17
86.17
86.17
86.17
86.17
85.46
85.46
85.46
85.46
85.46
85.46
85.46
92.15
92.15
92.15
92.15
92.15
92.15
92.15
92.15
92.15
90.84
90.84
90.84
90.84
90.84
90.84
90.84
90.84
87.31
87.31
87.31
87.31
87.31
87.31
87.31
87.31
87.31
90.42
90.42
90.42
90.42
90.42
90.42
92.17
92.17
92.17
92.17
92.17
92.17
89.65
89.65
89.65
89.65
89.65
89.65
89.65
89.65
88.05
88.05
88.05
88.05
88.05
88.05
91.73
91.73
91.73
91.73
91.73
91.73
91.73
91.73
91.38
91.38
91.38
91.38
91.38
91.38
91.38
91.38
87.69
87.69
87.69
87.69
87.69
87.69
87.69
87.69
87.06
87.06
87.06
87.06
87.06
87.06
87.06
87.06
