98.97
98.97
98.97
98.97
98.97
98.93
98.93
98.93
98.93
98.93
98.93
98.93
98.78
98.78
98.78
98.78
98.71
98.71
98.71
98.71
98.71
98.71
98.71
98.71
98.71
98.84
98.84
98.84
98.84
98.84
98.84
98.84
98.84
98.84
98.84
98.84
98.91
98.91
98.91
98.91
98.91
98.91
98.87
98.87
98.87
98.87
98.87
98.87
98.87
98.87
98.87
98.87
98.87
98.87
98.93
98.93
98.93
98.93
98.93
98.93
98.93
98.90
98.90
98.90
98.90
98.90
98.90
98.90
98.90
98.90
98.90
98.90
98.84
98.84
98.84
98.84
98.84
98.84
98.84
98.84
98.84
98.84
98.84
98.84
98.84
98.84
98.82
98.82
98.82
98.82
98.92
98.92
98.92
98.92
98.92
98.92
98.92
98.92
98.92
98.92
98.92
98.92
98.93
98.93
98.93
98.93
98.93
98.93
98.93
98.93
98.93
98.93
98.93
98.91
98.91
98.91
98.91
98.91
98.91
98.91
98.91
98.91
98.94
98.94
98.94
98.94
98.94
98.94
98.94
98.94
98.92
98.92
98.92
98.92
98.92
98.92
98.92
98.92
98.91
98.91
98.91
98.91
98.91
98.91
98.91
98.91
98.91
98.92
98.92
98.92
98.92
98.92
98.92
98.92
98.92
98.92
98.89
98.89
98.89
98.89
98.89
98.89
98.89
98.89
98.89
98.93
98.93
98.93
98.93
98.93
98.93
98.93
98.93
98.93
98.93
98.93
98.93
98.93
98.93
98.94
98.94
98.94
98.94
98.94
98.97
98.97
98.97
98.97
98.97
98.97
98.97
98.97
98.97
98.97
98.97
98.97
98.96
98.96
98.96
98.96
98.96
98.96
98.96
98.96
98.96
