88.89
88.89
88.89
88.89
88.89
88.89
88.89
88.89
88.89
89.01
89.01
89.01
89.01
89.01
89.01
89.01
89.25
89.25
89.25
89.25
89.25
89.25
89.25
89.25
89.25
89.25
90.39
90.39
90.39
90.39
90.39
90.39
90.39
90.39
90.39
92.73
92.73
92.73
92.73
92.73
92.73
92.73
92.73
92.73
92.73
92.73
92.07
92.07
92.07
92.07
91.97
91.97
91.97
91.97
91.97
90.51
90.51
90.51
90.51
90.51
90.51
90.51
90.51
92.21
92.21
92.21
92.21
93.73
93.73
93.73
93.73
93.73
93.73
93.73
93.73
93.73
94.95
94.95
94.95
94.95
94.95
94.95
94.95
95.03
95.03
95.03
95.03
95.03
96.11
96.11
96.11
96.11
96.11
96.11
96.11
96.11
95.95
95.95
95.95
95.95
95.95
95.95
95.95
95.95
95.95
95.95
95.35
95.35
95.35
95.35
95.35
95.35
95.35
95.35
95.83
95.83
95.83
95.83
95.83
95.78
95.78
95.78
95.78
95.78
94.44
94.44
94.44
94.44
94.44
94.44
94.44
94.44
94.08
94.08
94.08
94.08
94.08
94.08
94.08
94.08
94.08
94.08
94.08
94.08
93.39
93.39
93.39
93.39
93.39
93.39
93.39
93.39
95.30
95.30
95.30
95.30
95.30
95.30
95.30
95.30
94.76
94.76
94.76
94.76
94.76
94.76
94.76
94.76
95.40
95.40
95.40
95.40
95.40
95.40
95.40
95.40
95.40
95.11
95.11
95.11
95.11
95.11
95.76
95.76
95.76
95.76
95.76
95.26
95.26
95.26
95.26
95.26
95.26
95.26
95.26
94.81
94.81
94.81
94.81
94.81
94.81
94.81
94.32
94.32
94.32
94.32
94.32
94.32
94.32
94.32
94.37
94.37
94.37
94.37
94.37
94.37
94.37
94.37
92.58
92.58
92.58
92.58
92.58
92.58
92.58
92.58
92.58
91.86
91.86
91.86
91.86
91.86
91.43
91.43
91.43
91.43
91.43
92.49
92.49
92.49
92.49
92.49
92.49
92.49
92.84
92.84
92.84
92.84
92.84
92.84
92.84
92.84
92.84
93.09
93.09
93.09
93.09
93.09
93.09
93.09
93.09
