91.00
91.00
91.00
91.00
91.00
91.00
91.00
91.62
91.62
91.62
91.62
91.62
91.62
91.62
91.62
91.62
92.75
92.75
92.75
92.75
92.75
92.75
92.75
92.75
92.75
92.75
92.75
96.00
96.00
96.00
96.00
96.00
96.00
96.00
96.00
97.56
97.56
97.56
97.56
97.56
97.56
97.56
97.56
97.56
97.56
97.56
97.81
97.81
97.81
97.81
97.81
97.88
97.88
97.88
97.88
97.88
97.88
97.88
98.69
98.69
98.69
98.69
98.69
98.69
98.69
98.81
98.81
98.81
98.81
98.81
98.81
98.81
98.81
98.75
98.75
98.75
98.75
98.75
98.75
98.75
98.75
98.75
98.75
98.75
98.44
98.44
98.44
98.44
98.44
98.44
98.44
98.44
98.44
98.50
98.50
98.50
98.50
98.50
98.62
98.62
98.62
98.62
98.62
98.62
98.62
98.62
98.62
98.62
98.62
98.56
98.56
98.56
98.56
98.56
98.56
98.56
98.56
98.56
98.56
98.56
98.56
98.06
98.06
98.06
98.06
98.06
98.06
98.06
98.06
97.50
97.50
97.50
97.50
97.50
97.44
97.44
97.44
97.44
98.31
98.31
98.31
98.31
98.31
98.75
98.75
98.75
98.75
98.75
98.75
98.75
98.75
98.75
98.75
98.75
98.88
98.88
98.88
98.88
98.88
98.88
98.88
98.94
98.94
98.94
98.94
98.94
98.88
98.88
98.88
98.88
98.88
98.88
98.88
98.88
98.88
98.88
98.88
98.88
98.88
98.88
98.62
98.62
98.62
98.62
98.62
98.62
98.62
97.38
97.38
97.38
97.38
97.38
92.56
92.56
92.56
92.56
92.56
92.56
92.56
92.56
92.56
93.31
93.31
93.31
93.31
93.31
93.31
93.31
93.31
86.75
86.75
86.75
86.75
86.75
86.75
86.75
86.75
86.75
89.56
89.56
89.56
89.56
89.56
89.56
89.56
89.56
95.88
95.88
95.88
95.88
95.88
95.88
95.88
95.88
95.88
95.88
95.88
92.81
92.81
92.81
92.81
92.81
95.12
95.12
95.12
95.12
95.12
95.12
95.12
95.12
97.12
97.12
97.12
97.12
97.12
97.12
97.12
97.12
96.25
96.25
96.25
96.25
95.88
95.88
95.88
95.88
95.88
95.88
95.88
95.88
95.88
95.62
95.62
95.62
95.62
97.44
97.44
97.44
97.44
97.44
97.44
97.44
97.44
97.38
97.38
97.38
97.38
97.38
97.38
97.38
97.38
97.38
97.38
97.38
97.81
97.81
97.81
97.81
97.81
97.81
97.81
97.81
97.81
97.81
97.81
94.88
94.88
94.88
94.88
94.88
94.88
94.88
94.88
94.06
94.06
94.06
94.06
94.06
94.06
94.06
94.06
94.06
96.19
96.19
96.19
96.19
98.00
98.00
98.00
98.00
98.00
98.00
98.00
98.00
98.00
98.00
98.00
98.69
98.69
98.69
98.69
98.69
