98.69
98.69
98.69
98.69
98.69
98.69
98.69
98.69
98.44
98.44
98.44
98.44
98.44
98.44
98.69
98.69
98.69
98.69
98.69
98.69
98.69
98.69
98.69
98.69
98.69
98.56
98.56
98.56
98.56
98.56
98.56
98.56
98.56
98.00
98.00
98.00
98.00
98.00
98.00
98.00
95.81
95.81
95.81
95.81
95.81
95.81
94.38
94.38
94.38
94.38
94.38
94.38
94.38
94.38
94.38
94.38
94.38
97.06
97.06
97.06
97.06
97.06
97.06
97.06
97.06
95.88
95.88
95.88
95.88
95.88
95.88
95.88
95.88
95.88
97.38
97.38
97.38
97.38
97.38
97.38
97.38
97.38
97.38
97.31
97.31
97.31
97.31
97.31
97.31
97.31
97.31
97.31
98.19
98.19
98.19
98.19
98.19
98.19
98.19
98.19
97.38
97.38
97.38
97.38
97.38
97.38
97.38
97.38
97.38
98.06
98.06
98.06
98.06
98.06
98.44
98.44
98.44
98.44
98.44
98.31
98.31
98.31
98.31
98.31
98.44
98.44
98.44
98.44
98.75
98.75
98.75
98.75
98.75
98.75
98.75
98.88
98.88
98.88
98.88
98.88
98.88
98.88
98.88
98.88
98.88
98.88
98.88
98.88
98.88
98.88
98.88
98.88
98.88
98.88
98.88
98.94
98.94
98.94
98.94
98.94
98.94
98.94
98.94
98.88
98.88
98.88
98.88
98.88
98.88
98.88
98.88
98.75
98.75
98.75
98.75
98.75
98.75
98.75
98.75
97.88
97.88
97.88
97.88
97.88
97.88
97.88
94.56
94.56
94.56
94.56
94.56
94.56
94.56
88.94
88.94
88.94
88.94
88.94
88.94
90.19
90.19
90.19
90.19
90.19
93.75
93.75
93.75
93.75
93.75
93.75
93.75
96.12
96.12
96.12
96.12
96.12
96.12
96.12
96.12
96.12
96.12
95.94
95.94
95.94
95.94
95.94
95.94
95.94
97.19
97.19
97.19
97.19
97.19
97.19
97.19
97.19
96.62
96.62
96.62
96.62
96.62
96.62
96.62
96.62
97.50
97.50
97.50
97.50
97.50
97.50
97.50
98.31
98.31
98.31
98.31
98.31
98.31
98.31
98.31
97.94
97.94
97.94
97.94
97.94
97.94
97.94
97.94
97.94
97.94
97.94
97.62
97.62
97.62
97.62
98.75
98.75
98.75
98.75
98.75
98.75
98.75
98.75
98.81
98.81
98.81
98.81
98.81
98.81
98.81
98.81
98.69
98.69
98.69
98.69
98.69
98.69
98.69
98.69
98.69
98.06
98.06
98.06
98.06
98.06
98.06
98.44
98.44
98.44
98.44
98.44
98.44
98.44
98.44
98.44
98.44
98.69
98.69
98.69
98.69
98.81
98.81
98.81
98.81
98.81
98.81
98.81
98.81
98.81
98.81
98.81
98.81
98.81
98.81
98.81
98.81
98.81
98.88
98.88
98.88
98.88
98.88
98.88
98.88
98.88
98.62
98.62
98.62
98.62
98.62
98.62
98.62
98.62
98.25
98.25
98.25
98.25
98.25
98.25
98.25
94.50
94.50
94.50
94.50
