98.69
98.69
98.69
98.69
98.69
98.69
98.69
98.69
98.56
98.56
98.56
98.56
98.56
98.56
98.56
98.56
98.56
98.06
98.06
98.06
98.06
98.06
98.06
98.06
98.06
97.12
97.12
97.12
97.12
97.12
97.12
97.12
97.12
98.69
98.69
98.69
98.69
98.69
98.69
98.69
98.88
98.88
98.88
98.88
98.88
98.88
98.88
98.88
98.88
98.88
98.88
98.88
98.88
98.88
98.88
98.88
98.88
98.88
98.88
98.88
98.88
98.88
98.88
98.62
98.62
98.62
98.62
98.62
98.62
98.62
98.62
97.38
97.38
97.38
97.38
97.38
97.38
97.38
94.31
94.31
94.31
94.31
94.31
94.31
93.31
93.31
93.31
93.31
93.31
93.31
93.31
93.31
93.31
93.31
93.31
95.25
95.25
95.25
95.25
95.25
95.44
95.44
95.44
95.44
95.44
95.44
95.44
97.19
97.19
97.19
97.19
97.19
98.19
98.19
98.19
98.19
98.19
98.19
98.19
98.19
98.19
98.19
98.19
98.19
98.19
98.19
98.19
97.62
97.62
97.62
97.62
98.25
98.25
98.25
98.25
98.25
98.25
98.25
98.25
98.25
98.62
98.62
98.62
98.62
98.62
98.75
98.75
98.75
98.75
98.75
98.75
98.75
98.75
98.56
98.56
98.56
98.56
98.56
98.56
98.56
98.56
98.50
98.50
98.50
98.50
98.50
98.50
98.50
98.50
98.62
98.62
98.62
98.62
98.62
98.62
98.62
98.62
98.62
98.62
98.62
98.62
98.19
98.19
98.19
98.19
98.19
98.19
98.19
98.19
97.81
97.81
97.81
97.81
97.81
97.81
97.81
97.81
97.81
97.12
97.12
97.12
97.12
97.12
97.12
97.12
97.12
97.12
96.44
96.44
96.44
96.44
97.81
97.81
97.81
97.81
97.81
97.81
97.81
97.81
97.81
98.56
98.56
98.56
98.56
98.56
98.56
98.56
98.31
98.31
98.31
98.31
98.31
98.31
98.31
98.31
98.31
98.31
98.31
98.31
98.50
98.50
98.50
98.50
98.50
98.62
98.62
98.62
98.62
98.62
98.62
98.62
98.62
98.62
98.62
98.62
98.62
