81.25
81.25
81.25
81.25
81.25
81.25
81.25
71.94
71.94
71.94
71.94
71.94
71.94
71.94
71.94
71.94
88.56
88.56
88.56
88.56
88.56
88.56
88.56
88.56
88.56
88.56
88.56
95.12
95.12
95.12
95.12
95.12
95.12
95.12
95.12
95.12
96.12
96.12
96.12
96.12
96.12
96.12
96.12
96.12
96.12
96.12
96.12
96.12
95.44
95.44
95.44
95.44
95.44
95.44
95.44
95.44
95.25
95.25
95.25
95.25
95.25
95.25
95.25
95.25
93.62
93.62
93.62
93.62
93.62
93.62
93.62
90.44
90.44
90.44
90.44
90.44
90.44
90.44
90.44
86.31
86.31
86.31
86.31
86.31
86.31
86.31
86.31
86.31
87.69
87.69
87.69
87.69
87.69
87.69
87.69
87.69
87.69
87.69
87.69
87.69
86.62
86.62
86.62
86.62
89.56
89.56
89.56
89.56
89.56
89.56
89.56
89.56
92.62
92.62
92.62
92.62
92.62
92.62
92.62
93.25
93.25
93.25
93.25
93.25
93.25
93.25
93.25
94.12
94.12
94.12
94.12
96.00
96.00
96.00
96.00
96.00
96.00
96.00
96.00
96.00
96.00
96.00
