96.81
96.81
96.81
96.81
96.81
96.81
96.81
96.81
96.81
97.87
97.87
97.87
97.87
97.87
97.87
97.87
97.87
97.87
98.00
98.00
98.00
98.00
98.00
98.00
98.00
98.00
98.00
98.00
98.00
98.00
97.89
97.89
97.89
97.89
97.89
97.89
97.89
97.60
97.60
97.60
97.60
97.60
97.60
97.60
97.60
97.60
97.60
97.60
98.27
98.27
98.27
98.27
98.27
98.27
98.44
98.44
98.44
98.44
98.44
98.44
98.44
98.41
98.41
98.41
98.41
98.41
98.41
98.41
98.41
98.41
98.41
98.41
98.41
98.37
98.37
98.37
98.37
98.37
98.37
98.37
98.37
98.63
98.63
98.63
98.63
98.63
98.63
98.63
98.63
98.63
98.62
98.62
98.62
98.62
98.62
98.62
98.62
98.62
98.62
98.62
98.62
98.62
98.38
98.38
98.38
98.38
98.38
98.38
98.38
98.38
98.38
98.52
98.52
98.52
98.52
98.52
98.52
98.52
98.52
98.52
98.76
98.76
98.76
98.76
98.76
98.76
98.76
98.76
98.76
98.78
98.78
98.78
98.78
98.78
98.78
98.78
98.78
98.78
98.78
98.78
98.78
98.41
98.41
98.41
98.41
98.41
98.41
98.41
98.41
98.42
98.42
98.42
98.42
98.42
98.42
98.42
98.42
98.42
98.59
98.59
98.59
98.59
98.59
98.59
98.59
98.59
98.11
98.11
98.11
98.11
98.11
98.11
98.11
98.11
96.49
96.49
96.49
96.49
96.49
96.49
97.01
97.01
97.01
97.01
97.01
97.01
97.01
97.01
98.35
98.35
98.35
98.35
98.35
98.35
98.35
98.35
97.97
97.97
97.97
97.97
97.97
97.97
97.97
98.34
98.34
98.34
98.34
98.34
98.34
98.34
98.34
98.34
98.34
98.34
97.74
97.74
97.74
97.74
97.74
97.74
97.74
97.74
97.74
95.68
95.68
95.68
95.68
95.68
95.68
95.63
95.63
95.63
95.63
95.63
95.63
95.63
95.63
95.63
