98.80
98.80
98.80
98.80
98.80
98.80
98.80
98.86
98.86
98.86
98.86
98.86
98.86
98.86
98.82
98.82
98.82
98.82
98.82
98.82
98.82
98.82
98.82
98.82
98.82
98.82
98.68
98.68
98.68
98.68
98.68
98.68
98.68
98.68
98.68
98.68
98.68
98.02
98.02
98.02
98.02
98.34
98.34
98.34
98.34
98.34
98.34
98.69
98.69
98.69
98.69
98.69
98.69
98.69
98.71
98.71
98.71
98.71
98.71
98.71
98.71
98.76
98.76
98.76
98.76
98.76
98.76
98.76
98.62
98.62
98.62
98.62
98.62
98.62
98.62
98.69
98.69
98.69
98.69
98.88
98.88
98.88
98.88
98.88
98.88
98.88
98.88
98.72
98.72
98.72
98.72
98.72
98.72
98.72
98.72
98.72
98.23
98.23
98.23
98.23
98.23
98.23
98.23
98.23
98.23
98.19
98.19
98.19
98.19
98.19
98.19
95.72
95.72
95.72
95.72
96.45
96.45
96.45
96.45
98.50
98.50
98.50
98.50
98.50
98.50
98.50
98.50
98.50
98.50
98.50
98.67
98.67
98.67
98.67
98.67
98.67
98.67
98.77
98.77
98.77
98.77
98.77
98.77
98.77
98.68
98.68
98.68
98.68
98.86
98.86
98.86
98.86
98.86
98.86
98.86
98.83
98.83
98.83
98.83
98.83
98.83
98.83
98.83
98.83
98.72
98.72
98.72
98.72
98.72
98.72
98.72
97.03
97.03
97.03
97.03
97.03
97.26
97.26
97.26
97.26
97.26
97.26
97.26
97.26
98.24
98.24
98.24
98.24
98.72
98.72
98.72
98.72
98.72
98.72
98.72
98.77
98.77
98.77
98.77
98.77
98.77
98.77
98.77
98.58
98.58
98.58
98.58
98.58
98.58
98.58
98.73
98.73
98.73
98.73
98.73
98.62
98.62
98.62
98.62
98.62
98.62
98.62
98.62
98.90
98.90
98.90
98.90
98.90
98.90
98.90
98.90
98.94
98.94
98.94
98.94
98.94
98.94
98.94
98.94
98.94
98.94
98.94
98.94
98.94
98.94
98.93
98.93
98.93
98.93
98.93
98.93
98.91
98.91
98.91
98.91
98.91
98.91
98.86
98.86
98.86
98.86
98.86
98.62
98.62
98.62
98.62
98.59
98.59
98.59
98.59
98.59
98.59
98.59
98.59
98.59
98.59
98.59
98.86
98.86
98.86
98.86
98.86
98.86
98.86
98.86
98.86
98.86
98.86
98.86
98.86
98.86
98.80
98.80
98.80
98.80
98.74
98.74
98.74
98.74
98.74
98.73
98.73
98.73
98.73
98.73
98.73
98.73
98.73
98.73
98.82
98.82
98.82
98.82
98.82
98.82
98.82
98.82
98.74
98.74
98.74
98.74
98.66
98.66
98.66
98.66
98.66
98.75
98.75
98.75
98.75
98.75
98.75
98.75
98.75
98.72
98.72
98.72
98.72
98.72
98.72
98.72
98.72
98.35
98.35
98.35
98.35
98.61
98.61
98.61
98.61
98.61
98.61
98.61
98.61
98.71
98.71
98.71
98.71
98.71
98.84
98.84
98.84
98.84
98.84
98.84
98.84
98.78
98.78
98.78
98.78
98.78
98.78
98.78
