98.41
98.41
98.41
98.41
98.41
98.41
98.41
98.41
98.41
97.78
97.78
97.78
97.78
97.78
97.78
97.78
97.78
97.78
97.78
97.78
97.78
97.99
97.99
97.99
97.99
97.99
97.99
97.99
97.99
97.99
97.99
97.84
97.84
97.84
97.84
97.84
97.84
97.84
97.84
97.84
97.84
97.84
97.84
97.60
97.60
97.60
97.60
97.60
97.60
97.60
97.60
97.60
96.45
96.45
96.45
96.45
96.45
96.45
96.45
96.45
96.45
97.56
97.56
97.56
97.56
97.56
97.56
97.56
97.56
97.56
98.42
98.42
98.42
98.42
98.42
98.51
98.51
98.51
98.51
98.51
98.51
98.51
98.51
98.51
98.63
98.63
98.63
98.63
98.63
98.63
98.63
98.63
98.71
98.71
98.71
98.71
98.71
98.71
98.71
98.71
98.62
98.62
98.62
98.62
98.62
98.62
98.51
98.51
98.51
98.51
98.51
98.51
98.51
98.51
98.58
98.58
98.58
98.58
98.58
98.58
98.58
98.58
98.58
98.60
98.60
98.60
98.60
98.60
98.60
98.60
97.89
97.89
97.89
97.89
97.89
97.89
97.89
97.89
97.89
97.92
97.92
97.92
97.92
97.92
97.92
97.92
98.06
98.06
98.06
98.06
98.06
98.06
98.06
98.06
98.06
96.53
96.53
96.53
96.53
96.53
96.53
96.53
96.53
93.31
93.31
93.31
93.31
93.31
93.31
92.44
92.44
92.44
92.44
92.44
92.44
92.44
92.44
92.44
91.80
91.80
91.80
91.80
91.80
91.80
91.80
91.80
91.80
83.31
83.31
83.31
83.31
83.31
83.31
84.53
84.53
84.53
84.53
84.53
84.53
84.53
84.53
84.53
84.53
84.53
82.13
82.13
82.13
82.13
82.13
82.13
82.13
82.13
82.13
82.13
78.72
78.72
78.72
78.72
78.72
78.72
78.72
82.39
82.39
82.39
82.39
82.39
82.39
82.39
82.39
82.39
82.39
82.39
82.39
82.74
82.74
82.74
82.74
82.74
82.74
87.88
87.88
87.88
87.88
87.88
87.88
87.88
93.03
93.03
93.03
93.03
93.03
93.03
95.42
95.42
95.42
95.42
95.42
95.42
95.42
95.42
96.71
96.71
96.71
96.71
96.71
96.71
96.71
96.29
96.29
96.29
96.29
96.29
96.29
96.29
96.29
96.70
96.70
96.70
96.70
96.70
96.70
96.70
97.83
97.83
97.83
97.83
97.83
97.83
97.83
97.83
97.83
97.83
97.83
98.20
98.20
98.20
98.20
98.20
98.20
98.20
97.31
97.31
97.31
97.31
97.31
97.31
98.04
98.04
98.04
98.04
98.04
98.04
98.04
98.04
98.04
98.04
98.72
98.72
98.72
98.72
98.72
98.72
98.72
98.72
98.72
98.72
98.72
98.72
98.72
98.72
98.48
98.48
98.48
98.48
98.48
98.48
98.48
98.48
98.48
98.22
98.22
98.22
98.22
98.22
98.22
98.22
98.22
98.22
98.58
98.58
98.58
98.58
98.58
98.61
98.61
98.61
98.61
98.61
98.61
98.61
98.61
98.09
98.09
98.09
98.09
98.09
98.09
98.09
98.09
98.09
98.03
98.03
98.03
98.03
98.03
98.03
98.03
98.03
98.03
98.07
98.07
98.07
98.07
98.07
98.07
98.07
96.88
96.88
96.88
96.88
96.88
96.88
96.88
96.88
96.88
