98.88
98.88
98.88
98.88
98.88
98.90
98.90
98.90
98.90
98.90
98.90
98.90
98.90
98.91
98.91
98.91
98.91
98.91
98.91
98.91
98.88
98.88
98.88
98.88
98.88
98.88
98.76
98.76
98.76
98.76
98.76
98.76
98.76
98.76
98.76
98.84
98.84
98.84
98.84
98.84
98.84
98.84
98.84
98.84
98.89
98.89
98.89
98.89
98.89
98.89
98.89
98.89
98.89
98.89
98.89
98.87
98.87
98.87
98.87
98.87
98.87
98.87
98.82
98.82
98.82
98.82
98.82
98.82
98.82
98.82
98.82
98.82
98.82
98.87
98.87
98.87
98.87
98.87
98.87
98.87
98.87
98.87
98.87
98.87
98.87
98.87
98.87
98.90
98.90
98.90
98.90
98.90
98.87
98.87
98.87
98.87
98.87
98.87
98.87
98.87
98.87
98.87
98.87
98.87
98.87
98.87
98.83
98.83
98.83
98.83
98.83
98.83
98.83
98.83
98.83
98.83
98.83
98.81
98.81
98.81
98.81
98.81
98.81
98.81
98.81
98.81
98.87
98.87
98.87
98.87
98.87
98.87
98.87
98.87
98.87
98.87
98.87
98.87
98.84
98.84
98.84
98.84
98.84
98.84
98.84
98.84
98.78
98.78
98.78
98.78
98.78
98.78
98.78
98.78
98.68
98.68
98.68
98.68
98.68
98.68
98.73
98.73
98.73
98.73
98.73
98.73
98.73
98.73
98.40
98.40
98.40
98.40
98.40
98.40
98.40
98.40
97.80
97.80
97.80
97.80
97.80
97.80
97.80
98.55
98.55
98.55
98.55
98.55
98.55
98.55
98.55
98.55
98.75
98.75
98.75
98.75
98.75
98.75
98.75
98.75
98.75
98.75
98.75
98.75
98.75
98.75
98.75
98.75
