97.79
97.79
97.79
97.79
97.79
97.79
97.79
97.79
97.79
97.01
97.01
97.01
97.01
97.01
97.01
97.01
97.01
97.01
97.01
97.01
96.93
96.93
96.93
96.93
98.06
98.06
98.06
98.06
98.06
98.06
98.06
98.06
98.06
98.65
98.65
98.65
98.65
98.65
98.65
98.65
98.65
98.16
98.16
98.16
98.16
98.16
98.16
98.16
98.16
98.04
98.04
98.04
98.04
98.04
98.70
98.70
98.70
98.70
98.70
98.70
98.78
98.78
98.78
98.78
98.78
98.78
98.78
98.78
98.49
98.49
98.49
98.49
98.49
98.49
98.49
98.49
98.49
98.49
98.49
98.44
98.44
98.44
98.44
98.44
98.44
98.44
98.44
98.44
98.44
98.44
98.77
98.77
98.77
98.77
98.77
98.77
98.74
98.74
98.74
98.74
98.74
98.74
98.74
98.74
98.05
98.05
98.05
98.05
98.05
98.05
98.05
98.05
98.05
98.05
98.05
98.05
97.87
97.87
97.87
97.87
97.87
97.87
97.87
97.87
97.87
97.87
96.56
96.56
96.56
96.56
96.56
96.56
96.56
97.61
97.61
97.61
97.61
97.61
97.61
97.61
97.61
97.61
98.37
98.37
98.37
98.37
98.37
98.50
98.50
98.50
98.50
98.50
98.50
98.50
98.50
98.50
98.50
98.44
98.44
98.44
98.44
98.44
98.44
98.44
98.44
98.44
98.44
98.44
98.44
97.85
97.85
97.85
97.85
97.85
97.60
97.60
97.60
97.60
97.60
97.60
97.60
97.60
97.60
97.60
96.28
96.28
96.28
96.28
96.28
96.28
96.28
96.28
96.28
96.28
96.28
97.36
97.36
97.36
97.36
97.36
97.36
97.36
97.36
97.36
97.36
97.36
97.36
97.36
97.36
96.27
96.27
96.27
96.27
96.27
96.27
96.27
96.27
96.27
96.27
96.27
95.77
95.77
95.77
95.77
95.77
95.77
96.59
96.59
96.59
96.59
96.59
96.59
96.59
96.59
98.07
98.07
98.07
98.07
98.07
98.07
98.07
98.07
98.37
98.37
98.37
98.37
98.37
98.37
98.37
98.37
98.64
98.64
98.64
98.64
98.64
98.64
98.64
98.55
98.55
98.55
98.55
98.55
98.55
98.55
98.55
98.75
98.75
98.75
98.75
98.75
98.50
98.50
98.50
98.50
98.50
98.50
98.50
98.50
98.42
98.42
98.42
98.42
98.42
98.42
98.42
98.42
97.89
97.89
97.89
97.89
97.89
97.89
97.89
97.89
98.49
98.49
98.49
98.49
98.49
98.49
98.49
98.76
98.76
98.76
98.76
98.76
98.76
98.76
98.76
98.79
98.79
98.79
98.79
98.79
98.79
98.79
98.79
98.56
98.56
98.56
98.56
98.56
98.56
98.56
98.56
98.56
98.56
97.83
97.83
97.83
97.83
97.10
97.10
97.10
97.10
97.10
97.10
97.10
97.10
97.10
97.10
97.10
