96.25
96.25
96.25
96.25
96.25
96.25
96.25
96.05
96.05
96.05
96.05
97.79
97.79
97.79
97.79
97.79
97.79
97.79
97.79
97.79
97.79
97.79
97.61
97.61
97.61
97.61
97.61
97.61
97.61
97.61
97.61
98.13
98.13
98.13
98.13
98.13
98.13
98.13
98.13
97.37
97.37
97.37
97.37
97.37
97.37
97.37
97.37
97.37
97.37
97.03
97.03
97.03
97.03
97.03
97.03
97.03
97.03
97.03
97.68
97.68
97.68
97.68
97.68
97.68
97.68
97.68
97.68
97.68
97.68
97.81
97.81
97.81
97.81
97.81
97.81
97.81
97.81
97.81
97.81
97.81
97.81
97.81
97.81
97.58
97.58
97.58
97.58
97.58
97.58
97.58
97.58
96.91
96.91
96.91
96.91
96.91
96.91
96.91
96.91
95.12
95.12
95.12
95.12
95.12
95.12
95.12
95.12
94.29
94.29
94.29
94.29
94.29
94.29
94.29
94.29
91.83
91.83
91.83
91.83
91.83
91.83
91.83
91.83
91.83
91.83
91.50
91.50
91.50
91.50
93.82
93.82
93.82
93.82
93.82
93.82
93.82
93.82
93.82
93.82
95.88
95.88
95.88
95.88
95.88
97.83
97.83
97.83
97.83
97.83
98.45
98.45
98.45
98.45
98.45
98.45
98.45
98.30
98.30
98.30
98.30
98.30
98.30
98.30
98.30
98.26
98.26
98.26
98.26
98.26
98.26
98.26
98.26
98.08
98.08
98.08
98.08
98.08
98.08
98.08
98.08
98.20
98.20
98.20
98.20
98.20
98.20
98.20
98.20
98.20
98.20
98.20
98.20
97.74
97.74
97.74
97.74
97.74
97.74
97.74
97.74
97.74
97.86
97.86
97.86
97.86
97.86
97.86
97.86
97.86
97.86
97.86
97.86
97.86
97.86
97.86
96.77
96.77
96.77
96.77
96.77
96.77
96.77
96.77
96.77
95.03
95.03
95.03
95.03
95.03
95.03
95.03
95.03
95.03
95.03
95.03
91.94
91.94
91.94
91.94
91.94
91.94
91.94
91.94
91.94
89.53
89.53
89.53
89.53
92.93
92.93
92.93
92.93
92.93
92.93
92.93
92.93
92.93
92.93
92.93
95.99
95.99
95.99
95.99
95.99
95.99
95.99
95.99
