82.88
82.88
82.88
82.88
82.88
82.88
82.88
82.88
82.88
82.88
82.88
83.10
83.10
83.10
83.10
83.10
83.10
83.10
83.10
83.10
83.10
83.10
81.23
81.23
81.23
81.23
85.58
85.58
85.58
85.58
85.58
85.58
85.58
86.17
86.17
86.17
86.17
91.71
91.71
91.71
91.71
91.71
92.86
92.86
92.86
92.86
92.86
92.86
92.86
92.86
94.61
94.61
94.61
94.61
94.61
94.61
94.61
94.61
94.56
94.56
94.56
94.56
94.56
94.56
94.56
94.56
94.56
94.56
94.56
94.58
94.58
94.58
94.58
94.58
94.58
94.58
94.29
94.29
94.29
94.29
94.29
94.29
94.29
94.29
93.88
93.88
93.88
93.88
93.88
93.88
93.88
93.88
91.29
91.29
91.29
91.29
91.29
91.29
89.48
89.48
89.48
89.48
89.48
89.48
89.48
89.48
89.48
88.94
88.94
88.94
88.94
88.94
88.94
88.94
88.94
89.47
89.47
89.47
89.47
89.47
89.47
89.47
89.47
90.62
90.62
90.62
90.62
90.62
90.62
90.62
90.62
90.62
90.62
90.62
90.62
90.80
90.80
90.80
90.80
90.80
90.80
90.80
90.80
90.26
90.26
90.26
90.26
90.26
90.26
90.26
90.26
90.26
91.21
91.21
91.21
91.21
91.21
91.68
91.68
91.68
91.68
91.68
91.68
91.68
91.68
89.83
89.83
89.83
89.83
89.83
88.47
88.47
88.47
88.47
88.47
88.47
88.47
88.47
88.47
88.47
88.47
91.35
91.35
91.35
91.35
91.35
91.35
91.35
91.35
89.85
89.85
89.85
89.85
89.85
89.85
89.85
89.85
89.85
89.85
87.97
87.97
87.97
87.97
87.97
87.97
87.97
87.97
88.49
88.49
88.49
88.49
88.49
88.49
88.49
89.80
89.80
89.80
89.80
89.80
89.80
89.80
87.49
87.49
87.49
87.49
87.49
87.49
87.49
85.87
85.87
85.87
85.87
85.87
85.87
85.87
85.87
85.87
85.87
85.87
88.35
88.35
88.35
88.35
88.35
88.76
88.76
88.76
88.76
88.76
88.76
88.76
88.76
88.76
88.76
88.76
88.76
86.76
86.76
86.76
86.76
86.76
86.76
86.76
86.76
86.76
86.47
86.47
86.47
86.47
86.47
86.47
86.47
84.32
84.32
84.32
84.32
84.32
84.32
84.32
84.32
86.13
86.13
86.13
86.13
86.13
86.13
86.13
86.69
86.69
86.69
86.69
86.69
86.69
86.69
86.69
89.84
89.84
89.84
89.84
89.84
89.84
89.84
89.84
91.81
91.81
91.81
91.81
91.81
91.81
91.81
91.81
93.93
93.93
93.93
93.93
93.93
93.93
93.93
93.93
93.93
93.93
93.93
95.30
95.30
95.30
95.30
95.30
95.30
95.30
95.30
95.30
95.50
95.50
95.50
95.50
95.50
95.50
95.50
96.38
96.38
96.38
96.38
96.38
96.38
96.38
96.38
96.38
96.38
96.38
95.26
95.26
95.26
95.26
95.26
95.26
95.26
95.26
95.02
95.02
95.02
95.02
95.02
95.02
95.02
95.02
95.02
95.02
92.58
92.58
92.58
92.58
92.58
92.58
92.58
92.58
92.58
92.10
92.10
92.10
92.10
92.10
92.10
92.10
