79.50
79.50
79.50
79.50
79.50
79.50
79.50
79.50
80.62
80.62
80.62
80.62
80.62
80.62
80.62
80.62
80.62
80.62
80.62
78.94
78.94
78.94
78.94
78.94
78.94
78.94
78.94
78.94
78.94
78.94
78.94
82.31
82.31
82.31
82.31
82.31
82.31
82.31
82.31
75.31
75.31
75.31
75.31
75.31
75.31
75.31
84.00
84.00
84.00
84.00
84.00
84.00
84.00
84.00
84.00
84.00
84.00
80.12
80.12
80.12
80.12
80.12
80.12
80.12
80.12
80.12
69.19
69.19
69.19
69.19
69.19
69.19
69.19
69.19
69.19
69.19
69.19
72.94
72.94
72.94
72.94
72.94
72.94
72.94
72.94
55.03
55.03
55.03
55.03
55.03
55.03
55.03
52.53
52.53
52.53
52.53
52.53
52.53
69.75
69.75
69.75
69.75
69.75
69.75
69.75
70.38
70.38
70.38
70.38
70.38
70.38
66.81
66.81
66.81
66.81
66.81
66.81
66.81
66.81
66.81
66.81
66.81
71.19
71.19
71.19
71.19
71.19
71.19
71.19
71.19
71.19
71.19
71.19
77.75
77.75
77.75
77.75
77.75
77.75
77.75
80.00
80.00
80.00
80.00
80.00
80.00
80.00
80.00
80.00
84.38
84.38
84.38
84.38
84.38
84.38
84.38
84.38
87.56
87.56
87.56
87.56
87.56
87.56
87.56
87.56
87.56
87.56
87.56
