89.23
89.23
89.23
89.23
89.23
89.23
89.23
91.72
91.72
91.72
91.72
91.72
91.72
91.72
91.72
97.53
97.53
97.53
97.53
97.53
98.01
98.01
98.01
98.01
98.01
98.01
98.01
98.01
98.70
98.70
98.70
98.70
98.70
98.70
98.70
98.70
98.70
98.70
98.70
98.88
98.88
98.88
98.88
98.88
98.88
98.88
98.76
98.76
98.76
98.76
98.76
98.76
98.76
98.76
98.67
98.67
98.67
98.67
98.67
98.67
98.67
98.67
97.79
97.79
97.79
97.79
97.79
97.79
97.79
97.79
94.61
94.61
94.61
94.61
94.61
94.61
90.65
90.65
90.65
90.65
90.65
91.03
91.03
91.03
91.03
91.03
91.03
91.03
89.93
89.93
89.93
89.93
89.93
89.93
89.93
89.93
89.93
89.93
89.93
92.53
92.53
92.53
92.53
92.53
92.53
93.83
93.83
93.83
93.83
93.83
93.83
93.83
92.43
92.43
92.43
92.43
92.43
92.43
92.43
92.43
92.43
92.48
92.48
92.48
92.48
92.48
92.48
92.48
92.48
94.10
94.10
94.10
94.10
94.10
94.10
94.10
94.10
94.10
94.10
94.10
94.10
93.79
93.79
93.79
93.79
93.79
93.79
93.79
93.79
93.79
93.17
93.17
93.17
93.17
93.17
93.17
93.17
93.17
