90.73
90.73
90.73
90.73
90.73
90.73
90.73
90.73
90.73
88.78
88.78
88.78
88.78
88.78
88.78
88.78
91.07
91.07
91.07
91.07
91.07
91.07
91.07
91.07
90.03
90.03
90.03
90.03
90.03
90.03
90.03
90.03
93.34
93.34
93.34
93.34
93.34
93.34
93.34
93.34
95.41
95.41
95.41
95.41
95.41
94.75
94.75
94.75
94.75
94.75
94.75
94.75
94.75
96.57
96.57
96.57
96.57
96.57
96.58
96.58
96.58
96.58
96.58
96.58
96.58
96.58
96.58
97.59
97.59
97.59
97.59
97.59
97.59
97.59
97.59
97.59
97.59
97.59
97.80
97.80
97.80
97.80
97.80
97.80
97.80
97.80
97.41
97.41
97.41
97.41
97.41
97.41
97.41
97.41
97.41
97.41
97.78
97.78
97.78
97.78
97.78
97.78
97.78
97.78
97.78
97.89
97.89
97.89
97.89
97.89
97.89
97.89
97.89
97.89
98.12
98.12
98.12
98.12
98.12
98.12
98.12
98.12
98.12
98.12
98.12
97.93
97.93
97.93
97.93
97.93
97.93
97.93
97.93
97.93
97.78
97.78
97.78
97.78
97.78
97.78
97.93
97.93
97.93
97.93
97.93
97.93
97.93
97.93
98.37
98.37
98.37
98.37
98.37
98.37
98.27
98.27
98.27
98.27
98.27
98.27
98.31
98.31
98.31
98.31
98.31
98.31
98.31
98.31
98.31
98.52
98.52
98.52
98.52
98.52
98.52
98.52
98.52
98.46
98.46
98.46
98.46
98.46
98.46
98.46
98.46
98.46
98.09
98.09
98.09
98.09
98.09
98.23
98.23
98.23
98.23
98.23
98.24
98.24
98.24
98.24
98.24
98.24
98.24
98.24
97.67
97.67
97.67
97.67
97.67
97.67
97.67
97.67
97.67
97.67
97.67
97.46
97.46
97.46
97.46
97.46
97.46
97.46
97.46
97.46
96.95
96.95
96.95
96.95
96.95
96.95
96.95
96.95
96.44
96.44
96.44
96.44
96.44
96.44
96.44
96.44
95.63
95.63
95.63
95.63
95.63
95.63
95.63
