85.22
85.22
85.22
85.22
85.22
85.22
85.22
85.22
85.22
90.44
90.44
90.44
90.44
90.44
90.44
90.44
90.44
95.38
95.38
95.38
95.38
95.38
95.38
95.38
95.38
95.38
96.76
96.76
96.76
96.76
96.76
96.76
96.76
96.76
97.40
97.40
97.40
97.40
97.40
97.40
97.40
97.40
97.40
97.45
97.45
97.45
97.45
97.45
97.45
97.45
97.38
97.38
97.38
97.38
97.38
97.38
97.38
97.38
97.38
96.62
96.62
96.62
96.62
96.62
96.62
96.62
96.62
94.22
94.22
94.22
94.22
94.22
94.22
94.22
94.22
94.22
94.13
94.13
94.13
94.13
94.13
94.13
94.13
94.13
96.16
96.16
96.16
96.16
96.16
96.16
96.16
96.52
96.52
96.52
96.52
96.52
96.52
96.52
96.46
96.46
96.46
96.46
96.46
96.46
95.44
95.44
95.44
95.44
95.44
94.11
94.11
94.11
94.11
94.11
94.11
94.11
94.11
94.11
94.49
94.49
94.49
94.49
94.49
94.49
94.49
93.14
93.14
93.14
93.14
92.78
92.78
92.78
92.78
92.78
92.78
92.78
92.78
92.88
92.88
92.88
92.88
92.88
92.88
92.88
92.88
92.88
92.88
92.88
94.09
94.09
94.09
94.09
94.09
94.09
94.09
93.31
93.31
93.31
93.31
93.31
94.19
94.19
94.19
94.19
94.19
94.19
94.19
94.19
92.34
92.34
92.34
92.34
92.34
92.34
91.94
91.94
91.94
91.94
91.94
91.94
91.94
91.94
91.94
91.94
91.94
89.41
89.41
89.41
89.41
89.41
89.41
89.41
89.41
89.41
85.42
85.42
85.42
85.42
85.42
85.42
85.42
85.42
83.55
83.55
83.55
83.55
