92.38
92.38
92.38
92.38
92.38
92.38
92.38
93.25
93.25
93.25
93.25
93.25
93.25
93.25
95.00
95.00
95.00
95.00
95.00
95.00
95.00
95.12
95.12
95.12
95.12
95.12
95.12
95.12
95.12
93.19
93.19
93.19
93.19
93.19
93.19
93.19
93.19
92.69
92.69
92.69
92.69
92.69
92.69
92.69
92.69
81.50
81.50
81.50
81.50
81.50
81.50
81.50
74.88
74.88
74.88
74.88
74.88
58.69
58.69
58.69
58.69
58.69
58.69
58.69
58.69
54.31
54.31
54.31
54.31
54.31
54.31
55.38
55.38
55.38
55.38
55.38
55.38
55.38
55.38
58.41
58.41
58.41
58.41
58.41
58.41
58.41
58.50
58.50
58.50
58.50
58.50
58.50
58.50
58.50
58.50
58.97
58.97
58.97
58.97
58.97
58.97
58.97
58.97
58.97
58.97
58.97
58.97
58.28
58.28
58.28
58.28
58.28
58.28
58.28
58.28
58.28
58.28
58.28
62.47
62.47
62.47
62.47
62.47
62.47
62.47
61.84
61.84
61.84
61.84
61.84
61.84
61.84
61.84
61.84
56.81
56.81
56.81
56.81
60.03
60.03
60.03
60.03
60.03
60.03
60.03
60.03
60.84
60.84
60.84
60.84
60.84
60.84
60.84
60.84
59.53
59.53
59.53
59.53
59.53
59.53
59.53
59.53
61.66
61.66
61.66
61.66
63.41
63.41
63.41
63.41
63.41
83.19
83.19
83.19
83.19
83.19
83.19
83.19
83.19
85.69
85.69
85.69
85.69
85.69
85.69
85.69
85.69
87.50
87.50
87.50
87.50
87.50
87.50
87.50
87.50
87.50
87.50
87.50
87.50
89.56
89.56
89.56
89.56
89.56
89.56
89.56
89.56
86.81
86.81
86.81
86.81
86.81
86.81
86.81
87.69
87.69
87.69
87.69
87.69
87.69
87.69
87.69
87.69
89.19
89.19
89.19
89.19
89.19
89.19
89.19
87.94
87.94
87.94
87.94
87.94
87.94
87.94
87.94
87.94
87.94
87.94
88.88
88.88
88.88
88.88
88.88
88.88
88.88
88.88
92.75
92.75
92.75
92.75
92.75
92.75
92.75
92.75
85.75
85.75
85.75
85.75
85.75
85.75
85.75
85.75
85.75
85.75
85.75
90.81
90.81
90.81
90.81
90.81
90.81
90.81
90.81
90.81
95.62
95.62
95.62
95.62
95.62
95.62
95.62
95.62
92.62
92.62
92.62
92.62
92.62
92.62
92.62
92.62
84.50
84.50
84.50
84.50
84.50
92.62
92.62
92.62
92.62
92.62
92.62
92.62
92.62
92.62
92.62
92.62
93.62
93.62
93.62
93.62
93.62
93.62
93.62
87.62
87.62
87.62
87.62
87.62
87.62
87.62
87.62
87.62
87.62
87.62
85.38
85.38
85.38
85.38
85.38
90.00
90.00
90.00
90.00
90.00
90.00
90.00
90.00
87.12
87.12
87.12
87.12
87.12
87.12
87.12
87.12
80.44
80.44
80.44
80.44
80.44
80.44
80.44
80.44
80.44
80.44
80.44
72.12
72.12
72.12
72.12
72.12
72.12
72.12
72.12
72.12
72.12
72.12
64.56
64.56
64.56
64.56
64.56
64.56
64.56
64.56
64.56
55.50
55.50
55.50
55.50
55.50
55.50
