96.56
96.56
96.56
96.56
96.56
96.56
96.56
96.56
96.94
96.94
96.94
96.94
96.94
96.94
96.94
97.25
97.25
97.25
97.25
97.25
97.25
97.25
97.25
95.25
95.25
95.25
95.25
95.25
95.25
95.25
95.25
95.25
96.81
96.81
96.81
96.81
96.81
96.81
96.81
96.81
96.69
96.69
96.69
96.69
96.69
96.69
96.69
97.38
97.38
97.38
97.38
97.38
97.38
97.38
97.38
96.62
96.62
96.62
96.62
96.62
96.62
96.62
96.62
97.06
97.06
97.06
97.06
97.06
97.06
97.06
97.06
96.38
96.38
96.38
96.38
96.38
96.38
96.38
96.38
97.00
97.00
97.00
97.00
97.00
97.00
97.00
97.00
97.00
96.62
96.62
96.62
96.62
97.06
97.06
97.06
97.06
97.06
97.06
97.06
97.50
97.50
97.50
97.50
97.50
97.50
97.50
97.50
95.38
95.38
95.38
95.38
95.38
95.38
95.38
95.38
95.38
93.81
93.81
93.81
93.81
93.81
93.81
93.81
91.38
91.38
91.38
91.38
91.38
91.38
91.38
91.38
91.38
86.19
86.19
86.19
86.19
86.19
86.19
86.19
86.19
86.19
86.19
79.81
79.81
79.81
79.81
79.81
79.81
79.81
76.56
76.56
76.56
76.56
76.56
76.56
