98.84
98.84
98.84
98.84
98.84
98.84
98.84
98.84
98.85
98.85
98.85
98.85
98.85
98.85
98.85
98.85
98.70
98.70
98.70
98.70
98.70
98.70
98.70
98.70
98.46
98.46
98.46
98.46
98.60
98.60
98.60
98.60
98.60
98.60
98.60
98.60
98.60
98.64
98.64
98.64
98.64
98.75
98.75
98.75
98.75
98.75
98.75
98.75
98.78
98.78
98.78
98.78
98.78
98.78
98.78
98.78
98.78
98.78
98.78
98.19
98.19
98.19
98.19
98.19
98.19
98.19
98.19
98.19
98.19
94.07
94.07
94.07
94.07
94.07
94.07
94.07
94.07
86.21
86.21
86.21
86.21
86.21
86.21
86.21
86.21
88.34
88.34
88.34
88.34
95.25
95.25
95.25
95.25
95.25
95.25
95.25
95.25
95.25
98.09
98.09
98.09
98.09
98.09
98.09
98.09
98.09
98.38
98.38
98.38
98.38
98.38
98.38
98.38
98.51
98.51
98.51
98.51
98.51
98.51
98.51
98.78
98.78
98.78
98.78
98.78
98.78
98.78
98.78
98.62
98.62
98.62
98.62
98.62
98.62
98.62
98.62
98.62
98.64
98.64
98.64
98.64
98.64
98.65
98.65
98.65
98.65
98.81
98.81
98.81
98.81
98.81
98.81
98.81
98.81
98.78
98.78
98.78
98.78
98.78
98.78
98.78
98.61
98.61
98.61
98.61
98.61
98.61
98.21
98.21
98.21
98.21
98.21
98.21
98.21
98.21
98.21
98.21
98.21
97.97
97.97
97.97
97.97
97.97
97.97
97.97
97.81
97.81
97.81
97.81
97.81
97.81
97.81
97.81
97.80
97.80
97.80
97.80
97.80
97.80
96.73
96.73
96.73
96.73
96.95
96.95
96.95
96.95
96.95
96.95
96.95
96.95
96.95
97.04
97.04
97.04
97.04
97.04
97.04
98.34
98.34
98.34
98.34
98.34
98.34
98.34
98.34
98.34
98.34
98.55
98.55
98.55
98.55
98.55
98.55
