98.61
98.61
98.61
98.61
98.61
98.61
98.61
98.61
98.61
98.61
98.61
98.61
97.92
97.92
97.92
97.92
97.92
97.92
97.92
97.92
97.92
97.92
95.79
95.79
95.79
95.79
95.79
95.79
95.79
95.79
95.79
95.02
95.02
95.02
95.02
95.02
95.02
95.02
95.02
96.45
96.45
96.45
96.45
96.45
96.45
96.45
96.45
96.45
97.08
97.08
97.08
97.08
97.08
97.08
97.08
97.08
97.08
98.29
98.29
98.29
98.29
98.29
98.69
98.69
98.69
98.69
98.69
98.88
98.88
98.88
98.88
98.88
98.88
98.88
98.88
98.93
98.93
98.93
98.93
98.93
98.93
98.85
98.85
98.85
98.85
98.85
98.85
98.85
98.85
98.85
98.85
98.85
98.83
98.83
98.83
98.83
98.83
98.83
98.75
98.75
98.75
98.75
98.75
98.75
98.56
98.56
98.56
98.56
98.56
98.56
98.56
98.56
98.56
98.29
98.29
98.29
98.29
98.29
98.29
98.29
97.75
97.75
97.75
97.75
97.75
97.75
97.75
97.75
95.32
95.32
95.32
95.32
95.32
95.32
93.87
93.87
93.87
93.87
92.11
92.11
92.11
92.11
92.11
92.11
92.11
92.11
92.11
92.11
92.11
92.88
92.88
92.88
92.88
92.88
92.88
95.25
95.25
95.25
95.25
95.25
95.87
95.87
95.87
95.87
95.87
95.87
95.87
95.87
95.87
95.87
95.87
97.28
97.28
97.28
97.28
97.28
97.28
97.33
97.33
97.33
97.33
97.33
97.33
97.33
97.33
98.36
98.36
98.36
98.36
98.36
98.36
98.36
98.36
98.36
98.28
98.28
98.28
98.28
98.28
98.28
98.28
98.28
97.86
97.86
97.86
97.86
97.86
97.86
97.86
97.86
97.86
97.84
97.84
97.84
97.84
97.84
97.84
97.84
97.84
97.84
97.84
98.42
98.42
98.42
98.42
98.42
98.42
98.42
98.42
98.25
98.25
98.25
98.25
98.25
98.25
98.25
98.25
