95.89
95.89
95.89
95.89
95.89
95.89
95.89
95.89
95.89
95.50
95.50
95.50
95.50
96.73
96.73
96.73
96.73
96.73
96.73
96.73
96.73
97.59
97.59
97.59
97.59
97.59
97.59
97.59
97.59
95.65
95.65
95.65
95.65
95.65
95.65
95.65
95.65
97.93
97.93
97.93
97.93
97.93
97.93
97.93
97.93
98.57
98.57
98.57
98.57
98.57
98.57
98.57
98.87
98.87
98.87
98.87
98.87
98.87
98.87
98.93
98.93
98.93
98.93
98.93
98.93
98.93
98.94
98.94
98.94
98.94
98.94
98.94
98.94
98.94
98.95
98.95
98.95
98.95
98.95
98.95
98.95
98.95
98.94
98.94
98.94
98.94
98.92
98.92
98.92
98.92
98.92
98.92
98.92
98.92
98.90
98.90
98.90
98.90
98.90
98.66
98.66
98.66
98.66
98.66
98.66
98.66
98.66
98.66
98.66
98.66
98.66
97.19
97.19
97.19
97.19
97.19
97.19
97.19
97.19
97.19
98.19
98.19
98.19
98.19
98.70
98.70
98.70
98.70
98.70
98.70
98.70
98.70
98.70
98.85
98.85
98.85
98.85
98.85
