98.42
98.42
98.42
98.42
98.42
97.93
97.93
97.93
97.93
97.93
97.93
97.93
97.93
97.93
97.93
97.93
97.65
97.65
97.65
97.65
97.65
97.65
97.65
97.65
97.65
98.15
98.15
98.15
98.15
98.15
98.15
98.15
98.15
98.15
98.15
98.57
98.57
98.57
98.57
98.57
98.57
98.57
98.57
97.75
97.75
97.75
97.75
98.12
98.12
98.12
98.12
98.12
98.12
98.85
98.85
98.85
98.85
98.85
98.85
98.85
98.85
98.85
98.85
98.85
98.85
98.82
98.82
98.82
98.82
98.96
98.96
98.96
98.96
98.96
98.96
98.96
98.96
98.96
98.96
98.96
98.96
98.96
98.93
98.93
98.93
98.93
98.93
98.93
98.93
98.93
98.92
98.92
98.92
98.92
98.92
98.92
98.92
98.72
98.72
98.72
98.72
98.72
98.72
98.72
98.72
98.72
98.72
98.72
98.73
98.73
98.73
98.73
98.73
98.73
98.73
98.73
98.73
97.19
97.19
97.19
97.19
97.19
97.19
97.90
97.90
97.90
97.90
97.90
97.90
97.90
97.90
97.77
97.77
97.77
97.77
97.77
97.77
97.77
97.77
98.48
98.48
98.48
98.48
98.48
98.48
