97.11
97.11
97.11
97.11
97.11
97.11
96.67
96.67
96.67
96.67
96.67
96.67
96.67
96.67
95.51
95.51
95.51
95.51
95.51
95.51
95.51
95.51
94.32
94.32
94.32
94.32
94.32
94.32
94.32
94.32
94.32
94.32
93.34
93.34
93.34
93.34
93.34
93.34
93.34
93.40
93.40
93.40
93.40
93.40
93.40
93.40
93.40
93.40
92.52
92.52
92.52
92.52
92.52
92.52
92.52
92.52
91.11
91.11
91.11
91.11
91.11
91.11
91.11
91.11
91.11
88.93
88.93
88.93
88.93
88.93
88.93
88.93
87.61
87.61
87.61
87.61
87.61
87.61
88.29
88.29
88.29
88.29
88.29
88.29
91.41
91.41
91.41
91.41
91.41
91.41
91.41
94.79
94.79
94.79
94.79
94.79
94.79
94.79
94.79
94.79
96.80
96.80
96.80
96.80
96.80
96.80
96.80
96.80
97.47
97.47
97.47
97.47
97.47
97.47
97.47
97.47
97.47
97.47
97.47
97.47
97.66
97.66
97.66
97.66
97.66
97.66
97.81
97.81
97.81
97.81
97.81
97.81
97.81
97.81
97.81
97.81
97.81
98.33
98.33
98.33
98.33
98.33
98.33
98.33
98.33
97.45
97.45
97.45
97.45
97.96
97.96
97.96
97.96
97.96
97.96
97.96
97.49
97.49
97.49
97.49
97.49
97.49
97.49
97.49
93.86
93.86
93.86
93.86
93.86
91.02
91.02
91.02
91.02
91.02
91.02
91.02
91.02
91.02
91.02
91.02
