89.90
89.90
89.90
89.90
89.90
89.90
89.90
91.29
91.29
91.29
91.29
91.29
91.29
94.93
94.93
94.93
94.93
94.93
94.93
94.93
95.44
95.44
95.44
95.44
95.44
96.33
96.33
96.33
96.33
96.33
96.33
96.33
97.05
97.05
97.05
97.05
97.05
97.05
97.51
97.51
97.51
97.51
97.51
97.51
97.51
97.51
97.51
96.96
96.96
96.96
96.96
96.96
96.96
96.96
96.96
96.96
96.90
96.90
96.90
96.90
96.90
96.90
96.90
96.90
96.90
96.90
96.90
94.13
94.13
94.13
94.13
94.13
94.13
94.13
88.85
88.85
88.85
88.85
88.85
88.85
88.85
75.87
75.87
75.87
75.87
75.87
75.87
67.87
67.87
67.87
67.87
68.45
68.45
68.45
68.45
68.45
68.45
69.50
69.50
69.50
69.50
69.50
69.50
69.50
69.50
69.50
72.40
72.40
72.40
72.40
