92.07
92.07
92.07
92.07
92.07
92.07
92.07
92.07
92.07
90.59
90.59
90.59
90.59
90.59
90.59
90.59
90.70
90.70
90.70
90.70
90.70
90.70
90.70
90.70
90.70
93.18
93.18
93.18
93.18
93.18
93.18
93.18
93.18
93.18
94.54
94.54
94.54
94.54
94.54
94.54
94.54
94.54
94.54
94.54
94.54
93.82
93.82
93.82
93.82
93.82
93.82
93.82
93.82
93.82
93.82
93.82
93.40
93.40
93.40
93.40
93.40
93.40
93.40
93.40
94.34
94.34
94.34
94.34
97.32
97.32
97.32
97.32
97.32
97.32
97.32
98.29
98.29
98.29
98.29
98.29
98.29
98.29
98.29
98.29
98.29
98.29
98.29
98.29
98.29
97.90
97.90
97.90
97.90
97.90
97.90
97.90
97.90
97.90
97.90
97.90
97.90
97.40
97.40
97.40
97.40
97.40
97.40
97.40
97.40
95.68
95.68
95.68
95.68
95.68
93.35
93.35
93.35
93.35
93.35
93.35
93.35
93.35
93.35
93.35
89.24
89.24
89.24
89.24
85.81
85.81
85.81
85.81
85.81
85.81
85.81
86.70
86.70
86.70
86.70
88.61
88.61
88.61
88.61
88.61
88.61
88.61
