0.84
0.85
0.86
0.83
0.84
0.90
0.91
0.91
0.89
0.90
0.84
0.83
0.79
0.74
0.92
0.92
0.92
0.91
0.92
0.87
0.87
0.93
0.93
0.93
0.92
0.92
0.86
0.86
0.93
0.93
0.92
0.92
0.90
0.87
0.79
0.80
0.83
0.79
0.82
0.79
0.81
0.79
0.92
0.92
0.91
0.91
0.90
0.87
0.87
0.89
0.88
0.87
0.86
0.84
0.78
0.77
0.88
0.88
0.88
0.86
0.87
0.81
0.77
0.78
0.89
0.89
0.88
0.88
0.86
0.87
0.86
0.86
0.85
0.84
0.86
0.86
0.86
0.84
0.85
0.81
0.77
0.77
0.88
0.87
0.87
0.87
0.85
0.86
0.83
0.83
0.87
0.87
0.87
0.86
0.86
0.82
0.83
0.87
0.87
0.88
0.85
0.87
0.80
0.76
0.79
0.88
0.89
0.89
0.87
0.88
0.88
0.89
0.89
0.88
0.88
0.89
0.89
0.89
0.88
0.88
0.89
0.89
0.88
0.87
0.87
0.81
0.76
0.77
0.88
0.88
0.88
0.87
0.87
