96.53
96.53
96.53
96.53
96.53
96.53
96.53
96.53
96.53
96.53
96.53
96.76
96.76
96.76
96.76
96.76
96.76
96.76
96.76
96.76
98.32
98.32
98.32
98.32
98.32
98.32
98.32
98.39
98.39
98.39
98.39
98.39
98.39
98.39
98.39
98.39
98.39
98.74
98.74
98.74
98.74
98.74
98.74
98.74
98.74
98.56
98.56
98.56
98.56
98.56
98.56
98.56
98.63
98.63
98.63
98.63
98.63
98.63
98.63
98.63
98.35
98.35
98.35
98.35
98.35
97.41
97.41
97.41
97.41
97.41
97.41
97.41
97.41
97.41
97.41
97.41
96.86
96.86
96.86
96.86
96.86
96.86
96.86
96.86
96.86
96.86
96.86
94.88
94.88
94.88
94.88
94.88
94.88
94.88
94.88
94.88
95.59
95.59
95.59
95.59
95.59
94.36
94.36
94.36
94.36
94.36
94.36
94.36
94.49
94.49
94.49
94.49
94.49
93.99
93.99
93.99
93.99
93.99
93.99
93.99
95.16
95.16
95.16
95.16
95.16
95.16
95.16
95.16
95.16
95.16
95.16
95.35
95.35
95.35
95.35
95.35
95.35
95.35
94.32
94.32
94.32
94.32
94.32
94.32
94.32
95.68
95.68
95.68
95.68
95.68
95.68
95.68
97.99
97.99
97.99
97.99
97.99
97.99
97.99
98.04
98.04
98.04
98.04
98.04
98.04
98.04
98.04
96.48
96.48
96.48
96.48
96.48
96.48
96.48
96.48
96.48
96.48
96.48
94.14
94.14
94.14
94.14
97.05
97.05
97.05
97.05
97.05
97.05
97.05
97.05
98.09
98.09
98.09
98.09
98.09
98.09
98.09
98.09
98.09
97.99
97.99
97.99
97.99
97.99
97.99
97.99
97.99
97.99
97.99
97.99
97.99
97.99
97.99
97.20
97.20
97.20
97.20
97.20
97.20
97.20
98.39
98.39
98.39
98.39
98.39
98.39
98.39
97.50
97.50
97.50
97.50
97.50
97.50
97.50
97.50
97.50
98.25
98.25
98.25
98.25
98.79
98.79
98.79
98.79
98.79
98.79
98.79
98.79
98.79
98.79
98.79
98.87
98.87
98.87
98.87
98.87
98.90
98.90
98.90
98.90
98.90
98.90
98.90
98.90
98.80
98.80
98.80
98.80
98.80
98.80
98.80
98.59
98.59
98.59
98.59
98.59
98.59
98.59
98.59
98.59
98.59
98.59
97.72
97.72
97.72
97.72
97.72
97.72
96.79
96.79
96.79
96.79
96.79
96.79
96.79
96.79
96.79
93.05
93.05
93.05
93.05
93.05
93.05
93.05
93.05
92.98
92.98
92.98
92.98
92.98
92.98
92.98
92.98
92.98
90.63
90.63
90.63
90.63
90.63
90.63
90.63
85.92
85.92
85.92
85.92
85.92
85.92
85.92
85.92
85.92
87.70
87.70
87.70
87.70
93.42
93.42
93.42
93.42
93.42
93.42
93.42
95.08
95.08
95.08
95.08
95.08
95.08
95.08
96.50
96.50
96.50
96.50
96.50
96.50
96.50
96.50
96.50
96.50
96.50
96.50
97.59
97.59
97.59
97.59
97.59
97.59
97.59
98.51
98.51
98.51
98.51
98.51
98.51
98.51
98.57
98.57
98.57
98.57
98.57
98.57
98.57
98.57
98.70
98.70
98.70
98.70
98.70
98.70
98.70
98.70
98.70
98.67
98.67
98.67
98.67
98.67
98.67
98.67
98.67
98.67
98.60
98.60
98.60
98.60
98.60
98.60
98.60
98.60
98.60
98.60
98.60
98.13
98.13
98.13
98.13
98.13
98.13
98.21
98.21
98.21
98.21
98.21
98.21
98.21
98.21
93.43
93.43
93.43
93.43
93.43
93.43
93.43
93.43
93.43
93.43
93.43
85.89
85.89
85.89
85.89
79.95
79.95
79.95
79.95
79.95
79.95
79.95
79.95
79.95
72.90
72.90
72.90
72.90
72.90
72.90
72.90
72.90
72.90
72.90
