98.54
98.54
98.54
98.54
98.54
98.54
98.54
98.28
98.28
98.28
98.28
98.28
98.28
98.28
98.28
98.28
98.10
98.10
98.10
98.10
98.10
98.10
98.10
98.10
98.10
98.59
98.59
98.59
98.59
98.59
98.59
98.59
98.59
98.59
98.59
98.59
98.59
97.84
97.84
97.84
97.84
97.84
97.84
97.84
97.84
97.84
97.00
97.00
97.00
97.00
97.00
97.00
97.00
97.00
97.00
98.38
98.38
98.38
98.38
98.38
98.38
98.38
98.38
98.06
98.06
98.06
98.06
98.06
98.06
98.06
98.06
97.59
97.59
97.59
97.59
97.59
97.59
97.59
97.59
97.59
98.09
98.09
98.09
98.09
98.09
98.09
98.09
98.09
98.77
98.77
98.77
98.77
98.77
98.77
98.77
98.77
98.77
98.77
98.77
98.58
98.58
98.58
98.58
98.58
98.58
98.58
98.24
98.24
98.24
98.24
98.24
98.24
98.24
98.24
98.53
98.53
98.53
98.53
98.53
98.53
98.53
98.53
98.53
98.53
98.53
98.53
98.53
98.53
98.14
98.14
98.14
98.14
98.14
98.14
98.14
98.14
98.14
97.52
97.52
97.52
97.52
97.52
97.52
97.52
97.52
97.81
97.81
97.81
97.81
97.81
97.81
97.81
97.81
97.81
96.58
96.58
96.58
96.58
96.58
96.58
96.58
96.58
96.58
96.58
96.58
95.23
95.23
95.23
95.23
95.02
95.02
95.02
95.02
95.02
95.02
95.02
95.02
95.59
95.59
95.59
95.59
95.59
95.59
95.59
95.59
95.59
95.59
95.59
97.67
97.67
97.67
97.67
97.67
97.67
97.67
97.38
97.38
97.38
97.38
97.38
97.38
97.38
97.38
97.38
98.52
98.52
98.52
98.52
98.52
98.52
98.52
98.78
98.78
98.78
98.78
98.78
98.78
98.78
98.78
98.78
98.76
98.76
98.76
98.76
98.76
98.76
98.76
98.65
98.65
98.65
98.65
98.65
