0.90
0.90
0.90
0.89
0.89
0.84
0.81
0.74
0.71
0.89
0.89
0.90
0.87
0.89
0.78
0.73
0.64
0.57
0.91
0.91
0.91
0.91
0.90
0.91
0.91
0.90
0.90
0.90
0.90
0.90
0.90
0.90
0.89
0.89
0.87
0.83
0.83
0.91
0.92
0.92
0.91
0.92
0.89
0.94
0.94
0.94
0.94
0.94
0.91
0.91
0.95
0.95
0.95
0.95
0.95
0.92
0.87
0.87
0.87
0.87
0.78
0.85
0.95
0.95
0.95
0.95
0.94
0.94
0.94
0.93
0.93
0.93
0.82
0.84
0.91
0.91
0.90
0.90
0.89
0.89
0.86
0.85
0.85
0.85
0.88
0.88
0.87
0.86
0.86
0.82
0.83
0.83
0.82
0.80
0.79
0.75
0.72
0.62
0.48
0.44
0.65
0.77
0.76
0.75
0.71
0.69
0.65
0.60
0.63
0.71
0.71
0.70
0.64
0.63
0.58
0.57
0.57
0.54
0.49
0.69
0.69
0.69
0.62
0.63
0.58
0.52
0.56
0.65
0.64
0.65
0.59
0.60
0.57
0.69
0.68
0.69
0.66
0.74
0.74
0.75
0.70
0.72
0.66
0.62
0.59
0.58
0.54
0.77
0.77
0.78
0.73
0.79
0.79
0.79
0.77
0.77
0.74
0.72
0.71
0.67
0.82
0.83
0.83
0.81
0.82
0.75
0.69
0.69
0.86
0.86
0.86
0.85
0.84
0.83
0.80
0.77
0.75
0.86
0.85
0.86
0.84
0.85
0.75
0.76
0.89
0.89
0.90
0.87
0.89
0.78
0.81
0.92
0.92
0.92
0.91
0.92
0.94
0.94
0.95
0.93
0.94
0.82
0.68
0.68
0.95
0.95
0.95
0.95
0.95
0.94
0.96
0.96
0.96
0.94
0.96
0.78
0.64
0.60
0.60
0.59
0.94
0.94
0.94
0.94
0.93
0.94
0.93
0.93
0.92
0.92
0.92
0.93
0.93
0.93
0.92
0.92
0.84
0.85
0.92
0.92
0.91
0.91
0.90
0.89
0.84
0.84
0.89
0.89
0.89
0.87
0.88
0.81
0.77
0.73
0.71
0.87
0.87
0.87
0.85
0.85
0.79
0.76
0.75
0.88
0.87
0.88
0.85
0.86
0.77
0.74
0.71
0.67
0.92
0.92
0.92
0.91
0.91
0.89
0.88
0.94
0.94
0.94
0.93
0.94
0.89
0.82
0.82
0.83
0.84
0.82
0.95
0.95
0.95
0.95
0.95
0.96
0.96
0.95
0.95
0.95
0.75
0.95
0.95
0.95
0.94
0.94
0.90
0.80
0.79
0.94
0.93
0.93
0.92
0.92
0.74
0.91
0.91
0.90
0.89
0.89
0.76
0.75
0.73
0.88
0.88
0.88
0.88
0.86
0.87
0.86
0.84
0.86
0.86
0.85
0.84
0.83
0.82
0.79
0.79
0.78
0.80
0.69
0.74
0.84
0.84
0.84
0.83
0.83
0.81
0.78
0.78
0.86
0.86
0.87
0.85
0.86
0.84
0.83
0.78
0.73
0.72
0.78
0.85
0.85
0.86
0.84
0.85
0.81
0.80
0.84
0.84
0.84
0.81
0.83
0.73
0.69
0.58
0.66
0.86
0.86
0.86
0.84
0.86
0.86
0.85
0.84
0.84
0.84
0.84
0.83
0.82
0.80
0.78
0.75
0.83
0.84
0.84
0.82
0.83
0.76
0.81
0.83
0.83
0.83
0.81
0.82
0.78
0.75
0.71
0.72
0.66
0.83
0.84
0.84
0.82
0.83
0.77
0.75
0.77
