96.95
96.95
96.95
96.95
96.95
96.95
96.92
96.92
96.92
96.92
96.16
96.16
96.16
96.16
96.16
96.16
96.16
96.16
96.20
96.20
96.20
96.20
96.20
96.20
96.20
96.20
96.88
96.88
96.88
96.88
96.88
96.88
96.88
96.88
96.88
96.88
96.88
96.88
96.56
96.56
96.56
96.56
96.23
96.23
96.23
96.23
96.23
96.23
96.23
96.23
96.23
96.23
96.23
96.23
97.10
97.10
97.10
97.10
97.10
97.10
97.10
97.72
97.72
97.72
97.72
97.87
97.87
97.87
97.87
97.87
97.87
97.87
97.87
97.87
98.20
98.20
98.20
98.20
98.20
98.20
98.20
98.23
98.23
98.23
98.23
98.23
98.23
98.23
98.23
98.23
98.45
98.45
98.45
98.45
98.52
98.52
98.52
98.52
98.52
98.52
98.52
98.52
98.62
98.62
98.62
98.62
98.62
98.62
98.62
98.33
98.33
98.33
98.33
98.33
98.33
98.33
98.33
98.33
98.51
98.51
98.51
98.51
98.51
98.51
98.51
98.51
98.51
98.51
98.51
98.42
98.42
98.42
98.42
98.42
98.42
98.42
98.42
98.13
98.13
98.13
98.13
98.13
98.13
98.13
98.13
98.13
97.78
97.78
97.78
97.78
97.78
97.78
97.78
97.78
97.78
96.70
96.70
96.70
96.70
96.70
96.70
96.70
96.70
96.70
97.15
97.15
97.15
97.15
97.15
96.68
96.68
96.68
96.68
96.68
96.68
96.68
96.68
96.68
97.24
97.24
97.24
97.24
97.24
97.24
97.24
97.24
97.24
97.65
97.65
97.65
97.65
97.65
97.65
97.65
97.65
97.65
98.47
98.47
98.47
98.47
98.47
98.47
98.47
98.58
98.58
98.58
98.58
98.58
98.58
98.58
98.58
98.58
98.74
98.74
98.74
98.74
98.74
98.74
98.74
98.70
98.70
98.70
98.70
98.70
98.70
98.70
98.70
98.46
98.46
98.46
98.46
98.46
98.10
98.10
98.10
98.10
98.10
98.10
98.10
94.79
94.79
94.79
94.79
91.43
91.43
91.43
91.43
93.14
93.14
93.14
93.14
93.14
93.14
93.14
93.14
96.08
96.08
96.08
96.08
96.08
95.03
95.03
95.03
95.03
95.03
95.03
95.03
95.03
95.03
93.94
93.94
93.94
93.94
93.94
93.94
93.94
93.94
95.54
95.54
95.54
95.54
95.54
95.54
95.54
95.54
95.94
95.94
95.94
95.94
95.94
95.94
95.61
95.61
95.61
95.61
95.61
95.61
95.61
95.61
95.61
95.20
95.20
95.20
95.20
95.20
95.20
95.20
95.20
95.20
95.16
95.16
95.16
95.16
95.16
95.16
94.92
94.92
94.92
94.92
94.92
94.92
94.92
94.92
