0.78
0.78
0.77
0.76
0.75
0.79
0.77
0.76
0.76
0.72
0.73
0.73
0.71
0.66
0.66
0.66
0.61
0.61
0.57
0.57
0.60
0.60
0.59
0.61
0.54
0.58
0.47
0.47
0.57
0.56
0.57
0.52
0.54
0.49
0.50
0.41
0.38
0.51
0.51
0.51
0.45
0.48
0.42
0.37
0.43
0.54
0.53
0.54
0.47
0.51
0.44
0.40
0.46
0.39
0.35
0.65
0.65
0.65
0.61
0.62
0.57
0.57
0.46
0.56
0.62
0.61
0.62
0.59
0.60
0.56
0.52
0.52
0.68
0.67
0.68
0.64
0.65
0.60
0.57
0.61
0.78
0.78
0.79
0.77
0.77
0.75
0.80
0.80
0.81
0.79
0.80
0.76
0.73
0.64
0.59
0.84
0.84
0.84
0.83
0.83
0.83
0.81
0.81
0.81
0.81
0.81
0.80
0.80
0.79
0.76
0.76
0.74
0.75
0.69
0.80
0.80
0.81
0.79
0.79
0.74
0.70
0.66
0.62
0.83
0.83
0.83
0.83
0.82
0.83
0.82
0.82
0.81
0.82
0.80
0.77
0.83
0.83
0.82
0.83
0.81
0.84
0.83
0.84
0.83
0.82
0.80
0.78
0.78
0.78
0.77
0.76
0.74
0.71
0.63
0.61
0.78
0.77
0.78
0.76
0.76
0.73
0.70
0.68
0.64
0.79
0.79
0.79
0.78
0.77
0.76
0.73
0.67
0.66
0.80
0.79
0.79
0.78
0.76
0.76
0.76
0.76
0.74
0.73
0.73
0.71
0.71
0.68
0.69
0.65
0.71
0.69
0.70
0.68
0.67
0.66
0.66
0.66
0.66
0.65
0.62
0.62
0.58
0.54
0.55
0.49
0.50
0.38
0.50
0.64
0.62
0.63
0.60
0.61
0.57
0.55
0.55
0.56
0.55
0.56
0.52
0.55
0.50
0.58
0.57
0.58
0.53
0.55
0.47
0.50
0.56
0.55
0.56
0.50
0.53
0.47
0.49
0.39
0.37
0.57
0.57
0.57
0.53
0.54
0.49
0.45
0.47
0.43
0.38
0.64
0.63
0.63
0.60
0.60
0.56
0.53
0.53
0.69
0.69
0.70
0.68
0.77
0.77
0.78
0.76
0.77
0.72
0.71
0.80
0.81
0.82
0.79
0.81
0.76
0.74
0.74
0.71
0.73
0.67
0.85
0.86
0.86
0.85
0.86
0.85
0.85
0.85
0.85
0.84
0.84
0.82
0.83
0.83
0.81
0.82
0.82
0.82
0.80
0.81
0.76
0.73
0.70
0.71
0.67
0.85
0.85
0.86
0.84
0.85
0.83
0.83
0.88
0.89
0.88
0.88
0.87
0.89
0.88
0.88
0.85
0.84
0.84
0.83
0.83
0.80
0.77
0.78
0.84
0.84
0.84
0.82
0.83
0.80
0.80
0.69
0.87
0.88
0.87
0.87
0.87
0.87
0.86
0.86
0.85
0.85
0.84
0.88
0.88
0.87
0.87
0.86
0.87
0.87
0.87
0.84
0.83
0.83
0.82
0.81
0.78
0.73
0.75
0.81
0.81
0.81
0.78
0.78
0.77
0.77
0.76
0.74
0.71
0.66
0.67
0.63
0.64
0.52
0.61
0.71
0.70
0.71
0.67
0.67
0.62
0.61
0.44
0.35
0.31
0.49
0.67
0.65
0.67
0.63
0.64
0.60
0.58
0.58
