96.52
96.52
96.52
96.52
94.79
94.79
94.79
94.79
94.79
94.79
94.79
94.79
96.94
96.94
96.94
96.94
96.94
96.94
96.48
96.48
96.48
96.48
96.48
97.78
97.78
97.78
97.78
97.78
97.78
97.78
98.43
98.43
98.43
98.43
98.43
98.43
98.43
98.43
98.29
98.29
98.29
98.29
98.29
98.29
98.29
98.29
98.40
98.40
98.40
98.40
98.40
98.40
98.40
98.40
98.40
98.69
98.69
98.69
98.69
98.69
98.63
98.63
98.63
98.63
98.63
98.63
98.63
98.63
98.84
98.84
98.84
98.84
98.84
98.88
98.88
98.88
98.88
98.88
98.88
98.88
98.60
98.60
98.60
98.60
98.60
98.60
98.60
98.60
98.88
98.88
98.88
98.88
98.88
98.88
98.88
98.88
98.88
98.90
98.90
98.90
98.90
98.90
98.90
98.90
98.90
98.90
98.90
98.82
98.82
98.82
98.82
98.82
98.82
98.82
98.82
98.82
98.82
98.82
98.82
98.82
98.82
98.82
98.82
98.82
98.82
98.83
98.83
98.83
98.83
98.83
98.60
98.60
98.60
98.60
98.60
98.60
98.60
98.71
98.71
98.71
98.71
98.71
98.71
98.39
98.39
98.39
98.39
98.71
98.71
98.71
98.71
98.71
98.71
98.71
98.32
98.32
98.32
98.32
98.32
98.32
