0.94
0.95
0.94
0.94
0.94
0.93
0.92
0.91
0.91
0.91
0.88
0.90
0.94
0.94
0.94
0.93
0.93
0.90
0.87
0.88
0.93
0.93
0.93
0.92
0.92
0.93
0.93
0.92
0.92
0.91
0.87
0.83
0.85
0.92
0.92
0.92
0.90
0.91
0.85
0.86
0.93
0.93
0.92
0.92
0.92
0.91
0.91
0.91
0.90
0.91
0.85
0.81
0.73
0.78
0.91
0.91
0.92
0.90
0.91
0.86
0.82
0.82
0.81
0.82
0.68
0.78
0.93
0.93
0.93
0.92
0.92
0.92
0.92
0.92
0.92
0.91
0.89
0.86
0.86
0.85
0.86
0.78
0.84
0.91
0.91
0.91
0.90
0.90
0.86
0.83
0.84
0.92
0.92
0.92
0.90
0.92
0.80
0.70
0.70
0.94
0.94
0.93
0.93
0.93
0.91
0.91
0.92
0.92
0.91
0.91
0.90
0.84
0.90
0.90
0.90
0.88
0.88
0.82
0.74
0.75
0.91
0.91
0.91
0.90
0.90
0.87
0.82
0.82
0.82
0.83
0.80
0.93
0.93
0.93
0.93
0.92
0.90
0.93
0.93
0.93
0.93
0.93
0.92
0.92
0.92
0.91
0.91
0.88
0.87
0.93
0.93
0.93
0.91
0.92
0.77
0.67
0.62
0.94
0.94
0.94
0.94
0.93
0.90
0.90
0.93
0.93
0.93
0.92
0.92
0.87
0.83
0.80
0.66
0.65
0.76
0.92
0.92
0.92
0.90
0.91
0.80
0.74
0.63
0.70
0.92
0.92
0.92
0.90
0.91
0.81
0.73
0.74
0.93
0.93
0.92
0.92
0.91
0.92
0.90
0.90
0.90
0.90
0.86
0.89
0.91
0.91
0.90
0.90
0.88
0.86
0.83
0.80
0.82
