95.26
95.26
95.26
95.26
95.26
95.26
95.26
95.26
97.46
97.46
97.46
97.46
97.46
97.46
97.46
97.46
97.46
97.90
97.90
97.90
97.90
97.90
97.90
97.90
97.90
97.90
98.77
98.77
98.77
98.77
98.77
98.77
98.77
98.77
98.79
98.79
98.79
98.79
98.79
98.79
98.79
98.79
98.79
98.79
98.79
98.79
98.91
98.91
98.91
98.91
98.91
98.91
98.91
98.91
98.92
98.92
98.92
98.92
98.92
98.92
98.92
98.92
98.83
98.83
98.83
98.83
98.83
98.83
98.83
98.83
98.83
98.91
98.91
98.91
98.91
98.91
98.91
98.91
98.91
98.91
98.91
98.91
98.91
98.91
98.91
98.91
98.91
98.91
98.87
98.87
98.87
98.87
98.87
98.87
98.87
98.87
98.81
98.81
98.81
98.81
98.81
98.81
98.81
98.81
98.81
98.68
98.68
98.68
98.68
98.79
98.79
98.79
98.79
98.79
98.79
98.79
98.79
98.79
98.74
98.74
98.74
98.74
98.84
98.84
98.84
98.84
98.84
98.84
98.84
98.84
98.84
98.84
98.84
98.94
98.94
98.94
98.94
98.94
98.94
98.94
98.94
98.93
98.93
98.93
98.93
98.93
98.93
98.93
98.93
98.98
98.98
98.98
98.98
98.98
98.98
98.98
98.96
98.96
98.96
98.96
98.96
98.96
98.96
98.96
98.96
98.96
98.96
98.96
98.96
98.96
98.91
98.91
98.91
98.91
98.91
98.91
98.91
98.91
98.91
98.91
98.91
98.91
98.91
98.91
98.38
98.38
98.38
98.38
98.65
98.65
98.65
98.65
98.65
98.65
98.79
98.79
98.79
98.79
98.79
98.79
98.79
98.79
98.86
98.86
98.86
98.86
98.86
98.86
98.86
98.86
98.85
98.85
98.85
98.85
98.85
98.85
98.85
98.85
98.85
98.85
98.85
98.87
98.87
98.87
98.87
98.87
98.87
98.87
98.87
98.87
98.84
98.84
98.84
98.84
98.84
98.84
98.84
98.88
98.88
98.88
98.88
98.88
98.88
98.81
98.81
98.81
98.81
98.81
98.81
98.81
98.81
98.86
98.86
98.86
98.86
98.86
98.86
98.86
98.86
98.84
98.84
98.84
98.84
98.84
98.88
98.88
98.88
98.88
98.88
98.88
98.88
98.88
98.88
98.88
98.88
98.88
98.88
98.88
98.90
98.90
98.90
98.90
98.90
98.90
98.90
98.90
98.86
98.86
98.86
98.86
98.86
98.86
98.86
98.86
98.86
98.86
98.86
98.86
98.86
98.86
98.86
98.86
98.86
98.86
98.86
98.86
98.87
98.87
98.87
98.87
98.87
98.91
98.91
98.91
98.91
98.91
98.91
98.91
98.91
98.85
98.85
98.85
98.85
98.85
98.85
98.85
98.85
