98.70
98.70
98.70
98.70
98.70
98.70
98.70
98.58
98.58
98.58
98.58
98.75
98.75
98.75
98.75
98.75
98.75
98.75
98.75
98.75
98.75
98.84
98.84
98.84
98.84
98.84
98.84
98.84
98.84
98.91
98.91
98.91
98.91
98.91
98.91
98.91
98.91
98.91
98.91
98.91
98.91
98.91
98.91
98.88
98.88
98.88
98.88
98.88
98.88
98.88
98.88
98.88
98.88
98.88
98.88
98.84
98.84
98.84
98.84
98.84
98.84
98.84
98.84
98.85
98.85
98.85
98.85
98.85
98.85
98.85
98.85
98.85
98.85
98.85
98.90
98.90
98.90
98.90
98.90
98.90
98.90
98.90
98.80
98.80
98.80
98.80
98.80
98.80
98.80
98.80
98.80
98.80
98.80
98.64
98.64
98.64
98.64
98.64
98.64
98.64
98.64
98.64
98.69
98.69
98.69
98.69
98.69
98.69
98.72
98.72
98.72
98.72
98.86
98.86
98.86
98.86
98.86
98.86
98.86
98.86
98.87
98.87
98.87
98.87
98.87
98.87
98.87
98.87
98.80
98.80
98.80
98.80
98.90
98.90
98.90
98.90
98.90
98.90
98.90
98.92
98.92
98.92
98.92
98.92
98.92
98.92
98.92
98.92
98.83
98.83
98.83
98.83
98.83
98.83
98.83
98.83
98.70
98.70
98.70
98.70
98.70
98.70
98.70
98.79
98.79
98.79
98.79
98.79
98.79
98.79
98.59
98.59
98.59
98.59
98.59
98.59
98.59
98.59
98.59
98.59
98.59
98.59
98.59
98.60
98.60
98.60
98.60
98.60
98.60
98.60
98.60
98.60
98.60
98.60
98.60
98.60
98.60
98.12
98.12
98.12
98.12
98.12
98.12
98.12
98.12
97.15
97.15
97.15
97.15
97.15
97.15
97.15
97.15
97.15
97.72
97.72
97.72
97.72
97.72
97.72
97.90
97.90
97.90
97.90
97.90
97.90
97.90
97.90
97.90
98.58
98.58
98.58
98.58
98.78
98.78
98.78
98.78
98.78
98.78
98.78
98.78
98.85
98.85
98.85
98.85
98.85
98.85
98.85
98.70
98.70
98.70
98.70
