92.90
92.90
92.90
92.90
92.90
92.90
92.90
94.22
94.22
94.22
94.22
94.22
94.22
94.22
94.22
94.22
94.22
94.22
96.29
96.29
96.29
96.29
96.29
96.29
96.29
96.29
96.29
98.51
98.51
98.51
98.51
98.51
98.51
98.51
98.51
98.77
98.77
98.77
98.77
98.77
98.77
98.77
98.77
98.95
98.95
98.95
98.95
98.95
98.95
98.95
98.95
98.95
98.95
98.95
98.95
98.95
98.95
98.85
98.85
98.85
98.85
98.82
98.82
98.82
98.82
98.82
98.82
98.82
98.82
98.82
98.66
98.66
98.66
98.66
98.66
98.66
98.80
98.80
98.80
98.80
98.80
98.80
98.80
98.80
98.80
98.80
98.80
98.80
98.85
98.85
98.85
98.85
98.85
98.83
98.83
98.83
98.83
98.91
98.91
98.91
98.91
98.91
98.91
98.91
98.91
98.91
98.91
98.91
98.91
98.91
98.91
98.91
98.91
98.91
98.91
98.91
98.91
98.91
98.94
98.94
98.94
98.94
98.94
98.94
98.94
98.94
98.93
98.93
98.93
98.93
98.93
98.93
98.93
98.93
98.93
98.93
98.93
98.93
98.93
98.93
98.93
98.93
98.93
98.93
98.94
98.94
98.94
98.94
98.94
98.94
98.94
98.94
98.94
98.94
98.94
98.93
98.93
98.93
98.93
98.93
98.79
98.79
98.79
98.79
98.79
98.79
98.79
98.79
98.75
98.75
98.75
98.75
98.75
