84.16
84.16
84.16
84.16
84.16
84.16
84.16
84.16
77.16
77.16
77.16
77.16
77.16
77.16
77.16
77.16
69.53
69.53
69.53
69.53
69.53
69.53
69.53
69.53
59.11
59.11
59.11
59.11
59.11
59.11
54.32
54.32
54.32
54.32
54.32
54.32
54.32
54.32
62.24
62.24
62.24
62.24
62.81
62.81
62.81
62.81
62.81
62.81
62.81
62.81
67.91
67.91
67.91
67.91
67.91
67.91
67.91
82.10
82.10
82.10
82.10
82.10
82.10
82.10
82.10
90.01
90.01
90.01
90.01
90.01
90.01
90.01
90.01
90.01
90.01
90.01
95.53
95.53
95.53
95.53
95.53
95.53
95.53
97.73
97.73
97.73
97.73
97.73
97.73
97.73
97.73
98.53
98.53
98.53
98.53
98.53
98.53
98.53
98.53
98.93
98.93
98.93
98.93
98.93
98.93
98.93
98.93
98.93
98.93
98.93
98.93
98.93
98.93
98.93
98.93
98.93
98.93
98.93
98.93
98.93
98.93
98.95
98.95
98.95
98.95
98.95
98.95
98.95
98.95
98.86
98.86
98.86
98.86
98.86
98.86
98.86
98.86
98.27
98.27
98.27
98.27
97.45
97.45
97.45
97.45
97.38
97.38
97.38
97.38
97.38
97.38
97.38
98.14
98.14
98.14
98.14
98.71
98.71
98.71
98.71
98.71
98.71
98.86
98.86
98.86
98.86
98.86
98.86
