91.75
91.75
91.75
91.75
91.75
91.75
91.75
91.75
94.45
94.45
94.45
94.45
94.45
94.45
94.45
96.30
96.30
96.30
96.30
96.30
96.30
97.03
97.03
97.03
97.03
97.03
97.03
97.48
97.48
97.48
97.48
97.48
97.48
97.48
97.48
97.48
98.12
98.12
98.12
98.12
98.12
98.12
98.12
98.12
98.12
98.49
98.49
98.49
98.49
98.49
98.49
98.49
98.49
98.49
98.49
98.49
98.49
98.39
98.39
98.39
98.39
98.39
98.39
98.39
98.39
98.39
98.64
98.64
98.64
98.64
98.64
98.64
98.64
98.36
98.36
98.36
98.36
98.36
97.93
97.93
97.93
97.93
97.93
97.93
97.93
97.93
97.93
97.93
97.93
97.93
97.83
97.83
97.83
97.83
97.83
97.83
97.83
97.83
97.83
98.29
98.29
98.29
98.29
98.29
98.29
98.29
98.29
98.67
98.67
98.67
98.67
98.67
98.67
98.67
98.67
98.54
98.54
98.54
98.54
98.54
98.54
98.54
98.27
98.27
98.27
98.27
98.31
98.31
98.31
98.31
98.31
98.31
98.31
98.31
97.79
97.79
97.79
97.79
97.79
97.79
96.62
96.62
96.62
96.62
96.62
96.62
96.62
96.62
96.62
96.75
96.75
96.75
96.75
96.75
96.75
96.75
96.42
96.42
96.42
96.42
96.42
96.42
96.42
95.26
95.26
95.26
95.26
95.26
95.26
95.26
95.26
94.50
94.50
94.50
94.50
94.50
94.50
94.50
93.09
93.09
93.09
93.09
93.09
93.09
93.84
93.84
93.84
93.84
93.84
93.84
93.84
93.84
96.78
96.78
96.78
96.78
96.78
96.78
96.78
96.78
