98.65
98.65
98.65
98.65
98.85
98.85
98.85
98.85
98.85
98.85
98.85
98.85
98.85
98.82
98.82
98.82
98.82
98.96
98.96
98.96
98.96
98.96
98.96
98.96
98.95
98.95
98.95
98.95
98.95
98.95
98.95
98.90
98.90
98.90
98.90
98.90
98.90
98.90
98.90
98.82
98.82
98.82
98.82
98.82
98.82
98.82
98.82
98.82
98.82
98.78
98.78
98.78
98.78
98.78
98.78
98.78
98.59
98.59
98.59
98.59
98.59
98.59
98.59
98.40
98.40
98.40
98.40
98.40
98.17
98.17
98.17
98.17
98.17
98.17
98.17
98.17
98.17
98.17
98.17
98.17
95.98
95.98
95.98
95.98
95.98
95.98
95.98
95.98
97.64
97.64
97.64
97.64
97.64
98.77
98.77
98.77
98.77
98.77
98.77
98.77
98.77
98.77
98.77
98.77
98.60
98.60
98.60
98.60
98.60
98.60
98.60
98.60
98.60
98.60
98.60
98.60
98.42
98.42
98.42
98.42
98.42
98.42
98.42
98.42
98.42
98.72
98.72
98.72
98.72
98.72
98.89
98.89
98.89
98.89
98.89
98.89
98.89
98.89
98.72
98.72
98.72
98.72
98.72
98.72
98.72
98.72
98.72
98.60
98.60
98.60
98.60
98.69
98.69
98.69
98.69
98.69
98.69
98.69
98.69
98.80
98.80
98.80
98.80
98.80
98.80
98.80
98.80
98.80
98.77
98.77
98.77
98.77
98.77
98.77
98.77
98.77
98.77
98.77
98.77
98.80
98.80
98.80
98.80
98.80
98.80
98.80
98.87
98.87
98.87
98.87
98.87
98.87
98.87
98.82
98.82
98.82
98.82
98.82
98.82
98.82
98.82
98.59
98.59
98.59
98.59
98.59
98.59
98.59
98.80
98.80
98.80
98.80
98.80
98.80
98.80
98.56
98.56
98.56
98.56
98.56
