97.10
97.10
97.10
97.10
98.10
98.10
98.10
98.10
98.10
98.10
98.10
98.10
98.16
98.16
98.16
98.16
98.16
98.16
98.16
98.16
98.16
97.88
97.88
97.88
97.88
97.88
97.88
97.88
97.73
97.73
97.73
97.73
97.73
97.73
97.73
96.30
96.30
96.30
96.30
96.30
96.30
96.30
94.18
94.18
94.18
94.18
94.18
94.18
94.18
87.61
87.61
87.61
87.61
87.61
87.61
87.61
87.61
87.61
90.82
90.82
90.82
90.82
94.16
94.16
94.16
94.16
94.16
94.16
94.16
94.16
94.16
97.34
97.34
97.34
97.34
97.34
97.34
97.34
97.47
97.47
97.47
97.47
97.47
97.47
97.47
97.47
98.18
98.18
98.18
98.18
98.18
98.18
98.18
98.55
98.55
98.55
98.55
98.55
98.55
98.55
98.55
98.30
98.30
98.30
98.30
98.30
98.30
98.30
98.30
98.03
98.03
98.03
98.03
98.03
98.03
98.03
98.03
98.03
98.31
98.31
98.31
98.31
98.31
98.52
98.52
98.52
98.52
98.52
98.52
98.52
98.52
98.09
98.09
98.09
98.09
98.09
98.09
98.09
98.09
98.09
96.86
96.86
96.86
96.86
96.86
96.86
96.86
96.86
96.86
96.86
96.86
96.86
96.86
96.86
96.71
96.71
96.71
96.71
96.71
96.71
96.71
96.71
96.71
96.71
97.65
97.65
97.65
97.65
97.65
97.65
97.65
97.65
97.65
97.65
97.65
96.37
96.37
96.37
96.37
96.37
96.37
96.37
96.37
96.37
97.59
97.59
97.59
97.59
97.59
97.59
97.59
97.59
