95.31
95.31
95.31
95.31
94.12
94.12
94.12
94.12
94.12
94.12
94.12
96.44
96.44
96.44
96.44
96.44
96.44
96.44
96.44
96.94
96.94
96.94
96.94
96.94
96.94
96.94
96.94
96.94
96.25
96.25
96.25
96.25
97.75
97.75
97.75
97.75
97.75
97.75
97.75
97.75
97.75
97.75
98.44
98.44
98.44
98.44
98.44
98.44
98.44
98.44
98.44
98.50
98.50
98.50
98.50
98.50
98.50
98.75
98.75
98.75
98.75
98.75
98.75
98.75
98.75
98.75
98.75
98.69
98.69
98.69
98.69
98.69
98.69
98.69
98.69
97.69
97.69
97.69
97.69
97.69
97.12
97.12
97.12
97.12
97.12
97.12
97.12
97.12
97.12
97.12
97.12
97.12
97.06
97.06
97.06
97.06
97.06
97.06
97.06
97.06
97.06
97.06
96.06
96.06
96.06
96.06
96.06
96.06
97.69
97.69
97.69
97.69
97.69
97.69
97.69
98.38
98.38
98.38
98.38
98.38
98.38
98.38
98.38
98.56
98.56
98.56
98.56
98.56
98.56
98.56
98.56
98.50
98.50
98.50
98.50
98.50
98.69
98.69
98.69
98.69
98.69
98.81
98.81
98.81
98.81
98.88
98.88
98.88
98.88
98.88
98.88
98.88
98.88
98.88
98.88
98.88
98.88
98.88
98.88
98.75
98.75
98.75
98.75
98.75
98.75
98.75
98.75
98.75
98.75
98.75
98.75
98.75
98.75
98.75
98.75
98.75
98.75
98.75
98.31
98.31
98.31
98.31
98.31
98.19
98.19
98.19
98.19
98.19
98.19
98.19
98.19
98.44
98.44
98.44
98.44
98.44
98.44
98.44
98.44
98.44
98.25
98.25
98.25
98.25
98.25
98.25
98.25
98.25
98.25
98.25
98.25
98.12
98.12
98.12
98.12
97.75
97.75
97.75
97.75
97.75
97.75
97.75
97.75
98.38
98.38
98.38
98.38
98.38
98.38
98.38
98.38
98.44
98.44
98.44
98.44
98.44
98.44
98.44
98.44
97.56
97.56
97.56
97.56
97.56
97.56
97.56
97.56
97.56
97.56
96.88
96.88
96.88
96.88
96.88
96.88
96.88
96.88
97.94
97.94
97.94
97.94
97.94
97.94
97.94
98.12
98.12
98.12
98.12
98.12
98.12
98.12
98.12
96.62
96.62
96.62
96.62
96.62
96.25
96.25
96.25
96.25
96.25
96.25
96.25
96.25
96.25
96.25
95.56
95.56
95.56
95.56
95.56
95.56
93.56
93.56
93.56
93.56
93.56
93.56
93.56
93.81
93.81
93.81
93.81
93.81
93.81
93.81
