98.16
98.16
98.16
98.16
98.16
98.16
98.16
98.16
98.16
98.16
97.67
97.67
97.67
97.67
97.67
97.67
97.67
98.03
98.03
98.03
98.03
98.03
98.03
98.28
98.28
98.28
98.28
98.28
98.28
98.28
98.28
97.88
97.88
97.88
97.88
97.88
97.88
97.88
97.88
97.28
97.28
97.28
97.28
97.28
97.28
97.28
97.28
97.39
97.39
97.39
97.39
97.39
97.39
97.39
97.39
94.97
94.97
94.97
94.97
94.97
94.97
94.97
94.97
95.85
95.85
95.85
95.85
95.85
95.85
95.85
95.85
96.30
96.30
96.30
96.30
96.30
96.30
96.30
96.30
95.56
95.56
95.56
95.56
95.56
95.56
95.56
95.56
94.85
94.85
94.85
94.85
94.85
94.85
94.85
94.85
94.85
94.37
94.37
94.37
94.37
94.37
94.37
94.37
94.37
94.37
97.23
97.23
97.23
97.23
97.23
97.23
97.30
97.30
97.30
97.30
97.30
97.30
97.30
97.30
98.00
98.00
98.00
98.00
98.00
98.00
98.00
98.00
98.38
98.38
98.38
98.38
98.38
98.38
98.38
98.52
98.52
98.52
98.52
98.52
98.52
98.52
98.35
98.35
98.35
98.35
98.35
98.35
98.35
98.23
98.23
98.23
98.23
98.23
98.23
98.23
98.23
95.26
95.26
95.26
95.26
95.26
95.26
93.62
93.62
93.62
93.62
93.62
93.62
93.39
93.39
93.39
93.39
93.39
93.39
93.39
93.39
92.49
92.49
92.49
92.49
92.49
95.40
95.40
95.40
95.40
95.40
95.40
95.40
95.40
94.29
94.29
94.29
94.29
94.29
94.29
94.29
94.29
93.72
93.72
93.72
93.72
93.72
93.72
93.72
93.72
90.86
90.86
90.86
90.86
90.86
90.86
90.21
90.21
90.21
90.21
90.21
90.21
90.21
91.17
91.17
91.17
91.17
91.17
91.17
91.17
91.17
92.56
92.56
92.56
92.56
92.56
92.56
92.56
92.56
90.74
90.74
90.74
90.74
90.74
90.74
90.74
91.51
91.51
91.51
91.51
91.51
91.51
91.51
92.52
92.52
92.52
92.52
92.52
92.52
92.52
92.52
96.70
96.70
96.70
96.70
96.70
96.70
96.70
97.21
97.21
97.21
97.21
97.21
97.21
97.21
97.21
97.21
97.09
97.09
97.09
97.09
97.09
97.09
97.09
97.09
97.09
97.85
97.85
97.85
97.85
97.85
97.85
97.85
97.85
97.85
97.90
97.90
97.90
97.90
97.90
97.90
97.90
97.90
97.90
97.90
98.23
98.23
98.23
98.23
98.23
98.23
98.23
98.23
98.23
98.23
98.23
98.23
98.23
98.23
