97.16
97.16
97.16
97.16
97.16
97.16
97.16
97.16
97.94
97.94
97.94
97.94
97.94
97.94
97.94
97.94
96.61
96.61
96.61
96.61
96.61
96.61
96.61
96.61
96.61
94.35
94.35
94.35
94.35
94.35
94.35
94.35
94.35
96.10
96.10
96.10
96.10
96.10
96.10
95.16
95.16
95.16
95.16
95.16
95.16
95.16
95.16
95.16
96.97
96.97
96.97
96.97
96.97
96.97
96.97
96.97
98.39
98.39
98.39
98.39
98.39
98.39
98.72
98.72
98.72
98.72
98.72
98.72
98.72
98.46
98.46
98.46
98.46
98.46
98.46
98.46
98.46
98.46
98.30
98.30
98.30
98.30
98.30
98.30
98.30
98.30
98.30
98.47
98.47
98.47
98.47
98.47
98.32
98.32
98.32
98.32
98.32
98.32
98.32
98.32
98.32
98.48
98.48
98.48
98.48
98.48
98.48
98.48
98.48
97.87
97.87
97.87
97.87
97.41
97.41
97.41
97.41
97.41
97.41
97.41
97.41
97.41
97.38
97.38
97.38
97.38
97.38
97.38
97.38
97.38
97.38
97.38
97.38
97.58
97.58
97.58
97.58
97.58
97.58
97.58
96.01
96.01
96.01
96.01
96.01
96.01
96.01
96.01
95.10
95.10
95.10
95.10
95.10
95.10
95.10
95.14
95.14
95.14
95.14
98.03
98.03
98.03
98.03
98.03
98.03
98.03
98.03
98.03
98.03
98.70
98.70
98.70
98.70
98.70
