91.78
91.78
91.78
91.78
91.78
91.78
91.78
91.78
91.78
93.68
93.68
93.68
93.68
93.68
93.68
93.68
93.68
96.92
96.92
96.92
96.92
96.92
96.92
96.92
96.92
96.92
96.92
96.92
98.03
98.03
98.03
98.03
98.03
98.03
98.03
98.28
98.28
98.28
98.28
98.28
98.28
98.28
98.28
97.77
97.77
97.77
97.77
97.77
97.77
97.77
97.77
98.09
98.09
98.09
98.09
98.53
98.53
98.53
98.53
98.53
98.53
98.53
98.36
98.36
98.36
98.36
98.36
98.36
98.36
98.36
98.36
98.23
98.23
98.23
98.23
98.23
98.23
98.23
98.23
98.23
98.23
98.23
97.50
97.50
97.50
97.50
97.50
97.50
97.32
97.32
97.32
97.32
97.32
97.32
97.32
97.32
97.32
97.32
97.32
96.53
96.53
96.53
96.53
96.53
94.71
94.71
94.71
94.71
94.71
94.71
91.17
91.17
91.17
91.17
91.17
91.17
91.17
91.17
87.27
87.27
87.27
87.27
87.27
87.27
87.27
88.44
88.44
88.44
88.44
88.44
88.44
88.44
88.79
88.79
88.79
88.79
88.79
88.79
88.79
88.79
92.82
92.82
92.82
92.82
92.82
92.82
92.82
92.82
93.62
93.62
93.62
93.62
93.62
93.62
93.62
94.91
94.91
94.91
94.91
94.91
94.91
96.85
96.85
96.85
96.85
96.85
96.85
96.85
97.29
97.29
97.29
97.29
97.29
97.29
97.29
97.29
97.87
97.87
97.87
97.87
97.87
97.87
97.87
97.87
97.87
97.87
97.87
97.87
96.43
96.43
96.43
96.43
96.43
96.43
96.43
96.43
96.43
96.43
96.43
96.05
96.05
96.05
96.05
96.05
96.05
96.05
96.05
96.05
96.14
96.14
96.14
96.14
96.14
96.14
96.14
96.14
96.14
96.14
96.14
96.09
96.09
96.09
96.09
96.45
96.45
96.45
96.45
96.45
96.45
96.45
97.28
97.28
97.28
97.28
97.28
97.28
97.28
97.97
97.97
97.97
97.97
97.97
97.97
97.97
97.97
98.00
98.00
98.00
98.00
98.00
98.00
96.49
96.49
96.49
96.49
96.49
96.49
96.49
96.49
93.88
93.88
93.88
93.88
93.88
93.88
93.88
93.88
94.23
94.23
94.23
94.23
94.23
94.23
94.23
97.04
97.04
97.04
97.04
97.04
97.04
97.04
97.04
96.48
96.48
96.48
96.48
96.48
96.48
96.48
96.79
96.79
96.79
96.79
96.79
96.79
96.79
96.06
96.06
96.06
96.06
96.06
96.06
96.06
96.06
96.06
94.16
94.16
94.16
94.16
94.16
94.16
94.16
94.16
91.79
91.79
91.79
91.79
91.79
91.79
91.79
91.79
91.56
91.56
91.56
91.56
91.56
91.56
94.03
94.03
94.03
94.03
94.03
94.03
94.03
94.21
94.21
94.21
94.21
94.21
94.21
94.21
94.86
94.86
94.86
94.86
94.86
94.86
94.86
