91.78
91.78
91.78
91.78
91.78
91.78
91.78
91.78
91.78
93.68
93.68
93.68
93.68
93.68
93.68
93.68
93.68
96.92
96.92
96.92
96.92
96.92
96.92
96.92
96.92
96.92
96.92
96.92
98.03
98.03
98.03
98.03
98.03
98.03
98.03
98.28
98.28
98.28
98.28
98.28
98.28
98.28
98.28
97.77
97.77
97.77
97.77
97.77
97.77
97.77
97.77
98.09
98.09
98.09
98.09
98.53
98.53
98.53
98.53
98.53
98.53
98.53
98.36
98.36
98.36
98.36
98.36
98.36
98.36
98.36
98.36
98.23
98.23
98.23
98.23
98.23
98.23
98.23
98.23
98.23
98.23
98.23
97.50
97.50
97.50
97.50
97.50
97.50
97.32
97.32
97.32
97.32
97.32
97.32
97.32
97.32
97.32
97.32
97.32
96.53
96.53
96.53
96.53
96.53
94.71
94.71
94.71
94.71
94.71
94.71
91.17
91.17
91.17
91.17
91.17
91.17
91.17
91.17
87.27
87.27
87.27
87.27
87.27
87.27
87.27
88.44
88.44
88.44
88.44
88.44
88.44
88.44
88.79
88.79
88.79
88.79
88.79
88.79
88.79
88.79
92.82
92.82
92.82
92.82
92.82
92.82
92.82
92.82
93.62
93.62
93.62
93.62
93.62
93.62
93.62
94.91
94.91
94.91
94.91
94.91
94.91
96.85
96.85
96.85
96.85
96.85
96.85
96.85
97.29
97.29
97.29
97.29
97.29
97.29
97.29
97.29
97.87
97.87
97.87
97.87
97.87
97.87
97.87
97.87
97.87
97.87
97.87
97.87
