0.95
0.95
0.94
0.94
0.93
0.94
0.91
0.91
0.93
0.93
0.93
0.91
0.92
0.85
0.80
0.72
0.65
0.92
0.92
0.92
0.91
0.91
0.86
0.82
0.79
0.77
0.94
0.94
0.94
0.94
0.93
0.94
0.94
0.94
0.93
0.94
0.86
0.86
0.81
0.95
0.95
0.95
0.95
0.94
0.92
0.95
0.95
0.95
0.94
0.95
0.90
0.88
0.85
0.84
0.95
0.95
0.95
0.94
0.94
0.92
0.92
0.95
0.94
0.93
0.94
0.91
0.93
0.93
0.92
0.91
0.90
0.88
0.84
0.84
0.90
0.89
0.89
0.86
0.87
0.75
0.67
0.71
0.90
0.91
0.90
0.90
0.89
0.89
0.86
0.86
0.87
0.87
0.83
0.86
0.91
0.91
0.91
0.88
0.89
0.77
0.73
0.65
0.58
0.93
0.93
0.93
0.91
0.93
0.81
0.76
0.70
0.63
0.94
0.94
0.94
0.94
0.94
0.91
0.88
0.86
0.82
0.95
0.95
0.95
0.94
0.95
0.86
0.83
0.76
0.70
