88.91
88.91
88.91
88.91
88.91
88.91
88.91
88.91
95.18
95.18
95.18
95.18
95.18
95.18
95.18
95.18
95.18
95.18
95.18
95.79
95.79
95.79
95.79
95.79
95.79
95.79
95.79
95.92
95.92
95.92
95.92
95.92
95.92
95.92
95.92
94.22
94.22
94.22
94.22
94.22
94.22
94.22
94.22
94.22
94.43
94.43
94.43
94.43
94.43
94.43
94.43
94.43
94.43
94.43
94.43
94.80
94.80
94.80
94.80
94.80
94.80
94.80
94.80
93.17
93.17
93.17
93.17
93.17
92.15
92.15
92.15
92.15
92.15
92.15
92.15
92.15
92.15
93.19
93.19
93.19
93.19
93.19
93.19
93.19
93.19
91.71
91.71
91.71
91.71
91.71
91.71
91.71
89.19
89.19
89.19
89.19
91.67
91.67
91.67
91.67
91.67
91.67
91.67
91.67
91.10
91.10
91.10
91.10
91.10
91.10
91.10
91.33
91.33
91.33
91.33
91.33
91.33
91.33
91.33
91.33
91.33
91.33
93.26
93.26
93.26
93.26
93.26
93.26
94.91
94.91
94.91
94.91
94.91
94.91
94.91
94.91
94.91
95.38
95.38
95.38
95.38
95.38
96.22
96.22
96.22
96.22
96.22
96.22
96.22
96.34
96.34
96.34
96.34
96.34
96.34
96.34
96.34
96.34
95.22
95.22
95.22
95.22
95.22
96.45
96.45
96.45
96.45
96.45
96.45
96.45
96.45
95.55
95.55
95.55
95.55
95.55
95.55
95.55
95.55
95.55
95.55
95.55
95.31
95.31
95.31
95.31
95.31
95.31
95.31
95.31
95.31
93.13
93.13
93.13
93.13
93.13
93.13
92.00
92.00
92.00
92.00
92.00
96.24
96.24
96.24
96.24
96.24
96.24
96.24
97.40
97.40
97.40
97.40
97.40
97.40
97.40
97.40
97.40
96.90
96.90
96.90
96.90
96.90
96.90
96.90
96.90
95.72
95.72
95.72
95.72
95.72
95.72
95.72
95.72
92.69
92.69
92.69
92.69
95.74
95.74
95.74
95.74
95.74
95.74
95.74
95.74
95.74
95.71
95.71
95.71
95.71
95.71
95.71
95.71
95.71
94.71
94.71
94.71
94.71
94.71
94.71
94.71
94.56
94.56
94.56
94.56
94.56
94.56
94.56
94.56
94.56
95.02
95.02
95.02
95.02
95.02
95.02
92.63
92.63
92.63
92.63
95.76
95.76
95.76
95.76
95.76
95.76
95.90
95.90
95.90
95.90
95.90
95.90
95.90
96.62
96.62
96.62
96.62
96.62
96.62
96.62
96.62
96.62
95.07
95.07
95.07
95.07
95.07
95.07
95.07
95.07
93.96
93.96
93.96
93.96
93.96
93.96
90.11
90.11
90.11
90.11
90.11
90.11
90.11
90.11
90.11
92.42
92.42
92.42
92.42
92.42
92.42
92.42
92.42
92.42
95.32
95.32
95.32
95.32
95.32
95.32
95.32
95.32
96.13
96.13
96.13
96.13
96.13
96.13
96.13
96.13
96.13
96.73
96.73
96.73
96.73
96.73
96.73
96.73
96.73
97.36
97.36
97.36
97.36
97.36
97.36
97.36
97.36
97.36
97.36
97.36
97.36
96.04
96.04
96.04
96.04
96.04
96.04
96.04
96.04
96.04
96.04
96.04
93.93
93.93
93.93
93.93
93.93
93.93
93.93
93.93
93.93
92.29
92.29
92.29
92.29
92.29
92.29
92.29
92.29
94.63
94.63
94.63
94.63
94.63
94.63
94.63
94.63
94.63
95.56
95.56
95.56
95.56
95.56
95.56
95.56
95.56
94.24
94.24
94.24
94.24
94.24
94.24
94.24
94.24
90.15
90.15
90.15
90.15
90.15
90.15
90.15
90.08
90.08
90.08
90.08
90.08
90.08
90.08
90.08
90.08
90.08
90.08
90.08
90.08
90.08
