95.32
95.32
95.32
95.32
95.32
95.29
95.29
95.29
95.29
95.29
95.29
95.29
95.29
95.69
95.69
95.69
95.69
95.69
95.69
95.69
95.69
96.78
96.78
96.78
96.78
96.78
96.64
96.64
96.64
96.64
96.64
96.64
96.64
96.64
96.64
96.94
96.94
96.94
96.94
96.94
96.94
96.94
96.94
96.77
96.77
96.77
96.77
96.77
96.77
96.77
96.77
96.60
96.60
96.60
96.60
96.60
95.76
95.76
95.76
95.76
95.76
95.76
95.76
95.76
95.55
95.55
95.55
95.55
95.55
95.55
95.55
95.55
95.27
95.27
95.27
95.27
95.27
95.27
95.27
95.27
95.27
95.27
95.27
95.06
95.06
95.06
95.06
95.06
95.06
95.06
94.79
94.79
94.79
94.79
94.79
94.79
94.79
94.79
94.79
94.79
94.79
93.95
93.95
93.95
93.95
93.95
93.95
93.95
93.95
93.19
93.19
93.19
93.19
92.73
92.73
92.73
92.73
92.73
91.83
91.83
91.83
91.83
91.83
91.83
91.83
91.83
92.68
92.68
92.68
92.68
92.68
93.65
93.65
93.65
93.65
93.65
93.65
93.65
93.65
91.52
91.52
91.52
91.52
91.52
91.90
91.90
91.90
91.90
91.90
91.90
91.90
91.90
94.45
94.45
94.45
94.45
94.45
