95.31
95.31
95.31
95.31
95.31
95.31
95.31
95.31
93.72
93.72
93.72
93.72
93.72
93.72
93.72
93.72
93.72
92.61
92.61
92.61
92.61
92.61
92.61
92.61
91.93
91.93
91.93
91.93
94.27
94.27
94.27
94.27
94.27
95.99
95.99
95.99
95.99
95.99
95.99
95.99
96.54
96.54
96.54
96.54
96.54
96.54
96.54
96.54
96.54
96.54
96.38
96.38
96.38
96.38
96.38
96.38
96.38
95.11
95.11
95.11
95.11
95.11
95.11
95.11
95.11
91.93
91.93
91.93
91.93
91.93
91.93
91.93
88.11
88.11
88.11
88.11
88.11
88.11
88.11
88.11
88.11
88.11
88.83
88.83
88.83
88.83
88.83
88.83
88.83
88.83
89.92
89.92
89.92
89.92
89.92
89.92
90.48
90.48
90.48
90.48
90.48
90.48
90.48
90.48
90.48
83.62
83.62
83.62
83.62
85.02
85.02
85.02
85.02
85.02
85.02
85.02
85.02
85.02
85.02
85.02
85.02
86.75
86.75
86.75
86.75
86.75
86.75
90.33
90.33
90.33
90.33
90.33
90.33
90.33
90.33
90.33
90.33
90.33
94.29
94.29
94.29
94.29
94.29
94.29
94.29
94.72
94.72
94.72
94.72
94.72
94.72
94.72
94.72
94.72
94.46
94.46
94.46
94.46
94.46
94.46
93.38
93.38
93.38
93.38
93.38
93.38
93.38
93.38
93.38
93.38
93.38
91.44
91.44
91.44
91.44
91.44
91.44
91.44
87.25
87.25
87.25
87.25
87.25
87.25
87.25
87.25
70.08
70.08
70.08
70.08
70.08
70.08
70.08
