96.31
96.31
96.31
96.31
96.31
96.31
96.31
96.31
96.31
96.31
96.31
96.17
96.17
96.17
96.17
96.17
96.17
96.17
96.17
96.17
96.31
96.31
96.31
96.31
96.31
96.31
96.31
96.31
96.31
96.31
96.31
97.06
97.06
97.06
97.06
97.06
97.06
98.24
98.24
98.24
98.24
98.24
98.24
98.24
98.24
98.24
97.98
97.98
97.98
97.98
97.98
97.98
97.98
97.98
97.98
98.38
98.38
98.38
98.38
98.38
98.38
98.38
98.53
98.53
98.53
98.53
98.53
98.27
98.27
98.27
98.27
98.27
98.27
98.27
98.27
98.01
98.01
98.01
98.01
98.01
98.17
98.17
98.17
98.17
98.17
98.17
98.17
98.17
97.80
97.80
97.80
97.80
98.47
98.47
98.47
98.47
98.47
98.47
98.47
98.34
98.34
98.34
98.34
98.34
98.34
98.34
98.34
98.34
98.34
98.58
98.58
98.58
98.58
98.58
98.58
98.58
98.58
98.58
98.58
98.48
98.48
98.48
98.48
98.48
98.48
98.48
98.48
98.48
97.63
97.63
97.63
97.63
97.63
97.63
97.63
97.63
97.24
97.24
97.24
97.24
97.24
97.24
97.24
97.24
97.24
97.47
97.47
97.47
97.47
97.47
97.47
97.47
97.47
