93.44
93.44
93.44
93.44
93.44
93.44
93.44
95.84
95.84
95.84
95.84
95.84
95.84
95.84
95.84
97.77
97.77
97.77
97.77
97.77
97.77
97.77
97.77
97.77
97.77
97.77
98.26
98.26
98.26
98.26
98.26
98.26
98.26
98.26
98.26
98.26
98.26
98.26
98.42
98.42
98.42
98.42
98.42
98.42
98.42
98.42
98.42
98.61
98.61
98.61
98.61
98.61
98.61
98.61
98.61
97.97
97.97
97.97
97.97
97.97
97.97
97.97
97.97
96.76
96.76
96.76
96.76
96.76
96.76
96.76
96.76
94.03
94.03
94.03
94.03
94.03
94.03
94.03
94.03
93.22
93.22
93.22
93.22
93.22
93.22
93.22
93.22
93.22
93.22
93.22
93.22
95.04
95.04
95.04
95.04
95.04
95.04
95.04
95.04
95.04
97.55
97.55
97.55
97.55
97.55
97.55
97.55
97.66
97.66
97.66
97.66
97.66
97.66
97.66
98.39
98.39
98.39
98.39
98.39
98.39
98.39
98.39
98.39
98.39
98.39
98.39
98.67
98.67
98.67
98.67
98.67
98.67
98.67
98.67
98.67
98.67
98.67
98.67
98.62
98.62
98.62
98.62
98.62
98.62
98.62
98.62
98.62
98.62
98.62
98.62
98.31
98.31
98.31
98.31
98.31
98.31
98.31
98.31
98.31
97.47
97.47
97.47
97.47
97.47
97.47
97.47
97.47
97.47
