84.61
84.61
84.61
84.61
84.61
84.61
84.61
84.61
79.41
79.41
79.41
79.41
79.41
79.41
79.41
79.41
79.41
79.77
79.77
79.77
79.77
79.77
79.77
79.77
79.77
79.77
81.74
81.74
81.74
81.74
81.74
70.15
70.15
70.15
70.15
70.15
70.15
70.15
70.15
70.15
74.53
74.53
74.53
74.53
74.53
74.53
74.53
74.53
79.01
79.01
79.01
79.01
85.07
85.07
85.07
85.07
85.07
85.07
85.07
87.25
87.25
87.25
87.25
87.25
87.25
87.25
87.25
89.31
89.31
89.31
89.31
89.31
89.31
89.31
89.31
89.05
89.05
89.05
89.05
89.05
89.05
89.05
89.05
86.36
86.36
86.36
86.36
86.36
86.36
86.36
86.36
86.36
86.60
86.60
86.60
86.60
86.60
86.60
86.60
86.60
87.89
87.89
87.89
87.89
87.89
85.83
85.83
85.83
85.83
85.83
85.25
85.25
85.25
85.25
85.25
85.25
85.25
85.25
84.25
84.25
84.25
84.25
84.25
84.25
84.25
79.91
79.91
79.91
79.91
79.91
79.91
79.91
79.91
73.54
73.54
73.54
73.54
73.54
67.16
67.16
67.16
67.16
67.16
67.16
67.16
65.41
65.41
65.41
65.41
65.41
65.41
65.41
65.41
65.41
65.41
65.41
