0.41
0.46
0.42
0.37
0.42
0.34
0.34
0.34
0.47
0.51
0.48
0.43
0.47
0.41
0.39
0.29
0.33
0.36
0.61
0.62
0.62
0.55
0.58
0.44
0.46
0.73
0.74
0.76
0.70
0.74
0.68
0.81
0.82
0.83
0.79
0.82
0.76
0.74
0.89
0.89
0.89
0.89
0.87
0.89
0.87
0.88
0.88
0.88
0.84
0.86
0.90
0.90
0.90
0.89
0.90
0.84
0.92
0.92
0.91
0.91
0.90
0.86
0.81
0.75
0.68
0.91
0.91
0.91
0.90
0.89
0.85
0.80
0.83
0.91
0.91
0.92
0.90
0.91
0.94
0.94
0.94
0.93
0.93
0.92
0.91
0.94
0.94
0.94
0.94
0.94
0.91
0.87
0.87
0.94
0.94
0.94
0.93
0.93
0.88
0.88
0.94
0.94
0.94
0.94
0.94
0.94
0.94
0.95
0.93
0.94
0.72
0.95
0.95
0.95
0.94
0.94
0.89
0.81
0.81
0.94
0.94
0.94
0.93
0.93
0.80
0.95
0.95
0.95
0.94
0.94
0.91
0.91
0.95
0.95
0.94
0.94
0.93
0.93
0.90
0.89
0.95
0.95
0.95
0.93
0.94
0.83
0.77
0.65
0.73
0.94
0.94
0.94
0.93
0.94
0.88
0.84
0.79
0.72
0.95
0.95
0.95
0.95
0.94
0.93
0.93
0.91
0.95
0.95
0.94
0.94
0.92
0.89
0.89
0.92
0.91
0.91
0.89
0.89
0.88
0.88
0.85
0.86
0.74
0.69
0.62
0.48
0.42
0.61
0.89
0.89
0.89
0.87
0.87
0.81
0.78
0.77
0.91
0.91
0.90
0.91
0.88
0.91
0.89
0.89
0.89
0.86
0.87
0.78
0.73
0.69
0.66
0.92
0.92
0.92
0.91
0.91
0.86
0.83
0.77
0.73
0.94
0.94
0.94
0.93
0.94
0.92
0.90
0.90
0.96
0.96
0.96
0.95
0.96
0.93
0.93
0.96
0.96
0.96
0.95
0.96
0.90
0.85
0.82
0.67
0.63
0.79
0.96
0.96
0.96
0.96
0.96
0.95
0.93
0.93
0.93
0.93
0.96
0.96
0.96
0.96
0.96
0.93
0.93
0.89
0.96
0.96
0.96
0.95
0.95
0.95
0.93
0.92
0.92
0.96
0.96
0.96
0.95
0.95
0.92
0.92
0.88
0.95
0.95
0.95
0.94
0.94
0.91
0.87
0.87
0.94
0.94
0.93
0.93
0.91
0.92
0.89
0.89
0.91
0.90
0.90
0.88
0.88
0.88
0.87
0.85
0.85
0.79
0.73
0.78
0.88
0.88
0.87
0.87
0.85
0.88
0.86
0.86
0.86
0.85
0.89
0.89
0.89
0.88
0.88
0.84
0.79
0.79
0.90
0.90
0.90
0.88
0.90
0.79
0.75
0.67
0.47
0.42
0.65
0.92
0.93
0.92
0.92
0.91
0.93
0.92
0.92
0.92
0.92
0.90
0.92
0.93
0.93
0.93
0.92
0.93
0.84
0.79
0.70
0.76
0.94
0.94
0.94
0.94
0.94
0.93
0.92
0.95
0.94
0.94
0.93
0.94
0.95
0.95
0.94
0.94
0.93
0.92
0.91
0.95
0.95
0.95
0.95
0.95
0.96
0.96
0.96
0.96
0.95
0.95
0.94
0.94
0.96
0.96
0.96
0.95
0.96
0.96
0.96
0.96
0.95
0.93
0.93
0.95
0.95
0.95
0.95
0.93
0.93
0.89
0.89
0.90
0.89
0.90
0.87
0.88
0.87
0.95
0.95
0.94
0.94
0.93
0.94
0.92
0.92
0.91
0.91
0.87
0.91
