0.57
0.61
0.60
0.51
0.56
0.85
0.85
0.87
0.80
0.85
0.70
0.66
0.53
0.64
0.92
0.93
0.92
0.92
0.90
0.92
0.90
0.90
0.90
0.91
0.90
0.93
0.93
0.94
0.91
0.93
0.79
0.75
0.68
0.60
0.93
0.93
0.93
0.92
0.91
0.89
0.86
0.85
0.85
0.92
0.92
0.91
0.89
0.92
0.92
0.92
0.91
0.91
0.83
0.78
0.75
0.72
0.94
0.94
0.94
0.94
0.94
0.92
0.89
0.89
0.89
0.90
0.95
0.95
0.95
0.95
0.94
0.95
0.94
0.93
0.93
0.93
0.91
0.93
0.94
0.94
0.94
0.93
0.94
0.78
0.73
0.62
0.69
0.94
0.94
0.93
0.93
0.92
0.89
0.89
0.94
0.93
0.93
0.93
0.91
0.92
0.89
0.88
0.91
0.90
0.89
0.87
0.86
0.79
0.75
0.66
0.59
0.89
0.89
0.89
0.87
0.88
0.74
0.72
0.87
0.87
0.88
0.86
0.87
0.80
0.79
0.88
0.89
0.88
0.87
0.87
