89.55
89.55
89.55
89.55
89.55
89.55
89.55
89.55
89.55
89.80
89.80
89.80
89.80
89.80
89.80
87.93
87.93
87.93
87.93
87.93
87.93
87.93
88.61
88.61
88.61
88.61
88.61
88.61
88.61
88.61
85.97
85.97
85.97
85.97
85.97
85.97
84.49
84.49
84.49
84.49
84.49
84.49
84.49
84.49
84.49
84.49
84.49
75.61
75.61
75.61
75.61
75.61
75.61
75.61
74.37
74.37
74.37
74.37
74.37
74.37
66.91
66.91
66.91
66.91
66.91
66.91
66.91
66.91
66.91
66.91
66.91
57.75
57.75
57.75
57.75
57.75
57.75
57.75
53.82
53.82
53.82
53.82
53.82
53.82
53.82
53.82
53.82
41.04
41.04
41.04
41.04
41.04
43.61
43.61
43.61
43.61
43.61
43.61
43.61
43.61
43.61
43.61
43.61
41.45
41.45
41.45
41.45
41.45
41.45
41.45
50.31
50.31
50.31
50.31
50.31
50.31
50.31
64.40
64.40
64.40
64.40
64.40
64.40
64.40
64.40
68.86
68.86
68.86
68.86
68.86
68.86
68.86
68.86
68.86
68.86
68.86
76.41
76.41
76.41
76.41
76.41
76.41
76.41
68.54
68.54
68.54
68.54
68.54
68.54
68.54
68.54
74.96
74.96
74.96
74.96
74.96
74.96
74.96
74.96
67.64
67.64
67.64
67.64
67.64
67.64
67.64
67.64
65.57
65.57
65.57
65.57
65.57
65.57
74.89
74.89
74.89
74.89
74.89
74.89
74.89
74.89
68.79
68.79
68.79
68.79
68.79
68.79
68.79
68.79
70.56
70.56
70.56
70.56
70.56
70.56
70.56
70.56
70.56
64.96
64.96
64.96
64.96
64.96
64.96
64.96
64.96
64.96
71.30
71.30
71.30
71.30
71.30
71.30
71.30
81.94
81.94
81.94
81.94
81.94
81.94
81.56
81.56
81.56
81.56
81.56
81.56
81.56
85.67
85.67
85.67
85.67
85.67
85.67
85.67
85.67
80.92
80.92
80.92
80.92
80.92
80.92
80.92
80.92
80.92
80.92
80.92
83.18
83.18
83.18
83.18
83.18
83.18
83.18
83.18
83.18
83.18
83.18
78.05
78.05
78.05
78.05
78.05
78.05
81.43
81.43
81.43
81.43
81.43
81.43
81.43
81.43
81.43
81.43
81.43
81.43
81.43
81.43
