0.86
0.86
0.86
0.84
0.84
0.79
0.76
0.68
0.63
0.84
0.84
0.84
0.82
0.83
0.79
0.77
0.86
0.86
0.86
0.84
0.84
0.77
0.76
0.74
0.84
0.84
0.84
0.81
0.82
0.75
0.71
0.73
0.88
0.88
0.89
0.86
0.87
0.81
0.77
0.79
0.91
0.91
0.91
0.89
0.90
0.90
0.91
0.91
0.89
0.91
0.82
0.77
0.80
0.92
0.92
0.92
0.91
0.91
0.92
0.92
0.92
0.90
0.91
0.84
0.80
0.73
0.67
0.93
0.93
0.94
0.91
0.93
0.79
0.74
0.69
0.52
0.46
0.66
0.94
0.94
0.94
0.93
0.93
0.90
0.84
0.84
0.93
0.93
0.93
0.92
0.92
0.81
0.71
0.68
0.71
0.69
0.93
0.94
0.94
0.92
0.93
0.82
0.77
0.68
0.74
0.95
0.95
0.95
0.93
0.94
0.84
0.77
0.74
0.73
0.95
0.95
0.95
0.95
0.94
0.94
0.92
0.91
0.91
0.91
0.91
0.94
0.94
0.94
0.93
0.93
0.84
0.78
0.68
0.74
0.94
0.94
0.94
0.93
0.93
0.78
0.95
0.95
0.95
0.94
0.94
0.93
0.90
0.90
0.96
0.96
0.96
0.95
0.96
0.88
0.96
0.95
0.96
0.94
0.95
0.69
0.96
0.96
0.96
0.94
0.96
0.78
0.71
0.67
0.64
0.96
0.96
0.96
0.95
0.95
0.94
0.92
0.91
0.96
0.96
0.95
0.95
0.95
0.93
0.91
0.91
0.90
0.96
0.95
0.95
0.95
0.95
0.95
0.95
0.95
0.94
0.94
0.95
0.95
0.94
0.95
0.94
0.94
0.92
0.92
0.94
0.94
0.94
0.93
0.93
0.90
0.88
0.86
0.76
0.74
0.81
0.94
0.94
0.93
0.93
0.92
0.87
0.83
0.77
0.71
0.92
0.92
0.91
0.90
0.88
0.83
0.76
0.77
0.89
0.89
0.89
0.87
0.86
0.83
0.78
0.78
0.89
0.90
0.88
0.88
0.86
0.87
0.86
