96.53
96.53
96.53
96.53
96.53
96.53
96.53
96.53
96.53
96.53
96.80
96.80
96.80
96.80
96.80
96.80
96.80
96.80
96.23
96.23
96.23
96.23
96.23
96.23
96.23
96.23
97.30
97.30
97.30
97.30
97.30
97.30
97.30
97.30
97.30
97.87
97.87
97.87
97.87
97.87
97.87
97.87
97.87
97.87
97.87
97.87
97.89
97.89
97.89
97.89
97.89
97.89
97.89
97.89
97.89
97.89
97.89
97.89
96.45
96.45
96.45
96.45
96.45
96.45
96.45
96.45
96.45
96.45
96.45
96.64
96.64
96.64
96.64
96.64
96.64
96.64
96.64
96.64
97.12
97.12
97.12
97.12
97.12
97.12
97.12
97.12
96.39
96.39
96.39
96.39
96.39
96.39
96.39
96.39
96.39
96.39
96.39
95.98
95.98
95.98
95.98
95.98
95.98
95.98
95.98
95.98
95.98
95.98
95.82
95.82
95.82
95.82
95.82
95.82
95.82
95.82
95.82
95.82
97.19
97.19
97.19
97.19
97.19
97.19
97.19
97.19
95.16
95.16
95.16
95.16
95.16
95.16
95.16
96.58
96.58
96.58
96.58
96.58
96.58
96.58
96.58
96.58
96.58
96.58
98.05
98.05
98.05
98.05
98.05
98.05
98.05
98.50
98.50
98.50
98.50
98.50
98.50
98.50
98.50
98.65
98.65
98.65
98.65
98.65
98.65
98.65
98.75
98.75
98.75
98.75
98.75
98.75
98.75
98.75
98.65
98.65
98.65
98.65
98.65
98.65
98.65
98.65
98.65
98.65
98.65
98.75
98.75
98.75
98.75
98.75
98.75
98.75
98.75
98.46
98.46
98.46
98.46
98.46
98.46
98.46
98.46
97.85
97.85
97.85
97.85
97.85
98.52
98.52
98.52
98.52
98.52
98.52
97.80
97.80
97.80
97.80
98.58
98.58
98.58
98.58
98.58
98.58
98.58
98.58
98.80
98.80
98.80
98.80
98.80
98.80
98.80
98.80
98.85
98.85
98.85
98.85
98.85
98.85
98.85
98.81
98.81
98.81
98.81
98.81
98.81
98.81
98.81
98.58
98.58
98.58
98.58
98.58
98.27
98.27
98.27
98.27
98.27
