90.81
90.81
90.81
90.81
90.81
90.81
90.81
98.38
98.38
98.38
98.38
98.38
98.38
98.38
98.38
98.38
98.80
98.80
98.80
98.80
98.80
98.80
98.80
98.80
98.80
98.80
98.80
98.80
98.88
98.88
98.88
98.88
98.88
98.88
98.88
98.89
98.89
98.89
98.89
98.89
98.89
98.89
98.89
98.92
98.92
98.92
98.92
98.92
98.92
98.92
98.74
98.74
98.74
98.74
98.74
98.74
98.74
98.74
98.60
98.60
98.60
98.60
98.60
98.60
98.60
98.60
98.60
98.09
98.09
98.09
98.09
98.09
98.09
98.09
98.09
98.09
98.38
98.38
98.38
98.38
98.38
98.38
98.38
98.68
98.68
98.68
98.68
98.68
98.68
98.37
98.37
98.37
98.37
98.37
98.37
98.37
98.37
98.23
98.23
98.23
98.23
98.23
98.08
98.08
98.08
98.08
98.08
98.08
97.83
97.83
97.83
97.83
98.42
98.42
98.42
98.42
98.42
98.78
98.78
98.78
98.78
98.78
98.78
98.32
98.32
98.32
98.32
98.29
98.29
98.29
98.29
98.29
98.59
98.59
98.59
98.59
98.59
98.72
98.72
98.72
98.72
98.72
98.40
98.40
98.40
98.40
98.40
98.40
98.40
98.58
98.58
98.58
98.58
98.58
98.58
98.58
98.58
98.88
98.88
98.88
98.88
98.88
98.88
98.88
98.88
98.81
98.81
98.81
98.81
98.81
98.81
98.81
98.81
98.81
98.81
98.81
98.81
98.69
98.69
98.69
98.69
98.69
98.69
98.69
98.69
98.49
98.49
98.49
98.49
98.49
98.49
98.49
98.49
98.49
98.49
98.49
98.49
97.60
97.60
97.60
97.60
97.60
97.60
97.60
97.60
96.76
96.76
96.76
96.76
96.76
96.76
96.76
96.76
96.76
96.69
96.69
96.69
96.69
96.69
96.69
96.69
96.69
97.62
97.62
97.62
97.62
98.63
98.63
98.63
98.63
98.63
98.63
98.63
98.63
98.86
98.86
98.86
98.86
98.86
98.82
98.82
98.82
98.82
98.82
98.82
98.82
98.82
98.82
98.82
98.82
98.82
98.86
98.86
98.86
98.86
98.86
98.86
98.86
98.51
98.51
98.51
98.51
98.51
98.51
98.51
98.47
98.47
98.47
98.47
98.47
98.47
98.47
98.47
98.43
98.43
98.43
98.43
98.43
98.43
98.43
98.43
98.31
98.31
98.31
98.31
98.31
98.31
98.31
98.31
98.65
98.65
98.65
98.65
98.65
98.65
98.65
98.65
98.79
98.79
98.79
98.79
98.79
98.79
98.79
98.79
98.79
98.63
98.63
98.63
98.63
98.63
98.63
98.63
98.63
98.63
98.63
98.63
98.63
