98.95
98.95
98.95
98.95
98.95
98.95
98.95
98.94
98.94
98.94
98.94
98.94
98.94
98.94
98.89
98.89
98.89
98.89
98.89
98.89
98.89
98.85
98.85
98.85
98.85
98.85
98.85
98.85
98.85
98.81
98.81
98.81
98.81
98.81
98.81
98.81
98.81
98.81
98.81
98.83
98.83
98.83
98.83
98.83
98.83
98.83
98.68
98.68
98.68
98.68
98.68
98.78
98.78
98.78
98.78
98.78
98.78
98.78
98.82
98.82
98.82
98.82
98.82
98.82
98.85
98.85
98.85
98.85
98.85
98.85
98.85
98.79
98.79
98.79
98.79
98.79
98.79
98.79
98.79
98.76
98.76
98.76
98.76
98.76
98.87
98.87
98.87
98.87
98.87
98.86
98.86
98.86
98.86
98.86
98.86
98.86
98.86
98.86
98.20
98.20
98.20
98.20
98.20
98.20
98.20
98.20
98.20
96.96
96.96
96.96
96.96
96.96
97.09
97.09
97.09
97.09
98.48
98.48
98.48
98.48
98.48
98.48
98.48
98.48
98.48
98.48
98.48
98.48
98.48
98.48
98.19
98.19
98.19
98.19
98.19
98.19
98.19
98.19
98.19
98.41
98.41
98.41
98.41
98.41
98.41
98.41
98.11
98.11
98.11
98.11
98.11
98.11
98.11
98.11
98.11
98.36
98.36
98.36
98.36
98.36
98.36
98.36
97.64
97.64
97.64
97.64
97.08
97.08
97.08
97.08
97.08
97.08
97.08
97.08
98.39
98.39
98.39
98.39
98.39
98.39
98.39
98.39
98.39
98.39
98.39
98.39
97.93
97.93
97.93
97.93
97.93
97.93
97.93
97.93
97.93
97.93
97.93
97.99
97.99
97.99
97.99
97.99
97.95
97.95
97.95
97.95
97.95
97.95
97.95
97.95
98.67
98.67
98.67
98.67
98.81
98.81
98.81
98.81
98.81
98.81
98.78
98.78
98.78
98.78
98.89
98.89
98.89
98.89
98.89
98.89
98.89
98.91
98.91
98.91
98.91
98.91
98.87
98.87
98.87
98.87
98.87
98.87
98.87
98.87
98.87
98.87
98.87
98.86
98.86
98.86
98.86
98.86
98.83
98.83
98.83
98.83
98.83
98.83
98.83
98.83
98.76
98.76
98.76
98.76
98.76
98.72
98.72
98.72
98.72
98.72
98.72
98.72
98.72
98.60
98.60
98.60
98.60
98.60
98.60
98.60
98.60
98.60
98.23
98.23
98.23
98.23
98.23
98.23
98.23
98.26
98.26
98.26
98.26
98.26
98.26
98.26
98.26
98.26
98.06
98.06
98.06
98.06
98.06
98.06
98.06
98.06
98.06
98.24
98.24
98.24
98.24
98.24
98.24
98.24
98.53
98.53
98.53
98.53
98.53
98.53
98.53
98.53
98.53
98.53
98.53
98.53
98.15
98.15
98.15
98.15
98.15
98.15
98.15
98.15
98.15
98.16
98.16
98.16
98.16
98.16
98.16
98.16
98.16
98.16
98.26
98.26
98.26
98.26
98.26
98.26
98.26
98.26
98.13
98.13
98.13
98.13
98.13
98.13
98.13
98.13
98.71
98.71
98.71
98.71
98.71
98.71
98.71
98.71
98.71
98.71
98.71
98.71
98.69
98.69
98.69
98.69
98.69
98.69
98.69
98.69
98.69
98.78
98.78
98.78
98.78
98.78
98.78
98.78
98.78
98.39
98.39
98.39
98.39
98.39
98.39
98.39
98.39
