94.61
94.61
94.61
94.61
94.61
94.61
94.61
95.27
95.27
95.27
95.27
95.27
95.27
95.27
95.27
95.27
95.27
95.27
94.90
94.90
94.90
94.90
94.90
94.90
94.90
95.63
95.63
95.63
95.63
95.63
95.63
95.63
95.63
95.63
95.63
95.63
96.28
96.28
96.28
96.28
97.18
97.18
97.18
97.18
97.18
97.18
97.18
97.78
97.78
97.78
97.78
97.78
97.78
97.78
97.22
97.22
97.22
97.22
97.22
97.22
97.22
97.27
97.27
97.27
97.27
97.27
97.27
96.27
96.27
96.27
96.27
96.27
96.27
96.27
95.64
95.64
95.64
95.64
95.64
95.64
95.64
95.64
95.64
91.83
91.83
91.83
91.83
91.83
91.83
91.83
91.83
91.83
92.31
92.31
92.31
92.31
92.31
92.31
92.31
92.31
91.57
91.57
91.57
91.57
91.57
91.57
91.57
91.57
91.57
91.57
91.57
90.64
90.64
90.64
90.64
90.64
90.64
88.87
88.87
88.87
88.87
88.87
88.87
88.87
87.86
87.86
87.86
87.86
87.86
87.86
87.86
87.86
89.26
89.26
89.26
89.26
89.26
89.26
89.26
89.80
89.80
89.80
89.80
89.80
89.80
89.80
87.74
87.74
87.74
87.74
87.74
87.74
87.74
87.74
87.74
87.74
87.74
90.60
90.60
90.60
90.60
90.60
90.60
90.60
90.60
90.60
90.60
91.80
91.80
91.80
91.80
91.80
91.80
91.80
91.80
91.80
91.33
91.33
91.33
91.33
91.33
91.33
91.33
91.33
91.33
92.08
92.08
92.08
92.08
92.08
92.08
92.08
92.08
92.08
92.08
92.08
92.44
92.44
92.44
92.44
92.44
92.44
92.44
92.44
92.44
93.75
93.75
93.75
93.75
93.75
93.75
93.75
93.75
93.75
93.75
93.75
93.55
93.55
93.55
93.55
93.55
93.55
93.55
93.55
94.34
94.34
94.34
94.34
94.34
94.34
94.34
94.34
94.34
94.34
94.34
94.34
94.34
94.34
94.34
94.34
94.34
94.48
94.48
94.48
94.48
94.48
94.48
94.48
94.48
94.48
94.02
94.02
94.02
94.02
94.02
94.02
94.02
94.02
94.02
96.26
96.26
96.26
96.26
96.26
96.26
96.26
96.26
96.26
96.26
96.26
96.26
95.11
95.11
95.11
95.11
95.11
92.94
92.94
92.94
92.94
92.94
92.94
92.94
92.94
92.94
95.16
95.16
95.16
95.16
95.16
95.16
95.16
95.16
96.11
96.11
96.11
96.11
96.11
96.11
96.11
93.91
93.91
93.91
93.91
93.91
93.91
93.91
93.91
93.91
92.86
92.86
92.86
92.86
92.86
92.86
92.86
95.05
95.05
95.05
95.05
95.05
95.05
95.05
95.05
95.81
95.81
95.81
95.81
95.81
95.81
95.81
95.81
95.81
95.81
94.98
94.98
94.98
94.98
94.98
94.51
94.51
94.51
94.51
94.51
94.51
94.51
94.51
94.51
94.51
94.51
94.51
95.48
95.48
95.48
95.48
95.48
95.48
95.27
95.27
95.27
95.27
95.27
95.27
95.27
95.27
94.02
94.02
94.02
94.02
94.02
94.02
94.02
94.02
92.18
92.18
92.18
92.18
92.18
92.18
91.16
91.16
91.16
91.16
91.16
93.01
93.01
93.01
93.01
95.06
95.06
95.06
95.06
95.06
95.06
95.06
95.06
96.65
96.65
96.65
96.65
96.65
96.65
96.65
96.65
96.65
96.65
96.65
