0.87
0.88
0.88
0.86
0.86
0.82
0.80
0.91
0.91
0.90
0.89
0.89
0.74
0.73
0.91
0.91
0.91
0.90
0.91
0.85
0.91
0.91
0.91
0.90
0.90
0.85
0.80
0.80
0.90
0.90
0.90
0.88
0.89
0.82
0.78
0.81
0.90
0.90
0.91
0.88
0.90
0.81
0.75
0.75
0.92
0.92
0.91
0.91
0.90
0.89
0.89
0.88
0.90
0.89
0.89
0.88
0.88
0.83
0.80
0.73
0.59
0.57
0.71
0.88
0.88
0.89
0.87
0.88
0.84
0.81
0.82
0.89
0.89
0.90
0.88
0.89
0.83
0.82
0.90
0.90
0.89
0.90
0.88
0.90
0.89
0.89
0.87
0.86
0.86
0.85
0.84
0.78
0.85
0.85
0.85
0.83
0.84
0.78
0.75
0.77
0.86
0.86
0.85
0.85
0.84
0.85
0.83
0.83
0.85
0.84
0.83
0.84
0.79
0.85
0.83
0.83
0.74
0.73
0.73
0.69
0.68
0.64
0.63
0.59
0.56
0.60
0.58
0.59
0.54
0.56
0.52
0.53
0.52
0.52
0.52
0.48
0.50
0.45
0.49
0.41
0.31
0.27
0.39
0.47
0.47
0.47
0.43
0.45
0.36
0.37
0.46
0.47
0.46
0.43
0.44
0.41
0.37
0.38
0.42
0.46
0.43
0.40
0.41
0.40
0.37
0.38
0.39
0.43
0.26
0.34
