94.06
94.06
94.06
94.06
94.06
94.06
94.06
94.06
94.81
94.81
94.81
94.81
94.81
94.81
94.81
94.81
94.81
94.88
94.88
94.88
94.88
94.88
95.19
95.19
95.19
95.19
95.19
95.19
95.19
95.19
95.19
95.19
95.19
95.88
95.88
95.88
95.88
95.88
95.88
95.88
95.88
95.88
95.88
95.88
97.06
97.06
97.06
97.06
97.06
97.06
97.06
97.06
97.06
97.06
97.06
97.06
97.06
97.06
97.06
97.06
97.06
97.88
97.88
97.88
97.88
97.88
97.88
97.88
97.88
97.88
97.88
97.88
98.25
98.25
98.25
98.25
98.25
98.25
98.25
98.25
98.25
98.25
98.25
98.25
98.25
98.25
98.19
98.19
98.19
98.19
98.19
98.19
98.19
98.19
98.19
98.19
98.19
98.19
98.19
98.19
98.19
98.19
98.19
98.25
98.25
98.25
98.25
98.25
98.25
98.25
97.56
97.56
97.56
97.56
97.56
97.56
97.56
97.56
97.56
97.69
97.69
97.69
97.69
97.69
97.69
97.69
97.69
97.69
97.06
97.06
97.06
97.06
97.06
96.69
96.69
96.69
96.69
96.69
96.69
96.69
96.69
96.44
96.44
96.44
96.44
96.44
96.44
96.44
96.44
96.94
96.94
96.94
96.94
96.94
96.31
96.31
96.31
96.31
96.31
96.31
96.31
96.31
97.06
97.06
97.06
97.06
97.06
97.31
97.31
97.31
97.31
97.31
97.31
97.31
97.31
97.31
97.06
97.06
97.06
97.06
97.06
97.06
97.06
97.06
97.06
96.81
96.81
96.81
96.81
96.81
96.81
96.81
96.81
97.12
97.12
97.12
97.12
96.25
96.25
96.25
96.25
96.25
96.25
96.25
96.25
95.56
95.56
95.56
95.56
95.56
96.12
96.12
96.12
96.12
96.12
96.12
96.12
96.12
97.38
97.38
97.38
97.38
97.38
97.38
97.38
97.38
97.38
97.38
97.38
98.12
98.12
98.12
98.12
98.12
98.12
98.12
98.12
98.12
98.12
98.12
98.44
98.44
98.44
98.44
98.44
98.44
98.44
98.50
98.50
98.50
98.50
98.50
98.50
98.50
98.50
98.31
98.31
98.31
98.31
98.31
98.31
97.88
97.88
97.88
97.88
97.88
97.88
97.88
97.88
97.88
97.88
97.88
98.56
98.56
98.56
98.56
98.56
98.56
98.56
98.56
98.06
98.06
98.06
98.06
98.06
98.06
98.06
98.06
98.06
98.06
98.06
98.06
98.25
98.25
98.25
98.25
98.25
98.25
98.25
98.25
97.19
97.19
97.19
97.19
97.19
97.19
97.19
97.19
97.56
97.56
97.56
97.56
97.56
97.56
97.56
97.56
96.44
96.44
96.44
96.44
96.44
96.44
96.44
96.44
96.44
96.44
94.88
94.88
94.88
94.88
94.88
94.88
94.88
94.88
94.88
94.88
94.88
96.19
96.19
96.19
96.19
97.62
97.62
97.62
97.62
97.62
97.62
97.62
97.62
97.62
97.94
97.94
97.94
97.94
97.94
97.94
97.94
97.62
97.62
97.62
97.62
97.62
97.62
97.62
97.62
97.94
97.94
97.94
97.94
97.94
97.94
97.94
97.94
98.62
98.62
98.62
98.62
98.62
98.62
98.62
98.62
98.31
98.31
98.31
98.31
98.31
98.31
98.31
98.31
98.50
98.50
98.50
98.50
98.50
98.50
98.50
98.19
98.19
98.19
98.19
98.19
98.19
98.19
98.19
98.19
98.56
98.56
98.56
98.56
98.56
98.56
98.56
98.56
98.56
98.56
98.56
98.31
98.31
98.31
98.31
98.31
98.31
98.31
98.31
98.31
98.31
98.31
98.06
98.06
98.06
98.06
98.06
98.06
98.06
97.94
97.94
97.94
97.94
97.94
97.94
97.94
97.94
96.75
96.75
96.75
96.75
96.75
96.75
96.75
96.75
96.75
