96.65
96.65
96.65
96.65
96.65
96.65
96.65
98.53
98.53
98.53
98.53
98.53
98.53
98.53
98.81
98.81
98.81
98.81
98.81
98.81
98.81
98.91
98.91
98.91
98.91
98.91
98.91
98.91
98.91
98.91
98.91
98.91
98.91
98.93
98.93
98.93
98.93
98.93
98.93
98.93
98.93
98.95
98.95
98.95
98.95
98.95
98.90
98.90
98.90
98.90
98.86
98.86
98.86
98.86
98.86
98.86
98.86
98.86
98.68
98.68
98.68
98.68
98.68
98.68
98.82
98.82
98.82
98.82
98.82
98.82
98.82
98.93
98.93
98.93
98.93
98.93
98.93
98.93
98.93
98.77
98.77
98.77
98.77
98.77
98.69
98.69
98.69
98.69
98.69
98.69
98.69
98.69
98.69
98.50
98.50
98.50
98.50
98.50
98.50
98.50
98.50
98.41
98.41
98.41
98.41
97.70
97.70
97.70
97.70
97.89
97.89
97.89
97.89
97.56
97.56
97.56
97.56
97.56
97.56
97.93
97.93
97.93
97.93
98.76
98.76
98.76
98.76
98.76
98.76
98.76
98.75
98.75
98.75
98.75
98.75
98.75
98.75
98.75
98.82
98.82
98.82
98.82
98.92
98.92
98.92
98.92
98.92
98.92
98.92
98.92
98.92
98.92
98.92
98.92
98.92
98.92
98.82
98.82
98.82
98.82
98.76
98.76
98.76
98.76
98.76
98.76
98.76
98.76
98.76
98.75
98.75
98.75
98.75
98.75
98.75
98.75
98.75
98.75
98.75
98.75
98.75
98.70
98.70
98.70
98.70
98.70
98.70
98.70
98.70
98.05
98.05
98.05
98.05
98.05
97.33
97.33
97.33
97.33
97.33
97.33
98.36
98.36
98.36
98.36
98.36
98.36
98.36
98.36
98.36
98.36
98.36
98.36
98.17
98.17
98.17
98.17
98.17
98.17
98.17
98.17
97.55
97.55
97.55
97.55
97.55
97.55
97.62
97.62
97.62
97.62
97.62
98.20
98.20
98.20
98.20
98.20
98.20
98.20
98.60
98.60
98.60
98.60
98.60
98.60
98.60
98.73
98.73
98.73
98.73
98.73
98.73
98.73
98.80
98.80
98.80
98.80
98.80
98.80
98.80
98.80
98.85
98.85
98.85
98.85
98.85
98.85
98.85
98.85
98.82
98.82
98.82
98.82
98.82
98.79
98.79
98.79
98.79
98.79
98.79
98.79
98.64
98.64
98.64
98.64
98.64
98.06
98.06
98.06
98.06
