97.01
97.01
97.01
97.01
97.01
97.01
97.01
98.18
98.18
98.18
98.18
98.18
98.18
98.18
98.18
97.58
97.58
97.58
97.58
97.58
97.58
97.58
97.58
97.58
97.82
97.82
97.82
97.82
97.82
97.11
97.11
97.11
97.11
98.46
98.46
98.46
98.46
98.46
98.46
98.46
98.46
98.46
98.63
98.63
98.63
98.63
98.63
98.63
98.63
98.69
98.69
98.69
98.69
98.69
98.69
98.69
98.69
98.69
98.69
98.69
98.68
98.68
98.68
98.68
98.68
98.68
98.68
98.56
98.56
98.56
98.56
98.56
98.56
98.56
98.56
98.56
98.56
98.56
98.24
98.24
98.24
98.24
98.24
98.24
98.24
98.24
98.24
98.24
98.24
98.24
96.73
96.73
96.73
96.73
97.77
97.77
97.77
97.77
97.77
97.77
97.77
97.77
97.47
97.47
97.47
97.47
97.47
97.47
97.47
97.47
97.47
97.47
95.48
95.48
95.48
95.48
95.48
95.48
95.48
95.48
95.48
96.54
96.54
96.54
96.54
96.54
96.54
96.54
96.54
97.61
97.61
97.61
97.61
97.61
97.61
97.61
97.61
97.61
97.61
97.61
96.94
96.94
96.94
96.94
96.94
96.94
96.94
98.19
98.19
98.19
98.19
98.19
98.19
98.69
98.69
98.69
98.69
98.69
98.69
98.69
98.79
98.79
98.79
98.79
98.79
98.79
98.79
98.84
98.84
98.84
98.84
98.84
98.84
98.84
98.85
98.85
98.85
98.85
98.85
98.85
98.85
98.75
98.75
98.75
98.75
98.76
98.76
98.76
98.76
98.76
98.76
98.76
98.76
98.12
98.12
98.12
98.12
97.79
97.79
97.79
97.79
97.79
97.79
97.79
97.79
97.79
97.88
97.88
97.88
97.88
97.88
97.88
97.88
97.88
97.88
97.05
97.05
97.05
97.05
97.05
97.05
97.05
97.57
97.57
97.57
97.57
97.57
97.90
97.90
97.90
97.90
98.23
98.23
98.23
98.23
98.23
98.23
98.23
98.23
98.07
98.07
98.07
98.07
98.07
98.07
98.07
98.07
96.78
96.78
96.78
96.78
96.78
96.78
96.78
96.78
96.78
97.66
97.66
97.66
97.66
97.66
97.66
97.66
97.66
97.66
97.85
97.85
97.85
97.85
97.85
97.85
97.85
97.85
97.85
98.18
98.18
98.18
98.18
98.18
98.18
98.18
98.18
98.24
98.24
98.24
98.24
98.24
98.24
98.24
98.24
98.24
98.24
98.24
98.24
98.24
98.24
98.52
98.52
98.52
98.52
98.52
98.52
98.52
98.52
98.52
98.52
98.61
98.61
98.61
98.61
98.61
98.61
98.61
98.61
98.61
98.38
98.38
98.38
98.38
98.81
98.81
98.81
98.81
98.81
98.81
98.81
98.81
98.81
98.82
98.82
98.82
98.82
98.82
98.82
98.82
98.82
98.82
98.70
98.70
98.70
98.70
98.70
98.70
98.70
98.70
