96.28
96.28
96.28
96.28
96.28
96.28
96.28
96.28
96.25
96.25
96.25
96.25
96.25
96.25
96.25
92.49
92.49
92.49
92.49
92.60
92.60
92.60
92.60
92.60
92.60
92.60
92.60
92.60
95.83
95.83
95.83
95.83
95.83
95.83
95.83
95.83
95.83
95.83
95.83
95.83
93.87
93.87
93.87
93.87
93.87
93.87
93.87
93.87
93.87
93.87
93.87
90.34
90.34
90.34
90.34
90.34
90.34
90.34
90.34
90.34
90.34
90.34
90.46
90.46
90.46
90.46
90.46
90.46
90.46
90.46
88.54
88.54
88.54
88.54
88.54
88.54
88.54
88.54
84.24
84.24
84.24
84.24
84.24
84.24
84.24
73.41
73.41
73.41
73.41
73.41
73.41
73.41
73.41
73.41
69.24
69.24
69.24
69.24
69.24
69.24
69.24
74.65
74.65
74.65
74.65
74.65
74.65
74.65
74.65
74.65
74.65
74.65
74.65
72.42
72.42
72.42
72.42
72.42
72.42
72.42
72.42
72.42
86.96
86.96
86.96
86.96
86.96
86.96
90.23
90.23
90.23
90.23
90.23
90.23
90.23
90.23
90.23
90.23
90.23
91.39
91.39
91.39
91.39
91.39
91.39
91.39
91.39
91.39
91.71
91.71
91.71
91.71
91.71
91.71
91.71
91.71
91.71
91.71
91.71
91.43
91.43
91.43
91.43
91.43
91.43
91.43
91.43
91.43
91.43
91.43
