0.90
0.90
0.90
0.87
0.89
0.72
0.92
0.92
0.92
0.90
0.91
0.81
0.82
0.93
0.93
0.94
0.91
0.93
0.78
0.68
0.68
0.95
0.95
0.95
0.95
0.95
0.94
0.92
0.91
0.95
0.95
0.95
0.94
0.95
0.91
0.95
0.95
0.95
0.95
0.95
0.89
0.89
0.95
0.95
0.95
0.94
0.94
0.93
0.92
0.91
0.90
0.95
0.95
0.95
0.94
0.94
0.90
0.86
0.86
0.95
0.95
0.94
0.94
0.94
0.91
0.91
0.94
0.94
0.93
0.93
0.92
0.91
0.91
0.89
0.94
0.94
0.93
0.93
0.92
0.92
0.90
0.89
0.93
0.93
0.92
0.92
0.90
0.93
0.91
0.90
0.88
0.85
0.86
0.85
0.85
0.82
0.82
0.75
0.68
0.67
0.85
0.86
0.85
0.85
0.83
0.87
0.87
0.87
0.86
0.88
0.88
0.89
0.87
0.88
0.84
0.89
0.89
0.88
0.88
0.86
0.89
0.85
0.85
0.85
0.83
0.83
0.78
0.74
0.71
0.67
0.86
0.86
0.86
0.86
0.87
0.87
0.87
0.86
0.86
0.86
0.87
0.85
0.86
0.78
0.74
0.75
0.89
0.89
0.89
0.88
0.88
0.85
0.82
0.83
0.87
0.87
0.87
0.86
0.87
0.82
0.78
0.78
0.87
0.88
0.88
0.86
0.88
0.82
0.92
0.92
0.92
0.92
0.92
0.91
0.91
0.92
0.92
0.91
0.91
0.90
0.89
0.86
0.86
0.88
0.89
0.89
0.86
0.87
0.87
0.89
0.89
0.89
0.88
0.89
0.83
0.80
0.82
0.91
0.92
0.92
0.91
0.92
0.91
0.90
0.90
0.89
0.90
0.87
0.89
0.94
0.94
0.93
0.93
0.93
0.92
0.92
0.91
0.91
0.90
0.88
0.82
0.82
0.83
0.82
0.91
0.91
0.91
0.89
0.90
0.81
0.78
0.70
0.74
0.92
0.92
0.92
0.92
0.92
0.88
0.83
0.83
0.83
0.82
0.94
0.94
0.95
0.94
0.96
0.96
0.96
0.96
0.95
0.95
0.95
0.93
0.94
0.95
0.94
0.94
0.94
0.93
0.92
0.93
0.93
0.93
0.92
0.93
0.85
0.80
0.84
0.93
0.93
0.92
0.91
0.90
0.86
0.81
0.79
0.77
0.89
0.89
0.89
0.87
0.87
0.80
0.82
0.90
0.90
0.90
0.88
0.88
0.81
0.90
0.90
0.90
0.89
0.89
0.85
0.82
0.82
0.90
0.90
0.91
0.88
0.90
0.80
0.74
0.75
0.92
0.93
0.92
0.92
0.91
0.93
0.92
0.92
0.92
0.92
0.89
0.92
0.92
0.92
0.92
0.91
0.91
0.86
0.82
0.78
0.80
0.92
0.92
0.92
0.91
0.90
0.92
0.92
0.92
0.90
0.91
0.84
0.82
0.75
0.70
0.91
0.91
0.90
0.90
0.89
0.87
0.86
0.86
0.92
0.92
0.92
0.90
0.90
0.82
0.78
0.72
0.76
