52.86
52.86
52.86
52.86
52.86
52.86
52.86
52.86
61.92
61.92
61.92
61.92
61.92
61.92
61.92
59.08
59.08
59.08
59.08
59.08
59.08
59.08
59.08
59.08
59.08
59.08
59.08
58.90
58.90
58.90
58.90
58.90
58.90
66.80
66.80
66.80
66.80
66.80
66.80
66.80
65.97
65.97
65.97
65.97
65.97
65.97
65.97
65.97
65.97
65.97
65.97
72.41
72.41
72.41
72.41
72.41
72.41
72.41
72.41
74.39
74.39
74.39
74.39
74.39
74.39
74.39
74.39
75.95
75.95
75.95
75.95
75.95
75.95
75.95
75.95
75.95
75.95
78.55
78.55
78.55
78.55
78.55
78.55
78.55
78.55
80.04
80.04
80.04
80.04
80.04
80.04
80.04
80.04
84.78
84.78
84.78
84.78
84.78
84.78
84.78
88.69
88.69
88.69
88.69
88.69
88.69
88.69
86.14
86.14
86.14
86.14
86.14
86.14
86.14
87.97
87.97
87.97
87.97
87.97
87.97
87.97
87.97
88.40
88.40
88.40
88.40
88.40
88.40
88.40
84.20
84.20
84.20
84.20
84.20
84.20
84.20
84.20
84.20
84.20
84.20
84.20
81.62
81.62
81.62
81.62
81.62
81.62
81.62
81.62
83.87
83.87
83.87
83.87
83.87
83.87
83.17
83.17
83.17
83.17
83.17
83.17
83.17
83.17
83.17
79.45
79.45
79.45
79.45
79.45
79.45
79.45
78.32
78.32
78.32
78.32
78.32
78.32
79.92
79.92
79.92
79.92
79.92
79.92
79.92
79.92
81.98
81.98
81.98
81.98
81.98
81.98
81.98
81.98
80.33
80.33
80.33
80.33
80.33
80.33
80.33
78.47
78.47
78.47
78.47
78.47
78.47
78.47
78.47
73.73
73.73
73.73
73.73
73.73
73.73
73.73
73.73
72.17
72.17
72.17
72.17
72.17
72.17
72.17
72.17
66.87
66.87
66.87
66.87
66.87
66.87
66.87
66.87
66.87
64.99
64.99
64.99
64.99
64.99
64.99
64.99
64.99
63.40
63.40
63.40
63.40
63.40
63.40
63.40
66.57
66.57
66.57
66.57
66.57
66.57
66.57
66.57
71.72
71.72
71.72
71.72
71.72
71.72
71.72
71.72
71.09
71.09
71.09
71.09
71.09
71.09
71.09
71.09
71.09
75.98
75.98
75.98
75.98
75.98
75.98
75.98
75.98
75.98
73.54
73.54
73.54
73.54
73.54
73.54
73.54
73.54
73.28
73.28
73.28
73.28
73.28
73.28
73.28
73.28
79.77
79.77
79.77
79.77
79.77
80.61
80.61
80.61
80.61
80.61
80.61
80.61
80.61
80.61
80.61
81.83
81.83
81.83
81.83
81.83
81.83
81.83
81.83
