0.87
0.87
0.88
0.85
0.86
0.90
0.90
0.89
0.88
0.88
0.91
0.91
0.91
0.89
0.90
0.76
0.76
0.93
0.93
0.93
0.91
0.92
0.86
0.84
0.83
0.91
0.91
0.92
0.89
0.91
0.83
0.77
0.77
0.94
0.94
0.94
0.93
0.94
0.91
0.88
0.88
0.95
0.95
0.95
0.95
0.95
0.85
0.95
0.95
0.95
0.95
0.95
0.89
0.95
0.95
0.95
0.95
0.95
0.93
0.89
0.89
0.95
0.95
0.95
0.95
0.95
0.95
0.95
0.95
0.94
0.94
0.89
0.84
0.86
0.95
0.95
0.95
0.94
0.93
0.92
0.88
0.87
0.94
0.94
0.94
0.93
0.95
0.95
0.95
0.94
0.93
0.91
0.84
0.84
0.94
0.93
0.93
0.92
0.93
0.88
0.85
0.85
0.93
0.93
0.93
0.91
0.92
0.93
0.93
0.93
0.91
0.93
0.81
0.72
0.72
0.94
0.94
0.94
0.94
0.93
0.91
0.91
0.85
0.94
0.94
0.94
0.93
0.93
0.80
0.93
0.93
0.93
0.91
0.92
0.83
0.83
0.92
0.92
0.92
0.90
0.91
0.79
0.74
0.70
0.69
0.93
0.93
0.93
0.93
0.92
0.90
0.90
0.93
0.92
0.92
0.91
0.91
0.83
0.79
0.75
0.60
0.56
0.72
0.90
0.90
0.90
0.88
0.89
0.80
0.76
0.69
0.73
0.89
0.89
0.89
0.88
0.88
0.83
0.85
0.90
0.90
0.89
0.89
0.88
0.87
0.84
0.84
0.89
0.88
0.87
0.86
0.85
0.81
0.78
0.76
0.74
0.85
0.84
0.83
0.82
0.80
0.75
0.72
0.65
0.57
0.53
0.65
0.84
0.83
0.83
0.82
0.81
0.78
0.74
0.71
0.69
0.84
0.84
0.84
0.83
0.82
0.81
0.78
0.79
0.83
0.83
0.84
0.81
0.82
0.74
0.69
0.69
0.88
0.88
0.89
0.86
0.88
0.78
0.71
0.71
0.89
0.90
0.89
0.88
0.87
0.82
0.81
0.92
0.92
0.92
0.91
0.91
0.86
0.80
0.80
0.92
0.92
0.93
0.91
0.92
0.85
