0.79
0.79
0.80
0.77
0.79
0.73
0.71
0.66
0.62
0.57
0.66
0.82
0.83
0.83
0.81
0.82
0.75
0.74
0.65
0.83
0.83
0.82
0.82
0.81
0.83
0.82
0.79
0.78
0.76
0.79
0.80
0.80
0.79
0.77
0.76
0.80
0.82
0.82
0.82
0.80
0.80
0.77
0.74
0.74
0.74
0.72
0.68
0.72
0.83
0.84
0.83
0.82
0.82
0.77
0.73
0.73
0.82
0.82
0.80
0.80
0.77
0.82
0.82
0.79
0.78
0.76
0.68
0.80
0.81
0.79
0.79
0.77
0.78
0.76
0.76
0.81
0.82
0.79
0.80
0.77
0.78
0.74
0.78
0.80
0.76
0.76
0.75
0.73
0.76
0.77
0.75
0.71
0.77
0.78
0.77
0.73
0.74
0.67
0.65
0.69
0.66
0.73
0.74
0.72
0.70
0.70
0.67
0.64
0.66
0.75
0.74
0.74
0.72
0.71
0.73
0.73
0.69
0.68
0.68
0.65
0.65
0.62
0.61
0.62
0.63
0.62
0.62
0.60
0.61
0.58
0.58
0.59
0.59
0.59
0.56
0.57
0.53
0.54
0.46
0.43
0.60
0.59
0.59
0.56
0.56
0.55
0.60
0.59
0.59
0.56
0.57
0.54
0.50
0.51
0.51
0.51
0.50
0.47
0.49
0.45
0.40
0.42
