0.87
0.87
0.87
0.85
0.85
0.71
0.86
0.87
0.87
0.84
0.85
0.77
0.70
0.66
0.68
0.64
0.89
0.89
0.89
0.88
0.89
0.90
0.90
0.88
0.89
0.84
0.83
0.81
0.90
0.91
0.91
0.90
0.90
0.89
0.88
0.91
0.91
0.91
0.90
0.89
0.86
0.85
0.90
0.90
0.90
0.88
0.88
0.78
0.73
0.71
0.67
0.89
0.89
0.89
0.86
0.88
0.77
0.73
0.65
0.59
0.89
0.89
0.89
0.88
0.87
0.84
0.80
0.79
0.78
0.90
0.90
0.89
0.87
0.88
0.76
0.71
0.68
0.64
0.88
0.88
0.88
0.87
0.87
0.87
0.87
0.87
0.86
0.86
0.85
0.82
0.83
0.88
0.88
0.87
0.87
0.86
0.84
0.82
0.79
0.74
0.73
0.76
0.88
0.87
0.86
0.85
0.84
0.77
0.73
0.64
0.59
0.85
0.84
0.84
0.83
0.83
0.77
0.74
0.66
0.62
0.85
0.85
0.85
0.83
0.87
0.87
0.87
0.85
0.85
0.82
0.78
0.78
0.89
0.88
0.89
0.87
0.88
0.80
0.76
0.68
0.63
0.89
0.90
0.90
0.88
0.88
0.84
0.84
0.91
0.91
0.92
0.90
0.91
0.82
0.81
0.78
0.91
0.91
0.91
0.90
0.89
0.88
0.87
0.86
0.91
0.91
0.91
0.90
0.89
0.91
0.91
0.91
0.90
0.89
0.88
0.89
0.89
0.89
0.90
0.87
0.88
0.84
