94.76
94.76
94.76
94.76
94.76
94.76
94.54
94.54
94.54
94.54
94.54
94.54
94.54
93.43
93.43
93.43
93.43
93.43
93.43
93.43
93.43
93.54
93.54
93.54
93.54
93.54
93.54
93.54
93.54
93.54
93.63
93.63
93.63
93.63
93.63
93.63
93.63
93.63
93.63
93.63
93.63
93.63
90.25
90.25
90.25
90.25
90.25
90.64
90.64
90.64
90.64
90.64
90.64
90.64
90.64
92.55
92.55
92.55
92.55
92.55
92.55
94.08
94.08
94.08
94.08
94.08
94.08
94.08
94.08
94.08
94.86
94.86
94.86
94.86
94.86
94.86
94.86
95.50
95.50
95.50
95.50
95.50
95.50
95.50
95.50
95.50
95.50
95.50
96.83
96.83
96.83
96.83
96.83
96.83
97.59
97.59
97.59
97.59
97.59
97.59
97.59
97.59
97.59
97.59
97.59
97.59
97.59
97.59
97.91
97.91
97.91
97.91
97.91
97.91
98.38
98.38
98.38
98.38
98.38
98.38
98.38
98.38
98.38
98.38
98.38
98.55
98.55
98.55
98.55
98.55
98.55
98.55
98.55
98.70
98.70
98.70
98.70
98.70
98.70
98.70
98.11
98.11
98.11
98.11
98.11
98.11
98.11
98.11
98.25
98.25
98.25
98.25
98.25
