45.16
45.16
45.16
45.16
45.16
45.16
43.31
43.31
43.31
43.31
43.31
43.31
43.31
43.31
43.31
43.31
43.31
53.00
53.00
53.00
53.00
53.00
53.00
53.00
53.00
58.19
58.19
58.19
58.19
58.19
58.19
58.19
86.50
86.50
86.50
86.50
86.50
86.50
86.50
95.31
95.31
95.31
95.31
95.31
95.31
95.31
95.31
95.31
95.31
95.31
96.62
96.62
96.62
96.62
96.62
96.62
96.62
98.31
98.31
98.31
98.31
98.31
98.31
98.31
98.31
98.31
98.31
98.31
98.31
98.12
98.12
98.12
98.12
98.12
98.44
98.44
98.44
98.44
98.44
98.44
98.44
98.44
98.44
98.75
98.75
98.75
98.75
98.75
98.75
98.75
98.81
98.81
98.81
98.81
98.81
98.81
98.81
98.81
98.88
98.88
98.88
98.88
98.88
98.88
98.88
98.81
98.81
98.81
98.81
98.81
98.88
98.88
98.88
98.88
98.88
98.88
98.88
98.88
98.94
98.94
98.94
98.94
98.94
98.94
98.94
98.94
98.88
98.88
98.88
98.88
98.88
98.88
98.88
98.88
98.88
98.88
98.88
98.88
98.88
98.88
98.88
98.88
98.88
98.88
98.88
98.88
98.88
98.88
98.88
98.88
98.88
98.88
98.88
98.88
98.88
98.88
98.88
98.88
98.88
98.81
98.81
98.81
98.81
98.81
98.81
98.81
