91.75
91.75
91.75
91.75
94.84
94.84
94.84
94.84
94.84
94.84
94.91
94.91
94.91
94.91
94.91
94.91
94.91
94.91
94.91
94.91
94.91
94.91
91.54
91.54
91.54
91.54
91.54
91.38
91.38
91.38
91.38
91.38
91.38
86.84
86.84
86.84
86.84
86.84
91.15
91.15
91.15
91.15
94.30
94.30
94.30
94.30
97.26
97.26
97.26
97.26
97.26
97.26
97.66
97.66
97.66
97.66
97.66
97.66
97.66
97.66
97.66
97.66
97.66
97.66
98.15
98.15
98.15
98.15
98.15
98.15
98.15
98.15
97.91
97.91
97.91
97.91
97.91
97.91
97.91
97.91
97.91
98.33
98.33
98.33
98.33
97.85
97.85
97.85
97.85
97.85
97.85
97.85
97.85
96.27
96.27
96.27
96.27
96.27
96.27
96.27
96.27
97.07
97.07
97.07
97.07
97.07
97.07
97.07
97.07
98.19
98.19
98.19
98.19
98.19
98.19
98.19
98.19
98.16
98.16
98.16
98.16
98.16
98.16
98.16
98.16
98.16
98.33
98.33
98.33
98.33
98.33
98.56
98.56
98.56
98.56
98.56
98.56
98.56
98.56
98.56
98.53
98.53
98.53
98.53
98.53
98.53
98.53
98.45
98.45
98.45
98.45
98.45
98.45
98.66
98.66
98.66
98.66
98.66
98.66
98.66
98.66
98.60
98.60
98.60
98.60
98.60
98.60
98.60
98.60
98.34
98.34
98.34
98.34
98.34
98.34
98.34
98.34
98.34
98.18
98.18
98.18
98.18
98.18
98.18
98.18
98.18
98.18
98.10
98.10
98.10
98.10
98.10
98.10
98.10
98.10
97.88
97.88
97.88
97.88
97.97
97.97
97.97
97.97
97.97
97.97
97.97
97.97
97.36
97.36
97.36
97.36
97.36
97.36
97.36
97.36
97.36
97.59
97.59
97.59
97.59
97.59
97.59
97.59
97.59
97.59
97.59
97.59
