98.72
98.72
98.72
98.72
98.72
98.72
98.72
98.72
98.72
98.60
98.60
98.60
98.60
98.60
98.60
98.60
98.60
98.60
98.70
98.70
98.70
98.70
98.70
98.70
98.70
98.70
98.19
98.19
98.19
98.19
98.19
98.19
98.19
98.19
98.31
98.31
98.31
98.31
98.31
98.31
98.31
98.31
98.03
98.03
98.03
98.03
98.03
98.03
98.03
98.03
97.76
97.76
97.76
97.76
97.76
97.76
97.76
97.76
97.76
97.35
97.35
97.35
97.35
97.08
97.08
97.08
97.08
97.08
97.08
97.08
97.08
94.21
94.21
94.21
94.21
94.21
94.21
94.21
94.21
98.21
98.21
98.21
98.21
98.21
98.21
98.21
98.21
98.21
98.21
98.21
98.21
98.42
98.42
98.42
98.42
98.42
98.42
98.42
98.42
98.42
98.42
98.42
98.42
98.42
98.42
97.45
97.45
97.45
97.45
97.45
97.45
97.45
97.45
97.81
97.81
97.81
97.81
97.81
98.34
98.34
98.34
98.34
98.34
98.34
98.34
98.34
98.34
98.34
96.79
96.79
96.79
96.79
96.79
96.79
96.79
96.79
96.79
97.25
97.25
97.25
97.25
97.25
97.83
97.83
97.83
97.83
97.83
97.83
97.83
97.83
98.26
98.26
98.26
98.26
98.26
98.26
96.72
96.72
96.72
96.72
96.72
96.72
96.72
95.97
95.97
95.97
95.97
95.97
95.97
95.97
95.97
95.97
95.35
95.35
95.35
95.35
95.35
95.35
95.35
95.35
95.35
97.07
97.07
97.07
97.07
97.07
97.07
97.07
97.07
96.47
96.47
96.47
96.47
96.47
96.47
96.47
96.47
96.47
96.03
96.03
96.03
96.03
96.03
96.03
96.03
96.03
96.03
97.39
97.39
97.39
97.39
97.39
97.39
97.39
97.39
97.39
97.39
97.39
97.39
97.39
97.39
96.68
96.68
96.68
96.68
96.68
96.68
96.68
96.68
93.43
93.43
93.43
93.43
93.43
93.43
83.69
83.69
83.69
83.69
83.69
83.69
83.69
83.69
83.69
65.08
65.08
65.08
65.08
65.08
65.08
65.08
65.08
65.08
54.06
54.06
54.06
54.06
54.06
54.06
54.06
54.06
54.06
