93.32
93.32
93.32
93.32
93.32
93.32
93.32
93.09
93.09
93.09
93.09
93.09
93.09
93.09
92.21
92.21
92.21
92.21
92.21
92.21
92.21
92.21
92.21
92.21
92.21
90.45
90.45
90.45
90.45
90.12
90.12
90.12
90.12
90.12
90.12
90.12
90.12
90.12
90.12
90.12
90.12
92.67
92.67
92.67
92.67
92.67
92.67
92.67
91.76
91.76
91.76
91.76
91.76
91.76
91.76
91.61
91.61
91.61
91.61
91.61
88.10
88.10
88.10
88.10
89.41
89.41
89.41
89.41
89.41
89.41
89.41
89.41
89.41
89.19
89.19
89.19
89.19
89.19
89.19
89.19
89.19
89.19
89.19
89.19
92.37
92.37
92.37
92.37
92.37
92.37
92.37
92.37
92.37
92.37
92.37
93.90
93.90
93.90
93.90
93.90
93.90
93.90
95.79
95.79
95.79
95.79
95.79
95.79
95.79
95.79
97.18
97.18
97.18
97.18
97.18
97.18
97.18
96.12
96.12
96.12
96.12
96.12
96.12
96.12
96.12
96.12
96.34
96.34
96.34
96.34
96.34
95.43
95.43
95.43
95.43
95.43
95.43
95.43
93.81
93.81
93.81
93.81
93.81
93.81
93.81
93.81
93.81
93.81
93.81
93.40
93.40
93.40
93.40
93.40
92.78
92.78
92.78
92.78
95.46
95.46
95.46
95.46
95.46
95.46
95.46
95.46
95.46
95.46
95.46
97.46
97.46
97.46
97.46
97.46
97.46
97.46
97.46
97.46
97.46
97.46
