34.68
34.68
34.68
34.68
34.68
36.44
36.44
36.44
36.44
36.44
36.44
36.44
36.44
49.18
49.18
49.18
49.18
49.18
49.18
49.18
46.99
46.99
46.99
46.99
46.99
46.99
46.99
46.99
50.29
50.29
50.29
50.29
50.29
60.55
60.55
60.55
60.55
60.55
60.55
60.55
81.37
81.37
81.37
81.37
81.37
81.37
81.37
81.37
88.54
88.54
88.54
88.54
88.54
88.54
89.24
89.24
89.24
89.24
89.24
89.24
89.24
89.24
89.41
89.41
89.41
89.41
89.41
89.41
83.87
83.87
83.87
83.87
83.87
83.87
83.87
83.87
65.64
65.64
65.64
65.64
65.64
65.64
65.64
65.64
65.64
55.23
55.23
55.23
55.23
55.23
55.23
55.23
42.14
42.14
42.14
42.14
40.99
40.99
40.99
40.99
40.99
40.99
40.99
42.56
42.56
42.56
42.56
42.56
42.56
42.56
42.56
45.39
45.39
45.39
45.39
50.33
50.33
50.33
50.33
50.33
50.33
50.33
50.33
50.33
50.33
50.33
51.23
51.23
51.23
51.23
51.23
51.23
51.23
53.59
53.59
53.59
53.59
53.59
53.59
53.59
53.59
53.59
