97.44
97.44
97.44
97.44
97.44
97.44
97.44
97.44
97.44
97.44
97.44
97.44
97.44
97.44
96.75
96.75
96.75
96.75
96.75
96.75
96.75
96.75
96.75
96.75
96.75
94.69
94.69
94.69
94.69
94.69
94.12
94.12
94.12
94.12
94.12
94.12
94.12
94.94
94.94
94.94
94.94
94.94
94.94
94.94
94.94
94.94
94.94
94.94
94.94
93.75
93.75
93.75
93.75
93.75
93.75
93.75
93.75
93.75
93.75
93.75
93.25
93.25
93.25
93.25
94.44
94.44
94.44
94.44
94.44
94.44
94.44
95.75
95.75
95.75
95.75
95.75
95.75
95.75
96.38
96.38
96.38
96.38
96.38
96.38
96.38
95.31
95.31
95.31
95.31
95.31
95.31
95.31
95.31
95.31
95.31
95.31
95.31
95.31
95.31
95.50
95.50
95.50
95.50
95.50
95.50
95.50
95.50
95.50
95.50
95.50
95.81
95.81
95.81
95.81
95.81
95.81
95.81
95.81
94.44
94.44
94.44
94.44
94.44
94.44
94.44
94.44
94.44
95.56
95.56
95.56
95.56
96.25
96.25
96.25
96.25
96.25
96.25
96.25
96.25
