97.41
97.41
97.41
97.41
97.41
97.41
97.41
97.41
98.03
98.03
98.03
98.03
98.03
98.03
98.03
98.03
98.03
98.03
98.03
98.21
98.21
98.21
98.21
98.21
98.21
98.04
98.04
98.04
98.04
98.04
98.04
98.04
98.04
98.24
98.24
98.24
98.24
98.24
98.24
98.05
98.05
98.05
98.05
98.05
98.05
98.05
98.05
98.05
98.35
98.35
98.35
98.35
98.35
98.35
98.35
98.35
98.35
98.35
98.35
98.64
98.64
98.64
98.64
98.64
98.64
98.64
98.64
98.64
98.64
98.64
98.64
98.64
98.64
98.70
98.70
98.70
98.70
98.70
98.70
98.70
98.70
98.70
98.66
98.66
98.66
98.66
98.66
98.66
98.66
98.66
98.66
98.66
98.66
98.25
98.25
98.25
98.25
97.44
97.44
97.44
97.44
98.44
98.44
98.44
98.44
98.44
98.44
98.44
98.44
98.81
98.81
98.81
98.81
98.81
98.85
98.85
98.85
98.85
98.85
98.85
98.86
98.86
98.86
98.86
98.86
98.86
98.86
98.86
98.92
98.92
98.92
98.92
98.92
98.92
