0.84
0.84
0.84
0.81
0.83
0.74
0.71
0.64
0.58
0.81
0.81
0.82
0.80
0.80
0.75
0.75
0.81
0.81
0.80
0.79
0.78
0.74
0.73
0.81
0.81
0.82
0.80
0.81
0.74
0.72
0.69
0.67
0.83
0.83
0.83
0.82
0.82
0.78
0.76
0.69
0.62
0.60
0.69
0.85
0.85
0.85
0.83
0.84
0.77
0.72
0.65
0.87
0.87
0.87
0.85
0.86
0.79
0.76
0.69
0.55
0.52
0.68
0.87
0.87
0.87
0.86
0.86
0.82
0.78
0.79
0.81
0.81
0.80
0.77
0.78
0.78
0.89
0.89
0.89
0.88
0.88
0.77
0.77
0.90
0.90
0.90
0.89
0.88
0.86
0.82
0.83
0.81
0.83
0.78
0.90
0.91
0.91
0.89
0.90
0.82
0.76
0.74
0.77
0.74
0.92
0.92
0.91
0.91
0.90
0.83
0.82
0.92
0.92
0.92
0.91
0.91
0.84
0.80
0.74
0.68
0.90
0.90
0.88
0.89
0.84
0.88
0.84
0.85
0.86
0.86
0.79
0.85
0.90
0.89
0.89
0.87
0.86
0.81
0.78
0.75
0.65
0.62
0.72
0.88
0.88
0.86
0.86
0.83
0.80
0.77
0.77
0.77
0.86
0.86
0.85
0.82
0.89
0.89
0.89
0.87
0.87
0.81
0.77
0.74
0.77
0.90
0.90
0.90
0.87
0.91
0.91
0.92
0.89
0.91
0.73
0.92
0.92
0.92
0.91
0.91
0.85
0.85
0.91
0.91
0.91
0.89
0.90
0.80
0.76
0.73
0.71
0.91
0.90
0.90
0.89
0.88
0.85
0.80
0.79
0.89
0.89
0.89
0.87
0.87
0.87
0.86
0.86
0.85
0.86
0.84
0.84
0.83
0.83
0.82
0.84
0.84
0.84
0.83
0.82
0.76
0.81
0.80
0.80
0.79
0.79
0.78
0.77
0.79
0.79
0.79
0.77
0.77
0.71
0.72
0.81
0.81
0.81
0.79
0.79
0.76
0.76
0.74
0.80
0.79
0.79
0.78
0.77
0.72
0.72
0.70
0.77
0.76
0.76
0.75
0.74
0.74
0.74
0.78
0.77
0.78
0.76
0.75
0.73
0.70
0.68
0.68
0.66
0.79
0.79
0.78
0.77
0.76
0.75
0.72
0.72
0.74
0.73
0.73
0.71
0.70
0.65
0.67
0.72
0.71
0.72
0.70
0.69
0.65
0.60
0.56
0.73
0.73
0.73
0.71
0.69
0.67
0.64
0.64
0.67
0.67
0.67
0.64
0.64
0.60
0.56
0.53
0.54
0.49
0.66
0.65
0.66
0.63
0.63
0.59
0.59
0.52
0.46
0.64
0.64
0.64
0.61
0.61
0.57
0.57
0.56
0.51
