0.75
0.74
0.75
0.72
0.73
0.71
0.69
0.68
0.68
0.68
0.65
0.67
0.58
0.59
0.73
0.72
0.73
0.72
0.78
0.78
0.78
0.75
0.76
0.71
0.68
0.62
0.68
0.81
0.81
0.81
0.78
0.78
0.67
0.67
0.65
0.85
0.85
0.85
0.83
0.84
0.76
0.73
0.64
0.47
0.43
0.65
0.81
0.82
0.83
0.79
0.81
0.73
0.68
0.68
0.85
0.85
0.84
0.83
0.82
0.76
0.75
0.82
0.82
0.82
0.80
0.80
0.78
0.77
0.80
0.80
0.80
0.78
0.78
0.74
0.71
0.70
0.69
0.66
0.80
0.80
0.80
0.78
0.78
0.77
0.76
0.79
0.79
0.79
0.77
0.77
0.74
0.70
0.71
0.68
0.69
0.64
0.78
0.79
0.79
0.77
0.79
0.74
0.74
0.81
0.81
0.81
0.80
0.80
0.80
0.80
0.79
0.78
0.77
0.75
0.71
0.72
0.78
0.77
0.76
0.74
0.77
0.76
0.76
0.74
0.73
0.70
0.67
0.68
0.72
0.71
0.72
0.67
0.69
0.63
0.62
0.52
0.46
0.67
0.66
0.67
0.63
0.65
0.60
0.59
0.50
0.58
0.66
0.64
0.66
0.62
0.64
0.60
0.60
0.60
0.58
0.59
0.53
0.57
0.49
0.51
0.39
0.37
0.61
0.59
0.61
0.55
0.58
0.51
0.52
0.52
0.46
0.65
0.63
0.64
0.60
0.61
0.54
0.55
0.54
0.64
0.62
0.64
0.59
0.61
0.56
0.55
0.47
0.41
0.70
0.70
0.71
0.68
0.69
0.64
0.63
0.54
0.61
0.76
0.77
0.78
0.75
0.77
0.70
0.66
0.58
0.52
0.82
0.82
0.82
0.81
0.81
0.78
0.76
0.77
0.74
0.75
0.71
0.85
0.85
0.86
0.84
0.86
0.79
0.78
0.89
0.89
0.89
0.88
0.88
0.82
0.83
0.89
0.90
0.90
0.88
0.89
0.86
0.91
0.91
0.91
0.89
0.90
0.81
0.75
0.71
0.76
0.73
0.91
0.92
0.91
0.91
0.89
0.90
0.89
0.89
0.89
0.89
0.84
0.88
0.91
0.90
0.90
0.89
0.88
0.87
0.85
0.81
0.79
0.88
0.87
0.87
0.86
0.85
0.88
0.88
0.88
0.87
0.86
0.83
0.83
0.81
0.86
0.86
0.86
0.84
0.84
0.81
0.79
