0.93
0.93
0.93
0.92
0.92
0.89
0.86
0.86
0.93
0.93
0.92
0.92
0.91
0.91
0.91
0.91
0.89
0.90
0.80
0.77
0.71
0.56
0.52
0.68
0.93
0.93
0.93
0.92
0.92
0.93
0.93
0.92
0.91
0.90
0.91
0.91
0.90
0.89
0.90
0.90
0.91
0.89
0.90
0.92
0.92
0.92
0.90
0.91
0.79
0.80
0.91
0.91
0.91
0.89
0.91
0.78
0.74
0.69
0.64
0.91
0.92
0.92
0.90
0.92
0.85
0.79
0.79
0.94
0.95
0.95
0.94
0.94
0.93
0.91
0.90
0.94
0.94
0.94
0.93
0.93
0.88
0.88
0.93
0.93
0.93
0.91
0.93
0.77
0.72
0.67
0.52
0.46
0.64
0.94
0.94
0.95
0.94
0.94
0.95
0.95
0.96
0.95
0.96
0.96
0.96
0.96
0.96
0.93
0.93
0.90
0.97
0.97
0.97
0.97
0.97
0.95
0.94
0.98
0.98
0.98
0.98
0.98
0.97
0.96
0.96
0.98
0.98
0.98
0.98
0.98
0.93
0.98
0.98
0.98
0.98
0.98
0.97
0.97
0.98
0.98
0.98
0.97
0.97
0.96
0.92
0.90
0.98
0.98
0.97
0.97
0.96
0.95
0.95
0.96
0.96
0.96
0.95
0.95
0.89
0.95
0.94
0.93
0.92
0.90
0.83
0.80
0.76
0.66
0.62
0.72
0.92
0.92
0.91
0.89
0.89
0.78
0.74
0.65
0.72
0.93
0.93
0.93
0.92
0.92
0.88
0.85
0.83
0.84
0.93
0.93
0.94
0.91
0.94
0.84
0.83
0.94
0.95
0.94
0.93
0.94
0.94
0.92
0.93
0.90
0.91
0.90
0.90
0.90
0.90
0.86
0.87
0.75
0.72
0.66
0.56
0.50
0.65
0.92
0.92
0.92
0.91
0.92
0.91
0.91
0.91
0.89
0.90
0.83
0.82
0.94
0.94
0.94
0.93
0.96
0.96
0.96
0.96
0.96
0.94
0.94
0.97
0.97
0.97
0.96
0.97
0.98
0.98
0.97
0.97
0.97
0.95
0.93
0.91
0.91
0.98
0.98
0.98
0.98
0.98
0.96
0.91
0.91
0.97
0.97
0.97
0.97
0.97
0.94
0.91
0.89
0.81
0.78
0.83
0.98
0.98
0.98
0.98
0.97
0.96
0.96
