96.88
96.88
96.88
96.88
96.88
96.88
96.88
94.53
94.53
94.53
94.53
94.53
94.53
91.67
91.67
91.67
91.67
91.67
91.67
91.67
91.67
90.93
90.93
90.93
90.93
90.93
90.93
90.93
90.93
94.22
94.22
94.22
94.22
94.22
94.22
94.22
94.22
94.22
94.22
92.57
92.57
92.57
92.57
92.57
92.57
92.57
92.57
90.14
90.14
90.14
90.14
90.14
90.14
90.14
90.14
91.94
91.94
91.94
91.94
91.94
91.94
91.94
92.08
92.08
92.08
92.08
92.08
92.08
92.08
92.08
92.08
92.08
92.08
92.08
88.97
88.97
88.97
88.97
88.97
88.97
88.97
88.97
87.17
87.17
87.17
87.17
87.17
87.17
87.17
87.17
87.17
84.12
84.12
84.12
84.12
86.72
86.72
86.72
86.72
86.72
86.72
86.72
86.72
86.72
86.72
86.72
83.69
83.69
83.69
83.69
83.69
83.69
83.69
83.69
87.50
87.50
87.50
87.50
87.50
87.50
87.50
86.82
86.82
86.82
86.82
86.82
88.63
88.63
88.63
88.63
88.63
88.63
88.63
88.63
88.63
86.48
86.48
86.48
86.48
86.48
86.48
86.48
86.48
86.48
85.82
85.82
85.82
85.82
85.82
85.82
85.82
85.82
85.82
89.21
89.21
89.21
89.21
89.21
89.21
91.87
91.87
91.87
91.87
91.87
91.87
91.87
91.87
91.87
89.40
89.40
89.40
89.40
89.40
89.40
89.40
89.40
88.69
88.69
88.69
88.69
88.69
88.69
88.69
88.69
88.69
92.22
92.22
92.22
92.22
92.22
92.22
92.22
92.22
92.22
93.00
93.00
93.00
93.00
93.00
93.00
93.00
93.00
93.00
93.00
93.00
93.00
90.08
90.08
90.08
90.08
90.08
90.08
90.08
90.08
89.61
89.61
89.61
89.61
89.61
89.61
89.61
89.61
89.61
90.51
90.51
90.51
90.51
90.51
90.51
90.51
92.47
92.47
92.47
92.47
92.47
92.47
92.47
92.47
92.47
92.47
92.47
92.47
90.99
90.99
90.99
90.99
89.68
89.68
89.68
89.68
89.68
