97.98
97.98
97.98
97.98
97.98
97.98
97.98
97.98
97.98
97.98
97.98
97.98
97.53
97.53
97.53
97.53
97.53
97.53
97.53
97.53
97.53
97.53
97.53
97.53
97.53
97.53
96.93
96.93
96.93
96.93
96.93
96.93
96.93
96.93
96.44
96.44
96.44
96.44
96.44
96.44
96.44
96.44
96.44
96.44
96.44
96.88
96.88
96.88
96.88
96.88
96.88
96.88
96.88
96.88
96.66
96.66
96.66
96.66
96.66
96.66
96.66
96.66
97.10
97.10
97.10
97.10
97.10
97.10
97.10
97.10
96.46
96.46
96.46
96.46
96.46
96.46
96.46
96.46
96.76
96.76
96.76
96.76
96.76
96.76
96.54
96.54
96.54
96.54
96.54
95.73
95.73
95.73
95.73
95.73
95.73
95.73
95.73
94.98
94.98
94.98
94.98
97.07
97.07
97.07
97.07
97.07
97.07
97.07
97.07
97.07
97.17
97.17
97.17
97.17
97.17
97.17
97.17
97.56
97.56
97.56
97.56
97.56
97.56
97.56
97.56
97.56
97.56
97.56
97.56
97.56
97.56
97.67
97.67
97.67
97.67
97.67
97.67
97.67
97.67
97.81
97.81
97.81
97.81
97.81
96.73
96.73
96.73
96.73
97.22
97.22
97.22
97.22
97.22
97.22
97.22
97.22
97.22
97.22
97.22
96.70
96.70
96.70
96.70
96.70
96.70
96.70
97.64
97.64
97.64
97.64
97.64
97.64
97.64
97.04
97.04
97.04
97.04
97.04
97.04
97.04
97.47
97.47
97.47
97.47
97.47
97.47
97.47
96.52
96.52
96.52
96.52
96.52
96.52
96.52
94.79
94.79
94.79
94.79
94.79
94.79
93.76
93.76
93.76
93.76
93.76
93.76
93.76
