98.47
98.47
98.47
98.47
98.47
98.47
98.68
98.68
98.68
98.68
98.68
98.68
98.68
98.24
98.24
98.24
98.24
98.24
98.24
98.24
97.63
97.63
97.63
97.63
96.78
96.78
96.78
96.78
96.78
96.78
96.78
96.78
96.78
96.95
96.95
96.95
96.95
96.95
96.95
96.95
96.95
97.57
97.57
97.57
97.57
97.57
97.57
97.57
98.11
98.11
98.11
98.11
98.11
98.11
98.11
98.11
98.11
98.11
98.11
98.11
97.22
97.22
97.22
97.22
97.22
97.22
97.22
95.33
95.33
95.33
95.33
95.33
95.33
95.33
95.33
95.51
95.51
95.51
95.51
95.51
97.19
97.19
97.19
97.19
97.19
97.19
97.19
97.19
98.14
98.14
98.14
98.14
98.14
98.14
98.14
98.14
98.14
98.14
98.14
98.14
98.52
98.52
98.52
98.52
98.52
98.52
98.52
98.52
98.52
98.52
98.52
98.52
98.52
98.52
98.70
98.70
98.70
98.70
98.70
98.70
98.70
98.70
98.47
98.47
98.47
98.47
98.47
98.47
98.47
98.16
98.16
98.16
98.16
98.65
98.65
98.65
98.65
98.65
98.65
97.40
97.40
97.40
97.40
97.40
97.40
97.40
97.40
98.00
98.00
98.00
98.00
98.00
98.00
98.00
98.00
98.00
98.40
98.40
98.40
98.40
98.40
98.40
97.98
97.98
97.98
97.98
97.98
97.98
97.98
96.90
96.90
96.90
96.90
96.90
96.90
96.90
96.90
96.90
96.90
96.90
97.54
97.54
97.54
97.54
97.54
97.54
97.54
97.54
98.27
98.27
98.27
98.27
98.27
98.27
98.27
98.27
98.27
98.57
98.57
98.57
98.57
98.57
98.57
98.57
98.57
98.70
98.70
98.70
98.70
98.70
98.70
98.70
98.84
98.84
98.84
98.84
98.84
98.84
98.84
98.84
98.84
98.84
98.84
98.82
98.82
98.82
98.82
98.82
98.82
98.82
98.82
98.85
98.85
98.85
98.85
98.85
98.89
98.89
98.89
98.89
98.89
98.89
98.89
98.89
98.89
98.89
98.89
98.89
98.89
98.89
98.89
98.89
98.89
98.89
98.75
98.75
98.75
98.75
98.75
98.75
98.75
98.75
98.75
98.75
98.75
98.71
98.71
98.71
98.71
98.71
98.71
98.71
98.71
98.71
98.81
98.81
98.81
98.81
98.81
98.81
98.81
98.81
98.56
98.56
98.56
98.56
98.56
98.56
98.56
98.56
98.56
98.45
98.45
98.45
98.45
98.45
98.45
98.45
98.45
98.45
98.61
98.61
98.61
98.61
98.61
98.61
98.61
98.61
97.97
97.97
97.97
97.97
97.97
97.97
97.97
97.97
97.54
97.54
97.54
97.54
97.54
97.54
97.54
97.54
97.54
97.55
97.55
97.55
97.55
