98.60
98.60
98.60
98.60
98.60
98.60
98.60
98.18
98.18
98.18
98.18
98.18
98.18
98.18
98.18
98.30
98.30
98.30
98.30
98.30
98.30
98.30
98.30
98.30
98.55
98.55
98.55
98.55
98.55
98.17
98.17
98.17
98.17
98.17
98.17
98.17
98.17
98.17
98.17
98.17
97.93
97.93
97.93
97.93
97.93
97.93
97.93
97.93
98.14
98.14
98.14
98.14
98.14
98.14
98.14
98.14
98.14
98.14
98.14
98.37
98.37
98.37
98.37
98.37
98.37
98.37
98.37
98.37
98.37
98.37
98.37
98.37
98.37
97.17
97.17
97.17
97.17
97.17
97.17
97.17
98.34
98.34
98.34
98.34
98.34
98.34
98.34
98.34
97.96
97.96
97.96
97.96
98.47
98.47
98.47
98.47
98.47
98.47
98.47
98.47
98.47
98.47
98.47
98.76
98.76
98.76
98.76
98.76
98.76
98.76
98.69
98.69
98.69
98.69
98.69
98.69
98.69
98.74
98.74
98.74
98.74
98.74
98.74
98.74
98.61
98.61
98.61
98.61
98.61
98.61
98.61
98.61
98.55
98.55
98.55
98.55
98.55
98.55
98.55
98.55
98.55
98.55
98.39
98.39
98.39
98.39
98.39
98.39
98.39
98.39
98.39
98.39
98.39
98.29
98.29
98.29
98.29
98.29
98.29
98.29
98.29
97.97
97.97
97.97
97.97
97.59
97.59
97.59
97.59
97.59
97.59
97.59
97.59
97.59
97.67
97.67
97.67
97.67
97.67
97.67
97.67
97.67
96.50
96.50
96.50
96.50
96.50
96.50
96.50
96.50
96.50
96.50
96.50
96.50
96.50
96.50
95.93
95.93
95.93
95.93
95.93
95.93
95.93
96.01
96.01
96.01
96.01
97.72
97.72
97.72
97.72
97.72
97.72
97.72
97.72
98.13
98.13
98.13
98.13
98.13
98.13
98.13
98.13
98.13
97.92
97.92
97.92
97.92
97.92
97.92
97.92
97.92
