0.75
0.81
0.79
0.70
0.72
0.90
0.93
0.92
0.88
0.90
0.54
0.94
0.94
0.94
0.92
0.93
0.70
0.69
0.67
0.94
0.94
0.94
0.93
0.93
0.83
0.85
0.93
0.93
0.92
0.90
0.90
0.89
0.89
0.87
0.87
0.82
0.80
0.81
0.91
0.90
0.90
0.89
0.89
0.88
0.88
0.88
0.86
0.87
0.81
0.75
0.75
0.91
0.91
0.91
0.91
0.90
0.88
0.88
0.89
0.89
0.89
0.88
0.89
0.89
0.89
0.88
0.88
0.87
0.87
0.84
0.84
0.87
0.87
0.86
0.86
0.84
0.86
0.87
0.83
0.82
0.82
0.80
0.79
0.75
0.71
0.68
0.64
0.79
0.79
0.80
0.78
0.83
0.83
0.84
0.82
0.83
0.76
0.73
0.70
0.65
0.86
0.86
0.87
0.84
0.86
0.76
0.90
0.91
0.91
0.90
0.91
0.85
0.84
0.92
0.92
0.93
0.89
0.92
0.78
0.75
0.71
0.58
0.53
0.67
0.94
0.94
0.94
0.94
0.93
0.91
0.91
0.90
0.94
0.94
0.93
0.93
0.92
0.94
0.94
0.94
0.93
0.93
0.88
0.84
0.85
0.95
0.95
0.94
0.95
0.93
0.93
0.92
0.91
0.95
0.95
0.94
0.94
0.92
0.92
0.92
0.92
0.92
0.91
0.90
0.89
0.85
0.83
0.90
0.91
0.90
0.89
