97.24
97.24
97.24
97.24
97.24
97.24
97.24
97.87
97.87
97.87
97.87
97.87
97.87
97.87
98.01
98.01
98.01
98.01
98.01
98.01
98.01
98.01
98.01
98.01
98.01
97.97
97.97
97.97
97.97
97.97
97.97
97.97
97.48
97.48
97.48
97.48
97.17
97.17
97.17
97.17
97.17
97.17
97.17
97.17
96.63
96.63
96.63
96.63
96.63
96.63
96.63
96.63
95.22
95.22
95.22
95.22
95.22
95.22
95.22
95.22
95.22
93.09
93.09
93.09
93.09
93.09
92.57
92.57
92.57
92.57
92.57
92.57
92.57
92.57
92.57
92.57
92.57
95.47
95.47
95.47
95.47
95.47
95.47
95.47
94.95
94.95
94.95
94.95
94.95
94.95
94.95
94.95
94.95
94.95
94.95
96.41
96.41
96.41
96.41
96.41
96.41
96.41
96.41
96.41
96.83
96.83
96.83
96.83
96.83
96.83
96.83
96.83
96.83
96.35
96.35
96.35
96.35
96.35
96.35
96.35
96.35
97.33
97.33
97.33
97.33
97.33
97.33
97.33
97.33
98.00
98.00
98.00
98.00
98.00
98.00
98.00
98.00
98.00
98.00
98.00
98.00
97.31
97.31
97.31
97.31
97.31
97.31
97.31
97.31
97.31
97.15
97.15
97.15
97.15
97.15
97.15
97.15
97.15
97.94
97.94
97.94
97.94
97.94
97.94
97.94
97.94
97.94
97.94
97.94
97.19
97.19
97.19
97.19
97.19
97.19
97.19
97.19
95.61
95.61
95.61
95.61
95.61
95.61
95.61
95.61
95.61
96.80
96.80
96.80
96.80
96.80
96.57
96.57
96.57
96.57
97.35
97.35
97.35
97.35
97.35
97.35
97.35
97.37
97.37
97.37
97.37
97.37
97.37
97.37
97.37
96.31
96.31
96.31
96.31
96.31
96.31
96.31
96.16
96.16
96.16
96.16
96.16
96.16
96.16
96.16
96.16
97.42
97.42
97.42
97.42
97.42
97.42
97.42
96.14
96.14
96.14
96.14
96.14
96.14
96.14
96.25
96.25
96.25
96.25
96.25
96.25
96.25
96.25
94.62
94.62
94.62
94.62
94.62
94.62
92.89
92.89
92.89
92.89
92.89
92.89
92.89
92.89
92.89
91.17
91.17
91.17
91.17
91.17
91.17
91.17
91.17
91.32
91.32
91.32
91.32
91.32
91.32
91.32
91.32
91.32
91.32
91.32
89.81
89.81
89.81
89.81
89.81
89.81
89.81
89.81
89.81
85.32
85.32
85.32
85.32
