96.05
96.05
96.05
96.05
97.49
97.49
97.49
97.49
97.49
97.49
97.49
97.49
97.49
97.86
97.86
97.86
97.86
97.86
97.86
97.86
97.86
97.86
98.08
98.08
98.08
98.08
98.08
98.08
98.08
98.45
98.45
98.45
98.45
98.45
98.45
98.45
97.75
97.75
97.75
97.75
97.64
97.64
97.64
97.64
97.64
97.64
98.26
98.26
98.26
98.26
98.26
98.26
98.26
98.26
97.98
97.98
97.98
97.98
97.98
97.70
97.70
97.70
97.70
98.21
98.21
98.21
98.21
98.21
98.21
98.21
98.21
96.36
96.36
96.36
96.36
97.35
97.35
97.35
97.35
97.35
97.35
97.35
97.35
97.35
98.13
98.13
98.13
98.13
98.13
98.13
98.13
98.49
98.49
98.49
98.49
98.49
98.49
98.49
98.49
98.53
98.53
98.53
98.53
98.42
98.42
98.42
98.42
98.42
98.42
98.42
98.42
98.42
98.60
98.60
98.60
98.60
98.60
98.60
98.60
98.60
98.60
98.71
98.71
98.71
98.71
98.71
98.71
98.71
98.71
98.25
98.25
98.25
98.25
98.25
98.25
98.25
98.25
98.25
98.07
98.07
98.07
98.07
98.07
98.07
98.07
98.07
98.07
97.74
97.74
97.74
97.74
97.74
97.74
97.74
97.74
97.74
97.74
97.74
97.95
97.95
97.95
97.95
98.48
98.48
98.48
98.48
98.48
98.48
98.48
98.48
98.48
98.48
98.48
97.95
97.95
97.95
97.95
97.95
97.95
97.95
97.95
98.61
98.61
98.61
98.61
98.61
98.61
98.61
98.61
98.61
98.64
98.64
98.64
98.64
98.64
98.42
98.42
98.42
98.42
98.42
98.42
98.42
98.42
98.42
98.42
98.42
98.42
98.56
98.56
98.56
98.56
98.56
98.56
98.56
98.71
98.71
98.71
98.71
98.71
98.71
98.71
98.68
98.68
98.68
98.68
98.68
98.68
98.68
98.68
