81.67
81.67
81.67
81.67
81.67
81.67
81.67
81.67
90.42
90.42
90.42
90.42
90.42
90.42
90.42
90.42
90.42
90.42
90.42
94.15
94.15
94.15
94.15
94.15
94.15
94.15
95.92
95.92
95.92
95.92
95.92
95.92
95.92
95.92
95.92
95.92
95.92
95.92
95.92
95.92
95.92
95.92
95.92
96.76
96.76
96.76
96.76
96.76
96.76
96.76
97.35
97.35
97.35
97.35
97.35
97.35
97.35
97.35
97.35
97.35
97.35
97.46
97.46
97.46
97.46
97.46
97.46
97.46
97.55
97.55
97.55
97.55
97.55
97.55
97.55
95.55
95.55
95.55
95.55
95.55
95.55
95.55
95.55
95.55
94.05
94.05
94.05
94.05
94.05
94.05
94.05
94.05
94.05
94.05
94.05
93.66
93.66
93.66
93.66
93.66
93.66
93.66
93.66
93.66
93.66
91.95
91.95
91.95
91.95
91.95
91.95
91.95
91.95
90.52
90.52
90.52
90.52
90.52
90.52
90.52
89.99
89.99
89.99
89.99
89.99
89.99
89.99
89.99
92.23
92.23
92.23
92.23
92.23
92.23
92.23
92.23
92.23
92.99
92.99
92.99
92.99
95.77
95.77
95.77
95.77
95.77
95.77
95.77
95.77
95.77
95.77
97.74
97.74
97.74
97.74
97.74
97.74
97.74
97.67
97.67
97.67
97.67
97.67
97.82
97.82
97.82
97.82
97.82
97.82
97.82
97.82
97.82
97.59
97.59
97.59
97.59
97.59
97.59
97.59
97.29
97.29
97.29
97.29
97.29
97.29
97.29
97.29
97.29
97.29
97.55
97.55
97.55
97.55
97.55
97.55
97.55
97.55
97.55
97.55
97.55
98.12
98.12
98.12
98.12
98.12
98.12
98.12
98.12
98.12
98.23
98.23
98.23
98.23
98.23
98.23
98.23
98.42
98.42
98.42
98.42
98.42
98.42
98.42
98.42
98.42
98.42
98.42
98.42
98.42
98.42
98.24
98.24
98.24
98.24
98.24
98.24
98.24
98.24
97.49
97.49
97.49
97.49
97.49
97.49
97.49
97.49
97.49
97.49
97.49
97.51
97.51
97.51
97.51
97.51
95.80
95.80
95.80
95.80
95.80
95.80
95.80
95.80
94.81
94.81
94.81
94.81
95.37
95.37
95.37
95.37
95.37
95.37
