82.44
82.44
82.44
82.44
82.44
82.44
82.44
82.44
94.06
94.06
94.06
94.06
94.06
96.81
96.81
96.81
96.81
96.81
96.81
96.81
96.81
96.81
96.81
96.81
97.88
97.88
97.88
97.88
97.88
97.88
97.88
98.12
98.12
98.12
98.12
98.12
98.12
98.12
98.31
98.31
98.31
98.31
98.31
98.31
98.31
97.94
97.94
97.94
97.94
97.94
97.94
97.94
97.94
96.75
96.75
96.75
96.75
96.75
95.31
95.31
95.31
95.31
95.31
95.31
95.31
95.31
95.31
94.38
94.38
94.38
94.38
94.38
95.94
95.94
95.94
95.94
95.94
93.94
93.94
93.94
93.94
93.94
93.94
93.94
93.94
93.94
93.94
93.94
90.62
90.62
90.62
90.62
90.62
91.06
91.06
91.06
91.06
91.06
91.06
91.06
91.06
88.00
88.00
88.00
88.00
86.38
86.38
86.38
86.38
86.38
86.38
86.38
86.38
86.38
83.06
83.06
83.06
83.06
85.38
85.38
85.38
85.38
85.38
89.44
89.44
89.44
89.44
89.44
89.44
89.44
89.44
91.12
91.12
91.12
91.12
91.12
91.12
91.12
91.12
94.25
94.25
94.25
94.25
94.25
94.25
94.25
94.50
94.50
94.50
94.50
94.50
94.50
94.50
94.50
94.50
94.50
94.50
94.56
94.56
94.56
94.56
94.56
94.56
94.56
94.56
94.56
95.00
95.00
95.00
95.00
95.00
95.00
95.00
95.00
95.00
94.81
94.81
94.81
94.81
97.19
97.19
97.19
97.19
97.19
97.19
97.19
97.38
97.38
97.38
97.38
97.38
97.38
97.38
96.50
96.50
96.50
96.50
96.50
96.50
96.50
96.50
96.50
96.50
96.50
96.94
96.94
96.94
96.94
96.94
96.94
96.94
95.94
95.94
95.94
95.94
95.94
95.94
95.94
95.94
95.94
93.94
93.94
93.94
93.94
