97.55
97.55
97.55
97.55
97.55
97.55
97.55
97.55
98.33
98.33
98.33
98.33
98.33
98.33
98.33
98.33
98.31
98.31
98.31
98.31
98.31
98.31
98.31
98.31
98.59
98.59
98.59
98.59
98.59
98.59
98.59
98.59
98.40
98.40
98.40
98.40
98.40
98.40
98.40
98.40
98.40
98.40
98.40
97.76
97.76
97.76
97.76
96.62
96.62
96.62
96.62
96.62
96.62
96.62
94.56
94.56
94.56
94.56
93.83
93.83
93.83
93.83
93.83
93.83
93.83
93.83
93.83
93.83
93.83
93.83
93.83
93.83
94.67
94.67
94.67
94.67
94.67
94.67
94.67
94.67
92.04
92.04
92.04
92.04
92.04
92.04
92.04
92.04
90.89
90.89
90.89
90.89
90.89
90.89
90.89
90.89
90.89
94.16
94.16
94.16
94.16
94.16
94.16
94.16
94.16
94.03
94.03
94.03
94.03
94.03
94.03
94.03
94.03
94.03
95.93
95.93
95.93
95.93
95.93
95.93
95.93
94.75
94.75
94.75
94.75
94.75
94.75
94.75
94.75
91.86
91.86
91.86
91.86
91.86
91.86
91.86
91.86
92.10
92.10
92.10
92.10
92.10
92.10
92.10
92.10
89.60
89.60
89.60
89.60
88.25
88.25
88.25
88.25
88.25
88.25
88.25
88.25
84.88
84.88
84.88
84.88
84.88
84.88
84.88
84.88
84.88
83.38
83.38
83.38
83.38
83.38
83.38
83.38
83.38
88.51
88.51
88.51
88.51
88.51
88.51
88.51
88.51
88.51
88.51
91.99
91.99
91.99
91.99
91.99
91.99
91.99
91.99
91.99
91.99
91.99
94.58
94.58
94.58
94.58
94.58
95.33
95.33
95.33
95.33
95.33
95.33
93.86
93.86
93.86
93.86
93.86
93.86
93.86
93.86
93.86
93.86
93.86
93.52
93.52
93.52
93.52
93.52
93.52
93.52
93.52
93.52
94.53
94.53
94.53
94.53
96.60
96.60
96.60
96.60
96.60
96.60
96.60
96.60
96.60
96.60
96.60
95.92
95.92
95.92
95.92
94.81
94.81
94.81
94.81
96.51
96.51
96.51
96.51
96.51
96.51
96.51
96.51
97.48
97.48
97.48
97.48
97.48
97.48
97.48
97.48
97.15
97.15
97.15
97.15
97.15
97.15
97.15
97.15
97.15
98.18
98.18
98.18
98.18
98.18
98.18
98.18
98.18
97.11
97.11
97.11
97.11
97.11
97.11
97.11
97.11
97.11
98.23
98.23
98.23
98.23
98.23
98.23
98.23
98.23
98.23
98.23
98.23
97.36
97.36
97.36
97.36
97.36
97.36
96.67
96.67
96.67
96.67
96.67
96.67
96.67
95.41
95.41
95.41
95.41
95.41
95.41
95.41
95.41
95.41
94.79
94.79
94.79
94.79
94.79
94.79
94.79
94.79
94.79
94.79
94.79
94.79
94.06
94.06
94.06
94.06
94.06
94.06
94.06
