78.40
78.40
78.40
78.40
84.12
84.12
84.12
84.12
84.12
84.12
84.12
84.12
84.12
86.24
86.24
86.24
86.24
86.24
86.24
86.24
88.47
88.47
88.47
88.47
88.47
88.47
88.47
88.47
88.47
90.69
90.69
90.69
90.69
90.69
90.69
90.69
90.69
90.07
90.07
90.07
90.07
90.07
90.07
90.07
90.07
90.07
91.03
91.03
91.03
91.03
91.03
91.03
90.85
90.85
90.85
90.85
90.85
90.85
90.85
89.04
89.04
89.04
89.04
89.04
89.04
89.04
89.04
89.04
92.19
92.19
92.19
92.19
92.19
92.19
92.19
93.06
93.06
93.06
93.06
93.06
93.06
93.06
93.06
93.06
93.06
93.06
93.06
93.49
93.49
93.49
93.49
93.49
93.49
93.49
92.58
92.58
92.58
92.58
92.58
92.58
92.58
92.58
92.58
89.76
89.76
89.76
89.76
89.76
89.76
89.76
89.76
89.76
89.09
89.09
89.09
89.09
89.09
89.09
89.09
89.09
89.09
92.11
92.11
92.11
92.11
92.11
92.11
92.11
92.11
89.82
89.82
89.82
89.82
89.82
89.82
89.82
89.82
87.72
87.72
87.72
87.72
87.72
87.72
87.72
87.72
87.59
87.59
87.59
87.59
87.59
87.59
87.59
87.59
92.12
92.12
92.12
92.12
92.12
92.12
94.01
94.01
94.01
94.01
94.01
94.01
94.01
94.01
94.01
94.01
94.01
93.58
93.58
93.58
93.58
93.58
91.23
91.23
91.23
91.23
91.23
91.23
91.23
91.23
91.23
92.21
92.21
92.21
92.21
92.21
92.21
92.21
92.21
93.30
93.30
93.30
93.30
93.30
93.30
93.30
93.30
91.63
91.63
91.63
91.63
91.63
91.63
91.63
91.63
88.31
88.31
88.31
88.31
89.59
89.59
89.59
89.59
89.59
89.59
89.59
89.59
89.59
89.59
89.59
89.59
87.40
87.40
87.40
87.40
87.40
87.40
87.40
87.40
87.40
83.33
83.33
83.33
83.33
83.33
83.33
83.33
83.33
78.74
78.74
78.74
78.74
78.74
78.74
78.74
78.74
72.13
72.13
72.13
72.13
72.13
72.13
72.13
72.13
69.80
69.80
69.80
69.80
69.80
69.25
69.25
69.25
69.25
69.25
69.25
69.25
72.73
72.73
72.73
72.73
72.73
72.73
72.73
72.73
77.86
77.86
77.86
77.86
77.86
77.86
77.86
77.86
79.75
79.75
79.75
79.75
79.75
79.75
79.75
79.75
82.99
82.99
82.99
82.99
82.99
82.99
82.99
86.15
86.15
86.15
86.15
86.15
86.15
89.78
89.78
89.78
89.78
89.78
89.78
89.78
93.35
93.35
93.35
93.35
93.35
93.35
93.35
93.35
93.17
93.17
93.17
93.17
93.17
93.17
93.17
94.95
94.95
94.95
94.95
94.95
94.95
94.95
94.95
94.95
94.95
94.95
94.95
96.36
96.36
96.36
96.36
96.36
96.36
96.36
96.36
93.59
93.59
93.59
93.59
93.59
93.59
93.59
93.59
93.59
93.59
93.59
93.59
89.99
89.99
89.99
89.99
89.99
89.99
89.99
91.80
91.80
91.80
91.80
91.80
91.80
91.80
91.80
94.09
94.09
94.09
94.09
94.09
94.09
94.09
94.09
95.19
95.19
95.19
95.19
95.19
95.19
95.19
94.03
94.03
94.03
94.03
94.03
94.03
94.03
94.03
94.03
92.21
92.21
92.21
92.21
92.21
92.21
92.21
92.21
92.21
92.76
92.76
92.76
92.76
92.76
92.76
92.76
92.76
92.76
91.47
91.47
91.47
91.47
91.47
94.28
94.28
94.28
94.28
94.28
94.28
94.28
94.28
94.28
94.28
94.28
90.26
90.26
90.26
90.26
89.60
89.60
89.60
89.60
89.60
89.60
89.60
89.60
89.60
