96.10
96.10
96.10
96.10
96.10
96.10
96.10
95.01
95.01
95.01
95.01
95.01
95.01
95.01
95.01
95.01
96.23
96.23
96.23
96.23
96.23
96.23
96.23
96.23
96.23
96.23
96.40
96.40
96.40
96.40
96.40
96.40
96.40
96.40
96.40
96.40
96.40
96.59
96.59
96.59
96.59
96.59
96.59
96.59
97.24
97.24
97.24
97.24
97.24
97.24
97.24
97.24
97.98
97.98
97.98
97.98
97.98
97.98
97.98
97.98
96.94
96.94
96.94
96.94
96.94
96.94
96.94
96.94
96.94
97.31
97.31
97.31
97.31
97.31
97.31
97.31
97.31
97.31
98.02
98.02
98.02
98.02
98.02
98.02
98.02
98.02
98.02
98.02
98.02
98.10
98.10
98.10
98.10
98.10
98.10
98.10
98.10
97.59
97.59
97.59
97.59
97.59
97.59
97.59
97.50
97.50
97.50
97.50
97.50
97.50
97.50
97.50
97.50
98.24
98.24
98.24
98.24
98.24
98.24
98.24
98.24
97.92
97.92
97.92
97.92
97.92
97.92
97.92
97.92
97.92
97.92
97.92
97.29
97.29
97.29
97.29
97.29
97.29
97.29
97.29
97.29
97.29
97.29
97.39
97.39
97.39
97.39
97.39
97.39
97.39
97.39
98.02
98.02
98.02
98.02
98.02
98.02
98.02
98.02
97.42
97.42
97.42
97.42
97.42
97.42
97.42
97.42
97.41
97.41
97.41
97.41
97.41
97.41
97.41
97.41
97.41
97.81
97.81
97.81
97.81
97.81
97.81
97.83
97.83
97.83
97.83
97.83
98.24
98.24
98.24
98.24
98.24
98.24
98.24
98.24
98.24
98.24
98.24
98.10
98.10
98.10
98.10
98.10
98.10
98.10
97.91
97.91
97.91
97.91
97.91
97.91
97.91
95.96
95.96
95.96
95.96
95.96
95.96
95.96
95.96
95.96
96.37
96.37
96.37
96.37
96.37
96.37
96.37
96.37
96.37
96.37
96.37
97.95
97.95
97.95
97.95
97.95
97.95
97.95
97.95
97.95
98.30
98.30
98.30
98.30
98.30
98.30
98.30
98.27
98.27
98.27
98.27
98.27
98.27
97.90
97.90
97.90
97.90
97.90
97.90
97.90
97.90
95.81
95.81
95.81
95.81
95.81
95.81
95.81
93.32
93.32
93.32
93.32
93.32
93.32
93.32
93.32
93.24
93.24
93.24
93.24
93.24
93.24
93.24
93.24
93.24
93.24
93.28
93.28
93.28
93.28
93.28
93.28
93.28
91.84
91.84
91.84
91.84
91.84
91.84
91.84
91.84
96.81
96.81
96.81
96.81
96.81
96.81
96.81
96.81
96.81
96.81
96.81
