87.21
87.21
87.21
87.21
87.21
87.21
87.21
87.21
91.62
91.62
91.62
91.62
91.62
91.62
91.62
91.62
91.44
91.44
91.44
91.44
91.44
91.44
91.44
91.44
90.98
90.98
90.98
90.98
90.98
90.98
90.98
90.98
87.00
87.00
87.00
87.00
87.00
87.00
87.00
87.00
87.00
74.69
74.69
74.69
74.69
74.69
74.69
67.17
67.17
67.17
67.17
67.17
67.17
69.81
69.81
69.81
69.81
69.81
69.81
69.81
69.81
74.25
74.25
74.25
74.25
74.25
74.25
81.12
81.12
81.12
81.12
81.12
81.12
81.12
81.12
81.12
81.12
81.12
88.95
88.95
88.95
88.95
88.95
88.95
88.95
88.95
88.95
88.95
88.95
90.27
90.27
90.27
90.27
90.27
90.27
90.27
94.08
94.08
94.08
94.08
94.08
94.08
94.08
94.08
94.08
94.08
94.08
95.09
95.09
95.09
95.09
95.09
95.09
95.09
95.09
95.51
95.51
95.51
95.51
95.51
95.51
94.91
94.91
94.91
94.91
94.91
94.91
94.91
94.91
94.52
94.52
94.52
94.52
94.52
94.52
94.52
94.52
94.32
94.32
94.32
94.32
94.32
94.32
94.32
94.32
95.05
95.05
95.05
95.05
95.05
95.05
95.05
94.35
94.35
94.35
94.35
94.35
94.35
94.35
94.35
94.35
94.14
94.14
94.14
94.14
94.14
94.14
94.14
91.70
91.70
91.70
91.70
91.70
91.70
91.70
91.70
91.70
92.57
92.57
92.57
92.57
92.57
92.57
92.57
92.57
94.60
94.60
94.60
94.60
94.60
94.60
94.72
94.72
94.72
94.72
94.72
94.72
94.72
94.72
96.37
96.37
96.37
96.37
96.37
96.37
96.37
96.37
96.37
96.37
96.37
96.80
96.80
96.80
96.80
96.80
96.80
96.80
96.80
96.80
96.80
96.80
96.80
96.42
96.42
96.42
96.42
96.42
96.42
96.42
96.42
96.42
96.42
96.42
94.60
94.60
94.60
94.60
94.60
94.60
92.94
92.94
92.94
92.94
92.94
89.83
89.83
89.83
89.83
89.83
89.83
89.83
85.85
85.85
85.85
85.85
85.85
85.85
85.85
81.80
81.80
81.80
81.80
80.08
80.08
80.08
80.08
80.08
80.08
83.36
83.36
83.36
83.36
83.36
83.36
83.36
83.21
83.21
83.21
83.21
83.21
83.21
83.21
83.21
83.21
87.12
87.12
87.12
87.12
87.12
87.12
87.12
87.12
89.14
89.14
89.14
89.14
89.14
89.14
89.14
92.74
92.74
92.74
92.74
92.74
92.74
92.74
92.74
92.74
92.74
92.74
93.22
93.22
93.22
93.22
93.31
93.31
93.31
93.31
93.31
93.31
93.31
95.34
95.34
95.34
95.34
97.74
97.74
97.74
97.74
97.74
97.74
97.74
97.46
97.46
97.46
97.46
97.46
97.46
97.46
97.46
97.46
97.48
97.48
97.48
97.48
97.48
97.48
97.48
97.48
97.21
97.21
97.21
97.21
97.21
97.21
97.21
96.78
96.78
96.78
96.78
96.78
96.78
96.78
97.22
97.22
97.22
97.22
97.22
97.22
97.22
