0.33
0.33
0.33
0.32
0.39
0.40
0.40
0.36
0.39
0.36
0.37
0.36
0.32
0.34
0.31
0.23
0.28
0.40
0.40
0.41
0.38
0.42
0.42
0.42
0.40
0.41
0.36
0.47
0.47
0.47
0.45
0.47
0.43
0.44
0.42
0.47
0.48
0.47
0.43
0.45
0.40
0.36
0.38
0.37
0.41
0.34
0.48
0.49
0.48
0.43
0.46
0.41
0.36
0.37
0.56
0.55
0.56
0.52
0.55
0.50
0.47
0.49
0.70
0.70
0.71
0.67
0.82
0.83
0.84
0.81
0.83
0.76
0.74
0.74
0.86
0.87
0.87
0.85
0.86
0.82
0.81
0.90
0.90
0.90
0.89
0.88
0.89
0.87
0.87
0.87
0.88
0.86
0.88
0.87
0.87
0.86
0.85
0.76
0.89
0.89
0.90
0.89
0.90
0.86
0.91
0.92
0.92
0.91
0.92
0.87
0.86
0.94
0.94
0.95
0.94
0.94
0.90
0.90
0.94
0.94
0.94
0.93
0.94
0.94
0.94
0.93
0.94
0.85
0.80
0.73
0.78
0.96
0.96
0.96
0.95
0.96
0.86
0.80
0.77
0.62
0.57
0.72
0.96
0.96
0.96
0.96
0.96
0.95
0.95
0.93
0.95
0.95
0.95
0.95
0.95
0.89
0.85
0.83
0.82
0.96
0.96
0.96
0.95
0.96
0.86
0.80
0.72
0.65
0.97
0.97
0.97
0.96
0.96
0.96
0.96
0.96
0.96
0.94
0.95
0.94
0.96
0.96
0.95
0.95
0.95
0.91
0.87
0.88
0.94
0.94
0.93
0.92
0.94
0.94
0.94
0.93
0.93
0.87
