95.26
95.26
95.26
95.26
95.26
95.26
95.26
95.26
96.07
96.07
96.07
96.07
96.07
96.07
96.07
96.07
96.07
96.07
96.07
97.59
97.59
97.59
97.59
97.59
97.59
97.59
97.59
97.60
97.60
97.60
97.60
97.60
97.60
97.60
97.93
97.93
97.93
97.93
97.93
97.93
97.93
97.93
97.83
97.83
97.83
97.83
97.83
97.83
97.83
97.83
97.25
97.25
97.25
97.25
97.25
97.25
97.25
97.25
96.56
96.56
96.56
96.56
96.56
96.56
96.29
96.29
96.29
96.29
96.29
96.29
96.29
96.29
94.58
94.58
94.58
94.58
94.58
94.58
94.58
94.58
94.25
94.25
94.25
94.25
94.25
94.25
94.25
94.25
94.25
95.18
95.18
95.18
95.18
95.18
95.18
95.18
94.30
94.30
94.30
94.30
94.30
94.94
94.94
94.94
94.94
94.94
94.94
94.94
94.94
94.94
93.38
93.38
93.38
93.38
93.38
93.38
93.38
93.38
92.37
92.37
92.37
92.37
92.37
92.37
92.37
92.37
92.37
92.37
92.37
93.72
93.72
93.72
93.72
94.98
94.98
94.98
94.98
94.98
94.98
94.98
96.36
96.36
96.36
96.36
96.36
96.36
96.36
96.36
97.10
97.10
97.10
97.10
97.10
97.10
96.90
96.90
96.90
96.90
96.90
96.90
96.90
96.90
96.90
96.63
96.63
96.63
96.63
96.63
96.55
96.55
96.55
96.55
96.55
96.55
96.55
96.55
97.26
97.26
97.26
97.26
97.26
97.26
97.26
97.68
97.68
97.68
97.68
97.68
97.68
97.68
97.68
97.32
97.32
97.32
97.32
97.32
97.32
97.10
97.10
97.10
97.10
97.10
95.20
95.20
95.20
95.20
95.20
95.20
93.01
93.01
93.01
93.01
93.01
93.01
90.58
90.58
90.58
90.58
90.58
90.58
90.58
89.69
89.69
89.69
89.69
89.69
89.69
89.69
89.69
89.69
92.05
92.05
92.05
92.05
92.05
92.05
92.05
92.05
92.05
95.50
95.50
95.50
95.50
95.50
95.50
95.50
95.50
96.16
96.16
96.16
96.16
96.16
96.16
96.16
96.16
96.16
96.92
96.92
96.92
96.92
96.92
96.92
96.92
96.92
97.41
97.41
97.41
97.41
97.41
97.41
97.41
97.41
96.85
96.85
96.85
96.85
96.85
97.30
97.30
97.30
97.30
97.30
97.30
97.30
96.35
96.35
96.35
96.35
96.35
96.35
96.35
94.64
94.64
94.64
94.64
94.64
94.64
94.64
94.64
94.02
94.02
94.02
94.02
96.05
96.05
96.05
96.05
96.05
96.05
96.42
96.42
96.42
96.42
96.42
96.42
96.42
97.52
97.52
97.52
97.52
97.52
97.52
97.52
96.12
96.12
96.12
96.12
96.73
96.73
96.73
96.73
96.73
96.73
96.73
96.73
