96.81
96.81
96.81
96.81
96.81
96.81
96.81
97.95
97.95
97.95
97.95
97.95
97.95
97.95
97.95
97.95
97.95
97.95
97.95
98.29
98.29
98.29
98.29
98.29
98.29
98.29
98.29
98.55
98.55
98.55
98.55
98.55
98.55
98.55
98.54
98.54
98.54
98.54
98.54
98.56
98.56
98.56
98.56
98.56
98.56
98.56
98.37
98.37
98.37
98.37
98.15
98.15
98.15
98.15
98.15
98.15
98.15
98.15
98.15
98.15
98.15
96.71
96.71
96.71
96.71
96.71
94.42
94.42
94.42
94.42
95.11
95.11
95.11
95.11
95.11
95.11
95.11
95.11
95.11
95.11
95.11
97.44
97.44
97.44
97.44
97.44
97.44
97.44
98.38
98.38
98.38
98.38
98.38
98.38
98.38
98.38
98.43
98.43
98.43
98.43
98.43
98.43
98.43
98.62
98.62
98.62
98.62
98.62
98.62
98.62
98.62
98.62
98.62
98.62
98.42
98.42
98.42
98.42
98.42
98.42
98.42
98.51
98.51
98.51
98.51
98.51
98.51
98.51
98.51
98.01
98.01
98.01
98.01
97.25
97.25
97.25
97.25
97.25
97.25
97.25
97.25
97.25
95.98
95.98
95.98
95.98
95.98
95.98
95.98
95.98
95.98
95.05
95.05
95.05
95.05
97.21
97.21
97.21
97.21
97.21
97.21
97.21
95.64
95.64
95.64
95.64
95.64
95.64
95.64
95.64
95.64
95.64
96.37
96.37
96.37
96.37
96.40
96.40
96.40
96.40
95.99
95.99
95.99
95.99
97.66
97.66
97.66
97.66
97.66
97.66
97.66
97.66
97.84
97.84
97.84
97.84
97.84
97.84
97.84
97.84
96.98
96.98
96.98
96.98
96.98
96.98
96.98
96.98
96.98
97.15
97.15
97.15
97.15
97.15
97.15
97.15
97.15
97.15
98.03
98.03
98.03
98.03
98.03
97.84
97.84
97.84
97.84
97.84
97.84
97.84
97.84
97.84
97.84
97.84
97.84
97.40
97.40
97.40
97.40
97.40
97.40
97.49
97.49
97.49
97.49
97.49
97.49
97.49
97.49
97.63
97.63
97.63
97.63
97.63
97.26
97.26
97.26
97.26
97.26
97.26
97.26
97.26
97.26
96.86
96.86
96.86
96.86
96.86
96.86
96.86
96.86
96.86
96.86
96.86
96.86
96.18
96.18
96.18
96.18
96.18
96.18
96.18
96.18
94.66
94.66
94.66
94.66
94.66
94.66
94.66
94.66
94.66
94.66
94.66
95.24
95.24
95.24
95.24
95.24
95.24
95.24
95.24
94.04
94.04
94.04
94.04
94.04
94.04
91.88
91.88
91.88
91.88
