0.95
0.95
0.95
0.94
0.95
0.91
0.88
0.88
0.96
0.95
0.95
0.94
0.95
0.86
0.76
0.82
0.95
0.95
0.95
0.94
0.95
0.96
0.96
0.96
0.96
0.96
0.94
0.91
0.91
0.96
0.96
0.96
0.95
0.96
0.86
0.79
0.72
0.64
0.95
0.95
0.95
0.95
0.95
0.77
0.96
0.96
0.96
0.96
0.95
0.95
0.94
0.94
0.93
0.93
0.90
0.93
0.96
0.96
0.96
0.96
0.95
0.96
0.95
0.94
0.93
0.94
0.93
0.95
0.95
0.95
0.94
0.95
0.84
0.67
0.69
0.94
0.94
0.94
0.94
0.94
0.90
0.87
0.81
0.73
0.95
0.95
0.95
0.95
0.94
0.94
0.92
0.92
0.94
0.94
0.94
0.94
0.93
0.94
0.94
0.94
0.93
0.93
0.89
0.89
0.93
0.93
0.93
0.93
0.93
0.90
0.85
0.85
0.94
0.94
0.94
0.94
0.93
0.94
0.92
0.92
0.94
0.94
0.94
0.92
0.93
0.82
0.76
0.71
0.54
0.49
0.67
0.93
0.93
0.93
0.92
0.92
0.86
0.80
0.81
0.93
0.93
0.93
0.92
0.92
0.88
0.84
0.79
0.73
0.93
0.93
0.93
0.92
0.92
0.84
0.75
0.82
0.94
0.94
0.94
0.93
0.92
0.89
0.84
0.82
0.93
0.93
0.93
0.93
0.93
0.91
0.93
0.94
0.94
0.93
0.93
0.92
0.90
0.90
0.90
0.90
0.89
