0.85
0.85
0.84
0.82
0.82
0.73
0.69
0.60
0.54
0.82
0.82
0.82
0.79
0.79
0.73
0.66
0.67
0.82
0.81
0.81
0.79
0.78
0.72
0.74
0.75
0.73
0.73
0.70
0.68
0.64
0.62
0.61
0.57
0.76
0.76
0.76
0.72
0.72
0.67
0.64
0.63
0.61
0.58
0.82
0.82
0.82
0.79
0.79
0.74
0.75
0.65
0.84
0.84
0.85
0.82
0.82
0.70
0.73
0.90
0.90
0.90
0.88
0.89
0.84
0.82
0.78
0.79
0.91
0.91
0.91
0.89
0.90
0.75
0.74
0.91
0.91
0.91
0.90
0.91
0.87
0.84
0.81
0.82
0.92
0.92
0.92
0.91
0.91
0.83
0.82
0.91
0.91
0.91
0.90
0.91
0.85
0.82
0.75
0.92
0.92
0.92
0.92
0.92
0.92
0.92
0.92
0.91
0.91
0.89
0.88
0.90
0.90
0.89
0.89
0.88
0.84
0.79
0.79
0.89
0.89
0.90
0.88
0.89
0.84
0.83
0.83
0.89
0.89
0.88
0.86
0.85
0.80
0.75
0.79
0.88
0.87
0.86
0.84
0.84
0.74
0.71
0.68
0.65
0.88
0.88
0.88
0.87
0.86
0.83
0.84
0.84
0.85
0.82
0.84
0.70
0.72
0.88
0.89
0.89
0.88
0.88
0.83
0.83
0.91
0.91
0.90
0.90
0.89
0.90
0.90
0.89
0.88
0.88
0.84
0.82
0.78
0.73
0.88
0.89
0.88
0.87
0.87
0.84
0.79
0.81
0.83
0.82
0.82
0.80
0.81
0.80
0.90
0.91
0.90
0.90
0.89
0.88
0.86
0.86
0.91
0.91
0.91
0.90
0.89
0.89
0.88
0.88
0.86
0.85
0.77
0.72
0.65
0.58
0.86
0.86
0.87
0.84
0.85
0.78
0.72
0.70
0.72
0.72
0.87
0.88
0.86
0.84
0.83
0.75
0.69
0.69
0.85
0.85
0.84
0.80
0.87
0.86
0.86
0.84
0.84
0.75
0.72
0.65
0.53
0.49
0.63
0.87
0.88
0.87
0.86
0.85
0.88
0.88
0.88
0.87
0.89
0.89
0.89
0.87
0.88
0.78
0.70
0.70
0.89
0.89
0.89
0.89
0.88
0.87
0.84
0.82
0.83
0.82
0.90
0.90
0.90
0.89
0.90
0.86
0.83
0.83
0.84
0.83
0.92
0.92
0.92
0.90
0.91
0.78
0.67
0.64
0.92
0.93
0.92
0.92
0.92
