98.32
98.32
98.32
98.32
98.32
98.32
98.32
98.32
98.32
98.32
98.32
98.32
98.32
98.32
98.41
98.41
98.41
98.41
98.41
98.41
98.41
98.41
98.41
98.41
98.41
98.50
98.50
98.50
98.50
98.50
98.50
98.50
98.50
98.50
98.21
98.21
98.21
98.21
98.21
98.21
98.21
98.21
98.21
98.49
98.49
98.49
98.49
98.49
98.60
98.60
98.60
98.60
98.60
98.60
98.60
98.60
98.60
98.69
98.69
98.69
98.69
98.69
98.69
98.69
98.69
98.69
98.69
98.69
98.74
98.74
98.74
98.74
98.74
98.74
98.74
98.74
98.75
98.75
98.75
98.75
98.75
98.75
98.75
98.75
98.75
98.75
98.75
98.68
98.68
98.68
98.68
98.68
98.68
98.68
98.68
98.68
98.68
98.68
98.85
98.85
98.85
98.85
98.85
98.85
98.85
98.85
98.74
98.74
98.74
98.74
98.74
98.74
98.74
98.74
98.74
98.74
98.74
98.74
98.74
98.74
98.74
98.74
98.74
98.74
98.74
98.71
98.71
98.71
98.71
98.71
98.71
98.71
98.71
98.71
98.71
98.71
98.85
98.85
98.85
98.85
98.85
98.85
98.85
98.85
98.78
98.78
98.78
98.78
98.78
98.78
98.78
98.78
98.55
98.55
98.55
98.55
98.55
98.55
98.55
98.55
98.74
98.74
98.74
98.74
98.74
98.74
98.74
98.74
98.55
98.55
98.55
98.55
98.55
98.55
98.55
98.45
98.45
98.45
98.45
98.45
98.45
98.45
98.45
98.51
98.51
98.51
98.51
98.51
98.51
98.51
98.51
98.51
98.19
98.19
98.19
98.19
98.19
98.19
98.19
98.19
97.09
97.09
97.09
97.09
97.09
97.09
97.09
97.09
97.09
96.53
96.53
96.53
96.53
96.53
96.53
96.53
96.53
96.53
97.79
97.79
97.79
97.79
97.79
97.79
98.10
98.10
98.10
98.10
98.10
98.10
98.10
98.10
98.10
98.10
98.10
98.10
98.42
98.42
98.42
98.42
98.42
98.42
98.42
98.42
98.21
98.21
98.21
98.21
98.21
98.21
98.21
98.21
98.41
98.41
98.41
98.41
98.65
98.65
98.65
98.65
98.65
98.65
98.65
98.65
98.65
98.65
98.24
98.24
98.24
98.24
98.24
98.24
98.24
98.12
98.12
98.12
98.12
98.12
98.12
98.12
98.12
98.12
98.54
98.54
98.54
98.54
98.54
98.54
98.54
98.54
98.54
98.76
98.76
98.76
98.76
98.76
98.76
98.76
98.76
98.76
98.76
98.76
98.82
98.82
98.82
98.82
98.82
98.82
98.82
98.82
98.75
98.75
98.75
98.75
98.75
98.75
98.75
98.71
98.71
98.71
98.71
98.71
98.71
98.71
98.71
98.79
98.79
98.79
98.79
98.79
98.79
98.79
98.79
98.80
98.80
98.80
98.80
98.80
98.80
98.80
98.60
98.60
98.60
98.60
98.60
98.60
98.60
98.60
98.13
98.13
98.13
98.13
98.13
98.13
98.13
97.08
97.08
97.08
97.08
97.08
97.08
97.08
97.08
97.08
97.08
97.08
97.24
97.24
97.24
97.24
97.24
97.24
97.24
97.24
97.24
97.24
97.24
95.00
95.00
95.00
95.00
95.00
95.00
94.06
94.06
94.06
94.06
94.06
94.06
94.06
94.06
94.06
94.06
94.06
94.06
