0.28
0.27
0.28
0.27
0.27
0.27
0.27
0.25
0.26
0.24
0.22
0.22
0.17
0.21
0.13
0.18
0.27
0.26
0.27
0.26
0.26
0.25
0.26
0.24
0.25
0.14
0.19
0.26
0.29
0.26
0.25
0.25
0.23
0.08
0.08
0.08
0.17
0.18
0.15
0.16
0.16
0.26
0.26
0.26
0.24
0.25
0.14
0.29
0.28
0.29
0.27
0.27
0.26
0.25
0.26
0.24
0.25
0.15
0.20
0.18
0.28
0.28
0.28
0.26
0.27
0.26
0.26
0.26
0.24
0.25
0.17
0.21
0.19
0.27
0.27
0.27
0.25
0.26
0.23
0.25
0.25
0.25
0.23
0.23
0.22
0.16
0.15
0.12
0.13
0.12
0.27
0.26
0.27
0.25
0.25
0.28
0.28
0.28
0.26
0.26
0.25
0.28
0.23
0.21
0.29
0.29
0.29
0.27
0.28
0.26
0.26
0.21
0.27
0.27
0.27
0.25
0.26
0.25
0.28
0.26
0.28
0.27
0.24
0.25
0.21
0.16
0.30
0.30
0.30
0.27
0.28
0.26
0.29
0.24
0.25
0.29
0.30
0.29
0.27
0.28
0.25
0.27
0.24
0.28
0.27
0.28
0.26
0.27
0.26
0.29
0.29
0.29
0.27
0.28
0.26
0.27
0.27
0.27
0.25
0.26
0.24
0.22
0.21
0.28
0.28
0.28
0.26
0.27
0.25
0.22
0.23
0.20
0.23
0.21
0.29
0.29
0.29
0.28
0.28
0.26
0.27
0.28
0.29
0.28
0.27
0.27
0.25
0.28
0.31
0.25
0.27
0.28
0.27
0.25
0.26
0.24
0.18
0.15
0.29
0.29
0.29
0.28
0.28
0.29
0.28
0.29
0.28
0.30
0.30
0.30
0.29
0.29
0.27
0.27
0.19
0.29
0.22
0.21
0.21
0.22
0.10
0.09
0.09
0.19
0.19
0.16
0.16
0.17
0.31
0.31
0.31
0.29
0.30
0.27
0.30
0.33
0.28
0.32
0.33
0.33
0.31
0.32
0.29
0.28
