0.84
0.84
0.84
0.83
0.84
0.82
0.81
0.80
0.84
0.84
0.84
0.82
0.84
0.87
0.87
0.88
0.85
0.87
0.78
0.75
0.73
0.68
0.88
0.89
0.89
0.88
0.88
0.86
0.84
0.80
0.77
0.88
0.88
0.89
0.87
0.89
0.82
0.80
0.75
0.63
0.61
0.72
0.90
0.90
0.90
0.89
0.89
0.88
0.88
0.93
0.93
0.93
0.91
0.92
0.82
0.73
0.73
0.92
0.92
0.92
0.92
0.91
0.92
0.92
0.91
0.91
0.90
0.91
0.91
0.91
0.89
0.91
0.82
0.78
0.72
0.52
0.48
0.70
0.92
0.92
0.91
0.91
0.91
0.86
0.89
0.91
0.91
0.91
0.91
0.91
0.89
0.86
0.86
0.86
0.86
0.80
0.85
0.93
0.93
0.94
0.93
0.93
0.92
0.90
0.90
0.95
0.95
0.95
0.94
0.94
0.90
0.89
0.86
0.95
0.95
0.95
0.94
0.94
0.89
0.94
0.94
0.94
0.93
0.93
0.90
0.84
0.84
0.84
0.85
0.68
0.83
0.94
0.94
0.93
0.93
0.92
0.91
0.90
0.89
0.90
0.90
0.89
0.89
0.87
0.85
0.81
0.81
0.89
0.89
0.89
0.86
0.87
0.76
0.72
0.62
0.68
0.91
0.90
0.90
0.89
0.88
0.86
0.84
0.84
