96.21
96.21
96.21
96.21
96.21
96.21
96.21
96.21
97.09
97.09
97.09
97.09
97.09
97.09
97.80
97.80
97.80
97.80
97.80
97.80
97.80
97.78
97.78
97.78
97.78
97.78
97.78
97.78
98.36
98.36
98.36
98.36
98.36
98.36
98.42
98.42
98.42
98.42
98.42
98.42
98.42
98.42
98.40
98.40
98.40
98.40
98.40
97.86
97.86
97.86
97.86
97.86
97.86
97.86
97.86
97.89
97.89
97.89
97.89
97.89
97.07
97.07
97.07
97.07
97.07
97.07
97.07
97.07
96.32
96.32
96.32
96.32
96.32
96.32
96.32
96.32
96.32
96.10
96.10
96.10
96.10
96.10
96.10
96.10
96.10
96.10
96.94
96.94
96.94
96.94
96.94
96.94
96.94
96.94
97.17
97.17
97.17
97.17
97.17
97.83
97.83
97.83
97.83
97.83
97.83
97.83
97.69
97.69
97.69
97.69
97.69
97.27
97.27
97.27
97.27
97.27
97.27
97.27
97.23
97.23
97.23
97.23
97.23
97.23
97.23
97.23
96.46
96.46
96.46
96.46
96.46
92.39
92.39
92.39
92.39
92.39
92.39
90.61
90.61
90.61
90.61
90.61
90.61
90.61
90.61
90.61
