0.99
0.99
0.99
0.99
0.99
0.98
0.98
0.97
0.97
0.97
0.99
0.99
0.99
0.99
0.99
0.98
0.98
0.97
0.95
0.95
0.97
0.98
0.98
0.98
0.98
0.98
0.97
0.96
0.92
0.88
0.87
0.88
0.98
0.98
0.98
0.98
0.97
0.98
0.98
0.97
0.96
0.96
0.97
0.96
0.96
0.94
0.91
0.91
0.96
0.96
0.95
0.96
0.95
0.96
0.96
0.96
0.95
0.95
0.95
0.95
0.95
0.92
0.92
0.90
0.95
0.94
0.94
0.94
0.93
0.93
0.93
0.94
0.94
0.94
0.94
0.93
0.92
0.92
0.94
0.94
0.95
0.93
0.95
0.89
0.88
0.96
0.96
0.96
0.96
0.95
0.96
0.95
0.94
0.93
0.94
0.92
0.93
0.96
0.96
0.96
0.95
0.95
0.93
0.95
0.95
0.96
0.95
0.96
0.94
0.92
0.91
0.91
0.97
0.97
0.97
0.97
0.97
0.97
0.96
0.96
0.95
0.95
0.95
0.98
0.98
0.98
0.98
0.98
0.98
0.98
0.98
0.97
0.97
0.97
0.97
0.97
0.97
0.97
0.97
0.98
0.98
0.98
0.98
0.98
0.93
0.85
0.84
0.98
0.98
0.98
0.98
0.98
0.95
0.90
0.90
