0.88
0.88
0.88
0.86
0.87
0.80
0.75
0.70
0.67
0.86
0.87
0.86
0.85
0.84
0.82
0.78
0.79
0.81
0.82
0.81
0.78
0.79
0.80
0.84
0.83
0.84
0.81
0.83
0.75
0.70
0.65
0.62
0.86
0.86
0.86
0.86
0.85
0.85
0.84
0.83
0.86
0.86
0.85
0.85
0.83
0.86
0.84
0.84
0.83
0.82
0.82
0.81
0.80
0.77
0.72
0.73
0.83
0.83
0.83
0.82
0.82
0.81
0.80
0.74
0.73
0.82
0.82
0.83
0.80
0.81
0.73
0.69
0.60
0.47
0.42
0.61
0.85
0.86
0.86
0.84
0.85
0.77
0.76
0.74
0.89
0.89
0.89
0.86
0.88
0.76
0.68
0.68
0.92
0.92
0.92
0.90
0.91
0.81
0.77
0.73
0.57
0.53
0.71
0.92
0.92
0.92
0.90
0.91
0.82
0.78
0.72
0.64
0.93
0.93
0.93
0.91
0.92
0.82
0.77
0.73
0.72
0.93
0.93
0.92
0.92
0.91
0.90
0.90
0.92
0.91
0.91
0.90
0.90
0.82
0.77
0.74
0.71
0.91
0.91
0.90
0.89
0.88
0.82
0.74
0.74
0.90
0.90
0.90
0.88
0.91
0.91
0.91
0.90
0.91
0.84
0.86
0.92
0.92
0.92
0.90
0.90
0.82
0.74
0.79
0.92
0.92
0.91
0.91
0.90
0.80
0.79
0.75
0.92
0.92
0.92
0.91
0.91
0.91
0.91
0.90
0.90
0.88
0.88
0.87
0.85
0.89
0.89
0.88
0.87
0.86
0.80
0.76
0.69
0.60
0.84
0.84
0.83
0.83
0.80
0.82
0.79
0.79
0.79
0.78
0.77
0.75
0.73
0.72
0.70
0.67
0.66
0.70
0.69
0.69
0.65
0.63
0.60
0.52
0.58
0.64
0.62
0.64
0.57
0.60
0.53
0.70
0.68
0.70
0.65
0.80
0.80
0.81
0.78
0.80
0.69
0.71
0.86
0.87
0.86
0.86
0.85
0.84
0.81
0.82
