96.17
96.17
96.17
96.17
96.17
96.17
96.17
96.11
96.11
96.11
96.11
96.11
96.11
96.11
96.11
94.80
94.80
94.80
94.80
94.80
94.80
94.80
94.80
95.01
95.01
95.01
95.01
95.01
95.01
95.01
95.01
91.45
91.45
91.45
91.45
91.45
91.45
91.45
91.45
91.45
92.26
92.26
92.26
92.26
92.26
92.26
92.26
92.26
93.29
93.29
93.29
93.29
93.29
92.54
92.54
92.54
92.54
92.54
92.54
90.36
90.36
90.36
90.36
90.36
90.36
90.36
90.36
90.36
90.36
90.36
90.03
90.03
90.03
90.03
90.03
90.03
88.31
88.31
88.31
88.31
88.31
88.31
88.31
88.31
88.31
89.45
89.45
89.45
89.45
89.45
89.63
89.63
89.63
89.63
89.63
89.63
89.63
89.63
89.63
90.71
90.71
90.71
90.71
90.71
90.79
90.79
90.79
90.79
90.79
90.79
90.79
90.79
90.79
93.35
93.35
93.35
93.35
93.35
92.59
92.59
92.59
92.59
92.59
91.50
91.50
91.50
91.50
89.72
89.72
89.72
89.72
89.72
89.72
89.72
89.72
85.04
85.04
85.04
85.04
85.04
85.04
85.04
82.66
82.66
82.66
82.66
82.66
82.66
82.66
88.92
88.92
88.92
88.92
88.92
88.92
88.92
93.21
93.21
93.21
93.21
93.21
93.21
93.21
93.21
95.26
95.26
95.26
95.26
95.26
95.26
95.26
95.26
95.61
95.61
95.61
95.61
95.61
95.61
95.61
95.61
96.56
96.56
96.56
96.56
96.56
96.56
96.56
97.79
97.79
97.79
97.79
97.79
97.79
97.79
97.79
97.79
97.79
97.79
98.15
98.15
98.15
98.15
98.15
98.15
98.15
98.15
98.28
98.28
98.28
98.28
98.28
98.28
98.28
98.28
98.29
98.29
98.29
98.29
98.29
98.29
98.29
98.29
98.29
98.29
98.29
98.29
98.60
98.60
98.60
98.60
98.60
98.60
98.60
98.60
98.60
98.60
98.60
98.67
98.67
98.67
98.67
98.67
98.67
98.67
98.38
98.38
98.38
98.38
98.38
98.38
98.38
98.38
98.29
98.29
98.29
98.29
98.29
98.29
98.29
98.29
98.67
98.67
98.67
98.67
98.67
98.67
98.67
98.67
98.49
98.49
98.49
98.49
98.49
98.49
98.49
98.49
98.49
98.49
98.49
96.90
96.90
96.90
96.90
96.90
96.90
96.90
