0.94
0.94
0.94
0.93
0.93
0.90
0.89
0.95
0.95
0.95
0.94
0.94
0.94
0.92
0.92
0.93
0.94
0.94
0.93
0.93
0.91
0.90
0.89
0.94
0.94
0.93
0.93
0.93
0.88
0.86
0.82
0.69
0.68
0.78
0.93
0.93
0.93
0.92
0.92
0.89
0.86
0.85
0.83
0.94
0.94
0.94
0.92
0.93
0.83
0.76
0.70
0.52
0.47
0.69
0.95
0.95
0.94
0.94
0.94
0.93
0.93
0.91
0.94
0.94
0.94
0.93
0.93
0.94
0.94
0.94
0.93
0.94
0.78
0.80
0.94
0.94
0.94
0.94
0.93
0.94
0.94
0.93
0.93
0.93
0.90
0.93
0.94
0.93
0.93
0.92
0.93
0.83
0.85
0.93
0.93
0.93
0.93
0.92
0.91
0.88
0.88
0.93
0.93
0.93
0.92
0.93
0.90
0.86
0.86
0.85
0.86
0.82
0.92
0.92
0.92
0.91
0.91
0.81
0.92
0.92
0.92
0.91
0.91
0.89
0.86
0.87
0.85
0.85
0.90
0.90
0.90
0.89
0.89
0.91
0.91
0.91
0.90
0.90
0.86
0.86
0.89
0.89
0.89
0.88
0.88
0.82
0.88
0.87
0.87
0.85
0.86
0.77
0.88
0.87
0.87
0.84
0.85
0.74
0.66
0.67
0.86
0.87
0.86
0.85
0.89
0.89
0.89
0.87
0.88
0.80
0.76
0.76
0.88
0.88
0.88
0.87
0.86
0.86
0.85
0.85
0.84
0.82
0.78
0.77
0.84
0.84
0.84
0.82
0.84
0.77
0.74
0.70
0.68
0.84
0.85
0.85
0.83
0.85
0.79
0.77
0.78
0.87
0.87
0.87
0.86
0.86
0.85
0.85
0.88
0.88
0.88
0.86
0.88
0.79
0.74
0.66
0.89
0.89
0.89
0.88
0.88
0.84
0.83
0.79
0.78
0.90
0.90
0.90
0.88
0.89
0.80
0.79
0.77
0.91
0.91
0.92
0.90
0.91
0.81
0.73
0.73
0.93
0.93
0.93
0.93
0.93
0.91
0.91
0.89
0.93
0.93
0.94
0.92
0.93
0.83
0.83
0.94
0.94
0.93
0.93
0.92
0.92
0.92
0.93
0.93
0.92
0.92
0.91
0.85
0.85
0.87
0.86
0.84
0.82
0.79
0.74
0.69
0.72
