0.96
0.96
0.96
0.96
0.95
0.93
0.93
0.96
0.96
0.95
0.95
0.93
0.88
0.95
0.94
0.93
0.93
0.91
0.89
0.87
0.85
0.86
0.93
0.93
0.92
0.91
0.91
0.84
0.85
0.95
0.95
0.94
0.95
0.93
0.93
0.93
0.91
0.92
0.93
0.93
0.92
0.93
0.89
0.89
0.92
0.92
0.92
0.90
0.91
0.84
0.82
0.93
0.93
0.92
0.91
0.90
0.84
0.94
0.94
0.94
0.92
0.93
0.86
0.81
0.80
0.82
0.94
0.94
0.93
0.94
0.92
0.92
0.90
0.89
0.85
0.84
0.87
0.93
0.92
0.91
0.90
0.88
0.84
0.78
0.78
0.90
0.89
0.87
0.85
0.84
0.71
0.85
0.83
0.78
0.81
0.71
0.80
0.76
0.77
0.74
0.74
0.74
0.69
0.71
0.65
0.65
0.65
0.61
0.68
0.70
0.69
0.59
0.64
0.52
0.53
0.60
0.55
0.64
0.68
0.65
0.53
0.59
0.83
0.84
0.86
0.79
0.84
0.72
0.70
0.71
0.67
0.89
0.91
0.91
0.90
0.90
0.90
0.88
0.88
0.89
0.89
0.88
0.93
0.93
0.94
0.93
0.94
0.92
0.92
0.91
0.94
0.94
0.95
0.93
0.94
0.92
0.91
0.95
0.96
0.96
0.95
0.95
0.95
0.92
0.92
0.92
0.93
0.97
0.97
0.97
0.96
0.96
0.89
0.88
0.97
0.97
0.97
0.97
0.96
0.96
0.95
0.95
0.94
0.95
0.95
0.94
0.94
0.94
0.97
0.97
0.97
0.97
0.96
0.95
0.92
0.92
0.90
0.90
0.90
0.97
0.97
0.97
0.96
0.96
0.95
0.94
0.93
0.96
0.96
0.95
0.95
0.94
0.93
0.93
0.95
0.95
0.95
0.92
0.94
0.77
0.73
0.64
0.60
0.96
0.95
0.95
0.93
0.95
0.83
0.74
0.73
0.97
0.97
0.97
0.97
0.96
0.95
0.92
0.92
0.92
0.88
0.87
0.88
0.88
0.88
0.96
0.96
0.96
0.94
0.95
0.77
