98.48
98.48
98.48
98.48
98.62
98.62
98.62
98.62
98.62
98.62
98.62
98.62
98.35
98.35
98.35
98.35
98.35
98.35
98.35
98.35
98.35
98.55
98.55
98.55
98.55
98.55
98.55
98.55
98.53
98.53
98.53
98.53
98.53
98.53
98.53
98.53
98.34
98.34
98.34
98.34
98.34
97.78
97.78
97.78
97.78
97.76
97.76
97.76
97.76
97.76
97.76
97.76
96.51
96.51
96.51
96.51
96.51
96.51
96.51
96.51
96.51
96.51
96.51
97.25
97.25
97.25
97.25
97.25
97.25
97.25
97.25
94.40
94.40
94.40
94.40
94.40
94.40
94.40
94.40
94.40
93.85
93.85
93.85
93.85
93.85
93.85
92.72
92.72
92.72
92.72
92.72
92.72
92.72
92.72
93.89
93.89
93.89
93.89
93.89
93.89
93.89
93.89
90.35
90.35
90.35
90.35
90.35
90.35
90.35
90.35
92.86
92.86
92.86
92.86
92.86
92.86
92.86
95.95
95.95
95.95
95.95
95.95
95.95
95.95
95.95
95.32
95.32
95.32
95.32
95.32
95.32
95.32
95.32
94.75
94.75
94.75
94.75
95.19
95.19
95.19
95.19
95.19
95.19
95.19
95.19
96.85
96.85
96.85
96.85
96.85
96.85
96.85
97.08
97.08
97.08
97.08
97.08
97.08
96.82
96.82
96.82
96.82
96.82
96.82
96.82
96.82
96.82
96.82
96.82
96.82
96.62
96.62
96.62
96.62
96.62
96.62
96.62
96.62
97.61
97.61
97.61
97.61
97.61
97.61
97.61
97.61
97.61
97.61
97.61
97.87
97.87
97.87
97.87
97.87
