98.27
98.27
98.27
98.27
98.27
98.27
98.27
98.27
97.42
97.42
97.42
97.42
97.42
97.42
97.42
97.42
97.42
97.62
97.62
97.62
97.62
97.62
97.62
97.62
97.56
97.56
97.56
97.56
97.56
97.56
97.56
97.56
95.61
95.61
95.61
95.61
95.61
95.61
95.61
95.61
97.55
97.55
97.55
97.55
97.55
97.55
97.55
97.55
97.55
98.20
98.20
98.20
98.20
98.20
98.20
98.20
98.62
98.62
98.62
98.62
98.62
98.62
98.62
98.79
98.79
98.79
98.79
98.79
98.79
98.79
98.79
98.76
98.76
98.76
98.76
98.76
98.76
98.76
98.81
98.81
98.81
98.81
98.81
98.81
98.81
98.61
98.61
98.61
98.61
98.61
98.61
98.61
98.61
98.65
98.65
98.65
98.65
98.65
98.65
98.65
98.65
97.70
97.70
97.70
97.70
97.70
97.70
97.70
97.70
97.70
97.69
97.69
97.69
97.69
97.69
97.69
97.69
97.69
96.59
96.59
96.59
96.59
96.59
96.59
96.59
96.59
97.24
97.24
97.24
97.24
97.24
97.24
97.24
97.24
97.24
95.90
95.90
95.90
95.90
95.90
95.90
95.90
95.90
92.16
92.16
92.16
92.16
91.89
91.89
91.89
91.89
91.89
91.89
91.89
87.44
87.44
87.44
87.44
87.44
92.70
92.70
92.70
92.70
92.70
92.70
92.70
92.70
92.70
95.57
95.57
95.57
95.57
95.57
95.57
95.57
95.57
96.76
96.76
96.76
96.76
96.76
96.76
96.76
96.82
96.82
96.82
96.82
96.82
96.82
96.82
96.82
97.10
97.10
97.10
97.10
97.10
97.10
97.10
97.66
97.66
97.66
97.66
97.66
97.66
97.66
97.66
97.62
97.62
97.62
97.62
97.62
97.62
97.62
97.62
97.03
97.03
97.03
97.03
97.03
97.03
97.03
97.03
97.31
97.31
97.31
97.31
97.31
97.31
97.31
97.31
97.31
97.92
97.92
97.92
97.92
97.92
97.92
97.92
97.92
95.73
95.73
95.73
95.73
95.73
95.73
95.73
95.73
95.73
95.73
96.76
96.76
96.76
96.76
96.76
96.76
96.76
96.76
96.76
96.62
96.62
96.62
96.62
96.62
96.62
96.62
96.62
96.62
97.17
97.17
97.17
97.17
97.17
97.17
97.17
97.17
97.17
97.17
96.20
96.20
96.20
96.20
96.20
96.20
96.20
95.74
95.74
95.74
95.74
95.74
95.74
95.74
95.74
95.74
96.14
96.14
96.14
96.14
96.14
96.14
96.14
96.14
92.60
92.60
92.60
92.60
92.60
92.60
92.60
97.82
97.82
97.82
97.82
97.82
97.82
97.82
97.82
97.82
98.31
98.31
98.31
98.31
98.31
98.31
98.31
98.31
98.37
98.37
98.37
98.37
98.37
98.37
98.37
98.38
98.38
98.38
98.38
98.38
98.38
98.38
98.56
98.56
98.56
98.56
98.56
98.56
98.56
98.56
98.19
98.19
98.19
98.19
98.19
98.19
98.11
98.11
98.11
98.11
98.11
96.75
96.75
96.75
96.75
96.75
96.75
96.75
96.75
97.11
97.11
97.11
97.11
97.11
97.11
97.11
97.11
97.11
97.38
97.38
97.38
97.38
97.09
97.09
97.09
97.09
97.09
97.57
97.57
97.57
97.57
97.57
97.57
97.57
97.57
98.35
98.35
98.35
98.35
98.35
98.35
98.35
98.35
98.10
98.10
98.10
98.10
98.10
98.10
98.10
98.10
98.36
98.36
98.36
98.36
98.36
98.36
98.36
98.36
98.36
98.73
98.73
98.73
98.73
98.73
98.73
98.73
98.73
98.54
98.54
98.54
98.54
98.54
98.54
98.54
