89.42
89.42
89.42
89.42
89.42
89.42
89.42
89.42
89.42
89.42
89.42
89.42
81.19
81.19
81.19
81.19
81.19
81.19
81.19
77.29
77.29
77.29
77.29
77.29
77.29
77.29
77.29
80.92
80.92
80.92
80.92
80.92
80.92
80.92
80.92
80.92
80.92
80.92
90.54
90.54
90.54
90.54
90.54
90.54
90.54
90.54
90.54
90.60
90.60
90.60
90.60
90.60
90.60
90.60
90.60
93.72
93.72
93.72
93.72
93.72
93.72
93.72
93.72
93.33
93.33
93.33
93.33
93.33
93.33
93.33
96.64
96.64
96.64
96.64
96.64
96.64
96.64
96.64
96.64
96.64
96.64
93.49
93.49
93.49
93.49
93.49
93.49
93.49
93.49
94.84
94.84
94.84
94.84
94.84
94.84
94.84
94.84
94.84
94.84
94.84
91.75
91.75
91.75
91.75
91.75
87.84
87.84
87.84
87.84
87.84
87.84
87.84
87.84
87.84
85.84
85.84
85.84
85.84
85.84
85.84
85.84
85.84
83.69
83.69
83.69
83.69
83.69
83.69
76.36
76.36
76.36
76.36
79.44
79.44
79.44
79.44
79.44
79.44
79.44
