94.88
94.88
94.88
94.88
94.88
94.88
94.88
94.88
96.94
96.94
96.94
96.94
96.94
96.94
98.06
98.06
98.06
98.06
98.06
98.06
98.06
98.06
98.56
98.56
98.56
98.56
98.56
98.56
98.56
98.56
98.56
98.56
98.56
98.56
98.56
98.56
98.44
98.44
98.44
98.44
98.44
98.44
98.44
98.19
98.19
98.19
98.19
98.19
98.19
98.19
98.19
97.69
97.69
97.69
97.69
97.69
97.69
97.69
97.69
95.50
95.50
95.50
95.50
95.50
94.31
94.31
94.31
94.31
94.31
94.31
94.31
94.31
94.31
91.94
91.94
91.94
91.94
91.94
91.94
91.94
89.31
89.31
89.31
89.31
93.25
93.25
93.25
93.25
93.25
91.38
91.38
91.38
91.38
92.62
92.62
92.62
92.62
92.62
92.62
92.62
92.62
92.62
91.44
91.44
91.44
91.44
91.44
91.44
93.62
93.62
93.62
93.62
93.62
93.62
93.62
93.62
93.62
93.62
93.62
94.25
94.25
94.25
94.25
94.25
94.25
94.25
95.88
95.88
95.88
95.88
95.88
96.69
96.69
96.69
96.69
96.69
96.69
96.69
96.69
96.69
96.50
96.50
96.50
96.50
96.50
96.50
96.50
96.50
97.31
97.31
97.31
97.31
97.31
97.31
97.31
97.31
98.00
98.00
98.00
98.00
98.00
98.00
98.00
98.00
97.94
97.94
97.94
97.94
97.94
97.94
97.94
97.94
97.69
97.69
97.69
97.69
97.69
97.69
97.69
97.69
97.69
97.69
97.69
97.31
97.31
97.31
97.31
97.31
97.31
97.31
97.31
97.31
97.19
97.19
97.19
97.19
97.19
97.19
97.19
97.19
97.19
97.19
97.19
97.19
95.81
95.81
95.81
95.81
95.81
95.81
95.81
95.81
94.69
94.69
94.69
94.69
94.69
94.69
94.69
94.69
94.69
93.94
93.94
93.94
93.94
95.94
95.94
95.94
95.94
95.94
95.94
96.62
96.62
96.62
96.62
96.62
96.62
96.62
96.62
96.62
96.62
96.62
97.75
97.75
97.75
97.75
97.75
97.75
97.75
98.00
98.00
98.00
98.00
98.00
98.00
98.00
98.00
98.56
98.56
98.56
98.56
98.56
98.56
98.56
98.56
98.38
98.38
98.38
98.38
98.38
98.38
98.38
98.38
97.06
97.06
97.06
97.06
97.06
97.06
97.06
97.06
95.12
95.12
95.12
95.12
95.12
95.12
95.12
92.75
92.75
92.75
92.75
92.75
92.75
92.75
92.75
92.75
94.62
94.62
94.62
94.62
94.62
94.62
94.62
94.62
94.62
94.62
94.62
93.50
93.50
93.50
93.50
93.50
93.50
93.50
93.50
93.50
96.69
96.69
96.69
96.69
96.69
96.69
96.69
96.69
96.69
96.69
96.69
96.69
96.00
96.00
96.00
96.00
96.00
96.00
96.00
96.00
96.00
95.44
95.44
95.44
95.44
95.44
95.44
95.44
95.44
95.44
96.19
96.19
96.19
96.19
96.19
96.19
96.19
96.19
97.00
97.00
97.00
97.00
97.00
97.00
95.69
95.69
95.69
95.69
95.69
95.69
95.69
95.69
95.69
95.69
95.69
95.81
95.81
95.81
95.81
95.81
95.81
95.81
95.81
95.81
96.31
96.31
96.31
96.31
96.31
96.31
96.31
96.31
96.31
96.31
96.31
96.31
96.75
96.75
96.75
96.75
97.44
97.44
97.44
97.44
97.44
97.44
97.44
97.62
97.62
97.62
97.62
97.62
97.62
97.62
97.62
97.62
97.62
97.62
97.62
97.62
97.62
