98.84
98.84
98.84
98.84
98.84
98.66
98.66
98.66
98.66
98.66
98.66
98.66
98.66
98.23
98.23
98.23
98.23
98.23
98.23
98.23
98.11
98.11
98.11
98.11
98.11
98.11
98.49
98.49
98.49
98.49
98.49
98.49
98.49
98.49
98.79
98.79
98.79
98.79
98.79
98.79
98.79
98.79
98.79
98.75
98.75
98.75
98.75
98.75
98.75
98.75
98.90
98.90
98.90
98.90
98.90
98.90
98.90
98.89
98.89
98.89
98.89
98.89
98.89
98.89
98.47
98.47
98.47
98.47
98.47
98.47
98.04
98.04
98.04
98.04
98.81
98.81
98.81
98.81
98.81
98.81
98.81
98.81
98.81
98.81
98.81
98.81
98.81
98.81
98.78
98.78
98.78
98.78
98.78
98.78
98.75
98.75
98.75
98.75
98.75
98.75
98.75
98.37
98.37
98.37
98.37
98.37
98.37
98.37
98.65
98.65
98.65
98.65
98.65
98.65
98.65
98.65
98.71
98.71
98.71
98.71
98.71
98.71
98.71
98.71
98.75
98.75
98.75
98.75
98.87
98.87
98.87
98.87
98.87
98.87
98.87
98.90
98.90
98.90
98.90
98.90
98.90
98.90
98.90
98.87
98.87
98.87
98.87
98.87
98.87
98.87
98.87
98.87
98.90
98.90
98.90
98.90
98.90
98.90
98.90
98.90
98.90
98.90
98.90
98.90
98.90
98.90
98.92
98.92
98.92
98.92
98.92
98.92
98.92
98.92
98.92
98.94
98.94
98.94
98.94
98.94
98.94
98.94
98.94
98.96
98.96
98.96
98.96
98.96
98.96
98.96
98.96
98.96
98.96
98.96
98.96
98.94
98.94
98.94
98.94
98.94
98.94
98.94
98.94
98.95
98.95
98.95
98.95
98.95
98.95
98.95
98.95
98.95
98.95
98.95
98.95
