0.97
0.97
0.97
0.96
0.97
0.89
0.97
0.97
0.96
0.96
0.95
0.96
0.93
0.93
0.92
0.92
0.89
0.91
0.96
0.96
0.95
0.95
0.94
0.92
0.88
0.88
0.89
0.88
0.90
0.89
0.89
0.89
0.96
0.96
0.96
0.96
0.95
0.95
0.94
0.93
0.97
0.97
0.97
0.97
0.95
0.97
0.96
0.96
0.95
0.95
0.95
0.97
0.97
0.95
0.96
0.92
0.94
0.93
0.96
0.96
0.96
0.94
0.94
0.84
0.80
0.73
0.75
0.96
0.97
0.97
0.97
0.98
0.96
0.96
0.95
0.97
0.97
0.97
0.97
0.97
0.96
0.97
0.97
0.97
0.97
0.97
0.97
0.96
0.97
0.97
0.96
0.97
0.96
0.96
0.97
0.97
0.97
0.96
0.96
0.92
0.92
0.89
0.97
0.97
0.97
0.97
0.96
0.95
0.92
0.92
0.93
0.96
0.96
0.96
0.95
0.95
0.90
0.87
0.87
0.89
0.96
0.96
0.95
0.96
0.94
0.94
0.92
0.92
0.95
0.95
0.95
0.95
0.93
0.95
0.93
0.93
0.92
0.92
0.90
0.92
0.95
0.95
0.93
0.94
0.91
0.94
0.94
0.95
0.94
0.93
0.92
0.91
0.87
0.82
0.83
0.82
0.92
0.92
0.92
0.92
0.91
0.91
0.88
0.90
0.84
0.92
0.90
0.91
0.91
0.91
0.90
0.88
0.87
0.85
0.85
0.81
0.82
0.78
0.79
0.87
0.87
0.87
0.87
0.81
0.85
0.79
0.78
0.71
0.75
0.69
0.77
0.83
0.85
0.86
0.83
0.84
0.84
0.81
0.81
0.82
0.78
0.80
0.71
0.68
0.71
0.78
0.81
0.82
0.74
0.78
0.56
0.50
0.55
0.88
0.88
0.88
0.84
0.83
0.80
0.75
0.77
0.76
0.91
0.92
0.92
0.91
0.92
0.91
0.90
0.90
0.90
0.90
0.94
0.95
0.95
0.94
0.95
0.95
0.96
0.96
0.96
0.97
0.97
0.96
0.97
0.94
0.94
0.97
0.97
0.97
0.96
0.97
0.95
0.93
0.92
0.91
0.92
0.91
0.97
0.97
0.97
0.97
0.97
0.95
0.93
0.92
0.92
0.98
0.98
0.98
0.98
0.98
0.97
0.97
0.98
0.98
0.98
0.98
0.98
0.95
0.98
0.98
0.98
0.98
0.98
0.97
0.96
0.96
0.99
0.99
0.99
0.99
0.99
0.98
0.98
0.96
0.99
0.99
0.99
0.99
0.98
0.98
0.98
0.98
0.99
0.99
0.99
0.99
0.98
0.99
0.99
0.98
0.99
0.98
0.98
0.98
0.98
0.99
0.99
0.99
0.99
0.99
0.98
0.98
0.98
0.97
0.97
0.96
0.97
0.99
0.99
0.99
0.99
0.99
0.98
0.98
0.99
0.99
0.99
0.99
0.99
0.96
0.93
0.95
0.99
0.99
0.99
0.99
0.99
0.98
0.98
0.98
0.99
0.99
0.99
0.99
0.98
0.98
0.98
0.99
0.99
0.99
0.98
0.98
0.98
0.97
0.96
0.98
0.98
0.98
0.98
0.98
0.98
0.98
0.98
0.98
0.98
0.98
0.98
0.98
0.97
0.96
0.96
0.98
0.98
0.98
0.98
0.98
0.97
0.95
0.94
0.90
0.89
0.92
0.98
0.98
0.97
0.98
0.97
0.97
0.97
0.96
0.96
0.96
0.96
0.95
0.94
0.94
0.96
0.95
0.94
0.94
0.93
0.90
0.90
0.88
0.93
0.93
0.93
0.92
0.91
0.90
0.87
0.88
0.86
0.86
0.91
0.91
0.91
0.90
0.91
0.88
0.88
