0.95
0.95
0.95
0.95
0.95
0.93
0.91
0.90
0.96
0.96
0.96
0.96
0.95
0.95
0.93
0.93
0.95
0.95
0.95
0.93
0.94
0.80
0.74
0.66
0.61
0.94
0.94
0.94
0.93
0.93
0.85
0.79
0.72
0.67
0.94
0.94
0.94
0.92
0.94
0.81
0.75
0.73
0.70
0.95
0.96
0.95
0.95
0.95
0.94
0.92
0.92
0.92
0.92
0.88
0.91
0.95
0.95
0.95
0.94
0.94
0.91
0.89
0.95
0.96
0.95
0.95
0.95
0.91
0.88
0.86
0.97
0.97
0.96
0.96
0.96
0.92
0.87
0.85
0.87
0.97
0.97
0.96
0.97
0.96
0.96
0.95
0.95
0.95
0.95
0.94
0.95
0.95
0.95
0.95
0.95
0.95
0.92
0.93
0.95
0.95
0.95
0.95
0.94
0.93
0.90
0.89
0.94
0.94
0.93
0.91
0.92
0.92
0.90
0.91
0.88
0.88
0.85
0.82
0.72
0.71
0.81
0.88
0.88
0.89
0.86
0.87
0.77
0.85
0.86
0.80
0.81
0.74
0.78
0.88
0.88
0.89
0.86
0.88
0.88
0.87
0.84
0.84
0.73
0.90
0.92
0.93
0.88
0.92
0.77
0.73
0.74
0.73
0.95
0.96
0.95
0.96
0.94
0.94
0.90
0.90
0.92
0.93
0.94
0.92
0.93
0.92
0.96
0.96
0.96
0.95
0.95
0.93
0.88
0.89
0.96
0.96
0.96
0.95
0.96
0.84
0.77
0.73
0.67
0.96
0.96
0.96
0.96
0.95
0.92
0.92
0.96
0.96
0.96
0.96
0.95
0.94
0.92
0.92
0.95
0.95
0.94
0.92
0.94
0.94
0.93
0.92
0.92
0.82
0.70
0.70
0.94
0.94
0.93
0.93
0.91
0.93
0.91
0.91
0.91
0.91
0.88
0.90
0.91
0.91
0.91
0.90
0.89
0.88
0.90
0.89
0.88
0.87
0.86
0.81
0.88
0.87
0.86
0.85
0.83
0.76
0.87
0.86
0.86
0.84
0.83
0.73
0.75
0.85
0.85
0.84
0.83
0.82
0.80
0.78
0.87
0.88
0.89
0.86
0.88
0.77
0.73
0.70
0.66
0.90
0.90
0.90
0.89
0.89
0.88
0.85
0.85
0.92
0.92
0.92
0.92
0.93
0.94
0.94
0.94
0.96
0.96
0.96
0.96
0.96
0.94
0.94
0.97
0.97
0.97
0.97
0.97
0.98
0.98
0.97
0.97
0.97
0.97
0.97
0.96
0.97
0.97
0.97
0.97
0.97
0.95
0.95
0.96
0.96
0.96
0.95
0.95
0.94
0.94
0.94
0.94
0.93
0.93
0.89
0.86
0.80
0.73
0.92
0.93
0.93
0.92
0.92
0.88
0.82
0.83
0.85
0.87
0.88
0.83
0.86
0.84
0.94
0.94
0.94
0.93
0.94
0.90
0.88
0.96
0.96
0.96
0.96
0.95
0.95
0.95
0.93
0.96
0.96
0.95
0.95
0.95
0.97
0.97
0.97
0.96
0.97
0.92
0.87
0.87
0.87
0.97
0.97
0.97
0.95
0.96
0.80
0.76
0.69
0.64
0.97
0.97
0.97
0.97
0.97
0.96
0.96
0.93
0.97
0.97
0.97
0.97
0.97
0.95
0.93
0.92
0.91
0.97
0.97
0.97
0.97
0.96
0.96
0.93
0.93
0.92
0.92
0.86
0.91
0.96
0.96
0.96
0.96
0.96
0.93
0.93
0.96
0.96
0.95
0.96
0.94
0.95
0.95
0.94
0.94
0.94
0.94
0.94
0.93
0.92
0.92
0.90
