90.44
90.44
90.44
90.44
90.44
90.44
89.75
89.75
89.75
89.75
89.75
89.75
89.75
91.56
91.56
91.56
91.56
91.56
91.56
91.56
91.75
91.75
91.75
91.75
91.75
91.75
91.75
87.88
87.88
87.88
87.88
87.88
89.12
89.12
89.12
89.12
92.06
92.06
92.06
92.06
92.06
92.06
92.06
93.88
93.88
93.88
93.88
93.88
93.19
93.19
93.19
93.19
93.19
93.19
93.19
94.81
94.81
94.81
94.81
94.81
94.81
94.81
94.81
94.81
96.69
96.69
96.69
96.69
96.69
96.69
96.69
97.06
97.06
97.06
97.06
97.06
97.06
95.88
95.88
95.88
95.88
95.88
95.88
97.06
97.06
97.06
97.06
97.06
97.06
97.06
98.06
98.06
98.06
98.06
98.06
98.06
98.06
98.06
97.75
97.75
97.75
97.75
97.75
97.75
97.75
97.75
97.75
95.06
95.06
95.06
95.06
95.06
95.06
95.06
95.06
95.06
96.19
96.19
96.19
96.19
97.69
97.69
97.69
97.69
97.69
97.69
97.69
98.06
98.06
98.06
98.06
98.06
98.06
98.06
98.06
97.50
97.50
97.50
97.50
97.50
97.50
97.50
97.50
97.50
97.50
97.50
94.00
94.00
94.00
94.00
94.00
93.31
93.31
93.31
93.31
93.31
93.31
93.31
93.31
93.31
93.69
93.69
93.69
93.69
93.69
94.81
94.81
94.81
94.81
94.81
94.81
95.69
95.69
95.69
95.69
95.69
95.69
95.69
95.56
95.56
95.56
95.56
95.56
95.56
95.00
95.00
95.00
95.00
95.00
95.00
95.00
95.38
95.38
95.38
95.38
95.38
95.38
95.38
95.38
95.38
96.94
96.94
96.94
96.94
96.94
96.94
96.94
97.75
97.75
97.75
97.75
97.75
97.75
97.75
96.94
96.94
96.94
96.94
96.94
97.38
97.38
97.38
97.38
97.38
97.38
97.75
97.75
97.75
97.75
97.75
97.75
97.75
97.75
97.50
97.50
97.50
97.50
97.50
97.50
95.38
95.38
95.38
95.38
95.38
95.38
95.38
95.38
95.38
95.69
95.69
95.69
95.69
95.69
96.62
96.62
96.62
96.62
96.62
96.62
96.62
96.62
96.62
96.62
96.62
96.62
96.62
96.62
93.00
93.00
93.00
93.00
93.00
93.00
93.00
89.38
89.38
89.38
89.38
89.38
89.38
89.38
89.38
91.56
91.56
91.56
91.56
91.56
91.56
87.12
87.12
87.12
87.12
87.12
87.12
87.12
87.12
87.12
