94.10
94.10
94.10
94.10
94.10
94.10
94.10
94.10
93.45
93.45
93.45
93.45
93.45
93.45
93.45
93.94
93.94
93.94
93.94
93.94
93.94
93.94
93.94
97.10
97.10
97.10
97.10
97.10
97.10
97.10
98.05
98.05
98.05
98.05
98.05
98.05
98.05
98.05
98.52
98.52
98.52
98.52
98.52
98.52
98.59
98.59
98.59
98.59
98.59
98.59
98.59
98.59
98.59
98.59
98.59
98.59
98.59
98.59
98.53
98.53
98.53
98.53
98.53
98.53
98.53
98.53
98.78
98.78
98.78
98.78
98.78
98.78
98.78
98.78
98.78
98.78
98.78
98.86
98.86
98.86
98.86
98.86
98.86
98.86
98.86
98.86
98.86
98.77
98.77
98.77
98.77
98.77
98.77
98.77
98.77
98.77
98.78
98.78
98.78
98.78
98.78
98.78
98.78
98.78
98.78
98.78
98.78
98.85
98.85
98.85
98.85
98.85
98.85
98.85
98.85
98.79
98.79
98.79
98.79
98.79
98.79
98.79
98.79
98.79
98.78
98.78
98.78
98.78
98.78
98.78
98.78
98.78
98.78
98.78
98.78
98.79
98.79
98.79
98.79
98.79
98.79
98.79
98.79
98.73
98.73
98.73
98.73
98.73
98.73
98.73
98.73
98.51
98.51
98.51
98.51
98.51
98.51
98.51
98.51
97.53
97.53
97.53
97.53
98.04
98.04
98.04
98.04
98.04
98.04
98.04
98.04
98.04
98.04
98.04
97.59
97.59
97.59
97.59
97.59
97.59
97.59
97.59
97.90
97.90
97.90
97.90
98.20
98.20
98.20
98.20
98.20
98.20
98.20
97.95
97.95
97.95
97.95
97.95
97.95
97.95
97.95
97.95
97.94
97.94
97.94
97.94
97.94
97.94
97.94
97.94
97.94
98.40
98.40
98.40
98.40
98.40
98.77
98.77
98.77
98.77
98.77
98.77
98.77
98.77
98.77
98.77
98.77
98.69
98.69
98.69
98.69
98.69
