93.72
93.72
93.72
93.72
93.72
93.72
93.72
93.72
94.33
94.33
94.33
94.33
94.33
94.33
94.33
94.33
94.19
94.19
94.19
94.19
94.19
94.19
94.19
94.19
94.34
94.34
94.34
94.34
94.34
94.34
95.18
95.18
95.18
95.18
95.18
95.18
95.18
95.18
95.18
92.86
92.86
92.86
92.86
92.86
92.86
94.35
94.35
94.35
94.35
94.35
94.35
94.35
95.18
95.18
95.18
95.18
95.18
95.18
95.18
95.10
95.10
95.10
95.10
95.10
95.10
95.10
95.10
94.39
94.39
94.39
94.39
94.39
95.69
95.69
95.69
95.69
95.69
95.69
95.69
95.69
96.90
96.90
96.90
96.90
96.90
96.90
96.90
96.90
96.90
97.56
97.56
97.56
97.56
97.56
97.56
97.56
97.56
97.56
97.79
97.79
97.79
97.79
97.79
97.79
97.79
97.79
97.79
98.02
98.02
98.02
98.02
98.02
98.02
98.02
96.89
96.89
96.89
96.89
96.89
96.89
96.89
96.89
97.65
97.65
97.65
97.65
97.65
97.65
97.65
97.65
98.56
98.56
98.56
98.56
98.56
98.56
98.56
98.56
98.56
98.56
98.56
98.56
98.45
98.45
98.45
98.45
98.45
98.45
98.45
98.45
98.45
98.45
98.45
98.45
98.54
98.54
98.54
98.54
98.54
98.54
98.54
98.54
98.30
98.30
98.30
98.30
98.30
98.30
98.30
98.30
97.88
97.88
97.88
97.88
97.88
97.88
97.88
97.88
97.88
97.88
97.88
97.88
97.39
97.39
97.39
97.39
97.39
97.39
97.39
97.39
96.94
96.94
96.94
96.94
96.94
96.94
96.94
96.24
96.24
96.24
96.24
96.24
95.85
95.85
95.85
95.85
95.85
95.85
95.85
95.85
94.90
94.90
94.90
94.90
94.90
94.90
94.90
94.26
94.26
94.26
94.26
94.26
94.26
94.26
94.26
94.26
94.26
94.26
94.36
94.36
94.36
94.36
94.36
94.36
94.36
94.36
94.36
97.42
97.42
97.42
97.42
97.42
97.42
97.42
97.42
97.96
97.96
97.96
97.96
97.96
97.96
97.96
97.96
98.57
98.57
98.57
98.57
98.57
98.57
98.57
