96.63
96.63
96.63
96.63
96.63
96.63
96.63
96.63
95.06
95.06
95.06
95.06
95.06
95.06
95.97
95.97
95.97
95.97
95.97
95.97
95.97
95.97
95.97
97.03
97.03
97.03
97.03
97.03
97.03
97.03
97.03
97.03
97.03
97.03
97.03
96.19
96.19
96.19
96.19
96.19
96.19
96.19
95.91
95.91
95.91
95.91
95.91
95.91
95.91
95.91
97.64
97.64
97.64
97.64
97.64
97.64
97.64
97.64
97.50
97.50
97.50
97.50
97.50
97.50
97.50
97.50
97.50
98.50
98.50
98.50
98.50
98.74
98.74
98.74
98.74
98.74
98.74
98.74
98.74
98.64
98.64
98.64
98.64
98.64
98.64
98.64
98.64
98.70
98.70
98.70
98.70
98.70
98.70
98.70
98.70
98.70
98.70
98.70
97.02
97.02
97.02
97.02
97.02
97.02
97.02
97.02
94.07
94.07
94.07
94.07
94.07
94.07
94.07
94.07
93.88
93.88
93.88
93.88
93.88
93.88
93.88
88.13
88.13
88.13
88.13
88.13
88.13
88.13
88.13
88.13
88.93
88.93
88.93
88.93
88.93
88.93
88.93
94.67
94.67
94.67
94.67
94.67
94.67
94.67
94.67
92.91
92.91
92.91
92.91
92.91
92.91
92.91
92.91
92.91
87.81
87.81
87.81
87.81
87.81
87.81
87.81
87.81
91.39
91.39
91.39
91.39
91.39
93.60
93.60
93.60
93.60
93.60
93.60
93.60
95.07
95.07
95.07
95.07
95.07
95.07
95.07
94.94
94.94
94.94
94.94
94.94
94.94
94.94
94.94
93.48
93.48
93.48
93.48
93.48
93.48
93.20
93.20
93.20
93.20
97.88
97.88
97.88
97.88
97.88
97.88
97.88
97.88
98.23
98.23
98.23
98.23
98.23
98.23
98.23
98.23
98.23
98.38
98.38
98.38
98.38
98.38
98.38
98.38
98.38
98.38
98.38
98.56
98.56
98.56
98.56
98.56
98.56
98.56
97.88
97.88
97.88
97.88
97.91
97.91
97.91
97.91
97.23
97.23
97.23
97.23
97.23
97.23
97.23
97.23
98.06
98.06
98.06
98.06
98.06
98.06
98.06
98.06
97.89
97.89
97.89
97.89
97.89
97.89
97.89
97.89
97.89
97.89
97.89
98.11
98.11
98.11
98.11
98.11
98.00
98.00
98.00
98.00
98.00
98.00
98.60
98.60
98.60
98.60
98.60
98.60
98.60
98.57
98.57
98.57
98.57
98.57
98.57
98.57
98.35
98.35
98.35
98.35
98.35
98.35
98.35
98.35
98.35
97.99
97.99
97.99
97.99
97.58
97.58
97.58
97.58
97.58
97.58
97.58
97.58
98.73
98.73
98.73
98.73
98.73
98.77
98.77
98.77
98.77
98.77
98.77
98.77
98.77
98.76
98.76
98.76
98.76
98.76
98.76
98.76
98.76
98.68
98.68
98.68
98.68
98.68
98.68
98.68
98.68
98.02
98.02
98.02
98.02
98.02
98.02
98.02
98.02
98.02
96.06
96.06
96.06
96.06
96.06
