98.86
98.86
98.86
98.86
98.86
98.86
98.86
98.86
98.86
98.86
98.86
98.86
98.90
98.90
98.90
98.90
98.90
98.90
98.90
98.90
98.90
98.90
98.90
98.93
98.93
98.93
98.93
98.93
98.92
98.92
98.92
98.92
98.92
98.92
98.92
98.92
98.92
98.92
98.92
98.95
98.95
98.95
98.95
98.95
98.95
98.95
98.89
98.89
98.89
98.89
98.89
98.89
98.89
98.89
98.89
98.89
98.89
98.94
98.94
98.94
98.94
98.94
98.94
98.94
98.94
98.94
98.94
98.97
98.97
98.97
98.97
98.97
98.97
98.97
98.97
98.97
98.97
98.97
98.97
98.97
98.95
98.95
98.95
98.95
98.95
98.95
98.95
98.94
98.94
98.94
98.94
98.94
98.94
98.94
98.94
98.94
98.94
98.94
98.94
98.94
98.94
98.94
98.90
98.90
98.90
98.90
98.90
98.90
98.90
98.79
98.79
98.79
98.79
98.79
98.79
98.79
98.79
98.80
98.80
98.80
98.80
98.94
98.94
98.94
98.94
98.94
98.94
