92.51
92.51
92.51
92.51
92.51
92.51
92.51
92.51
90.72
90.72
90.72
90.72
90.72
90.72
90.72
89.34
89.34
89.34
89.34
89.34
89.34
89.34
89.34
89.34
89.34
89.34
88.16
88.16
88.16
88.16
88.16
88.16
88.16
88.16
88.16
88.16
88.16
88.16
83.91
83.91
83.91
83.91
83.91
83.91
83.91
83.91
79.79
79.79
79.79
79.79
82.55
82.55
82.55
82.55
82.55
82.55
82.55
82.55
81.51
81.51
81.51
81.51
81.51
81.51
81.51
81.51
81.51
88.94
88.94
88.94
88.94
88.94
88.94
88.94
88.94
88.94
88.94
88.94
88.90
88.90
88.90
88.90
88.90
88.90
88.90
88.90
88.90
91.95
91.95
91.95
91.95
91.95
91.95
91.95
91.95
91.95
91.95
91.95
91.95
92.53
92.53
92.53
92.53
92.53
92.53
92.53
92.53
93.75
93.75
93.75
93.75
93.75
93.75
93.75
93.55
93.55
93.55
93.55
93.55
93.55
93.55
93.55
93.55
94.14
94.14
94.14
94.14
94.14
94.14
94.14
94.14
94.14
94.14
94.14
92.84
92.84
92.84
92.84
92.84
92.84
92.84
92.84
92.89
92.89
92.89
92.89
92.89
92.89
93.35
93.35
93.35
93.35
93.35
93.35
93.35
93.35
92.11
92.11
92.11
92.11
92.11
92.11
92.11
92.11
92.11
92.11
92.11
90.29
90.29
90.29
90.29
90.29
90.29
90.29
90.29
91.79
91.79
91.79
91.79
91.79
92.05
92.05
92.05
92.05
92.05
92.05
92.05
85.15
85.15
85.15
85.15
90.63
90.63
90.63
90.63
90.63
90.63
90.63
90.63
92.02
92.02
92.02
92.02
92.02
92.02
92.02
92.02
90.05
90.05
90.05
90.05
90.05
90.05
90.05
88.02
88.02
88.02
88.02
88.02
88.02
88.02
88.02
87.31
87.31
87.31
87.31
87.31
87.31
87.31
87.31
87.31
89.07
89.07
89.07
89.07
89.07
89.07
89.07
89.07
89.07
90.74
90.74
90.74
90.74
90.74
90.74
90.74
90.74
89.91
89.91
89.91
89.91
89.91
89.91
89.91
89.91
89.91
89.63
89.63
89.63
89.63
89.63
89.63
89.63
89.63
89.63
93.46
93.46
93.46
93.46
93.46
93.46
93.46
93.46
93.46
93.46
93.46
93.46
93.46
93.46
93.21
93.21
93.21
93.21
93.21
93.21
93.21
93.21
93.21
94.08
94.08
94.08
94.08
94.08
94.08
94.08
94.08
91.72
91.72
91.72
91.72
89.60
89.60
89.60
89.60
89.60
89.60
89.60
83.66
83.66
83.66
83.66
83.66
83.66
83.66
83.66
81.41
81.41
81.41
81.41
81.41
81.41
81.41
81.41
82.27
82.27
82.27
82.27
88.27
88.27
88.27
88.27
88.27
88.27
88.27
88.27
88.27
88.27
88.27
89.64
89.64
89.64
89.64
89.64
89.64
89.64
89.64
89.64
89.64
89.64
92.14
92.14
92.14
92.14
92.14
92.14
92.14
92.14
92.51
92.51
92.51
92.51
92.51
92.51
92.91
92.91
92.91
92.91
92.91
92.91
92.91
92.64
92.64
92.64
92.64
92.64
92.64
92.64
92.64
91.47
91.47
91.47
91.47
91.47
91.47
91.47
91.47
91.07
91.07
91.07
91.07
91.07
91.07
91.07
91.07
91.07
