0.73
0.76
0.76
0.68
0.69
0.55
0.55
0.57
0.84
0.85
0.85
0.79
0.82
0.63
0.62
0.85
0.88
0.88
0.84
0.86
0.77
0.73
0.73
0.78
0.90
0.91
0.92
0.89
0.92
0.83
0.79
0.81
0.93
0.93
0.93
0.92
0.92
0.89
0.89
0.94
0.94
0.94
0.93
0.94
0.91
0.90
0.93
0.94
0.94
0.93
0.94
0.88
0.85
0.85
0.95
0.95
0.95
0.94
0.94
0.95
0.95
0.95
0.95
0.94
0.93
0.93
0.95
0.95
0.95
0.94
0.94
0.89
0.86
0.81
0.76
0.94
0.94
0.93
0.93
0.92
0.87
0.80
0.79
0.93
0.93
0.92
0.92
0.89
0.87
0.88
0.90
0.90
0.90
0.89
0.91
0.91
0.90
0.89
0.88
0.77
0.76
0.74
0.90
0.90
0.90
0.88
0.89
0.76
0.77
0.87
0.86
0.86
0.84
0.83
0.80
0.84
0.83
0.83
0.81
0.80
0.75
0.72
0.65
0.68
0.82
0.81
0.81
0.80
0.78
0.82
0.82
0.82
0.79
0.80
0.76
0.72
0.74
0.87
0.87
0.88
0.85
0.87
0.77
0.74
0.65
0.59
0.90
0.90
0.91
0.89
0.90
0.92
0.92
0.92
0.90
0.92
0.85
0.82
0.79
0.78
0.93
0.93
0.93
0.91
0.92
0.81
0.81
0.76
0.93
0.94
0.94
0.92
0.94
0.87
0.81
0.82
0.81
0.83
0.94
0.95
0.94
0.94
0.92
0.93
0.90
0.90
0.90
0.90
0.91
0.88
0.90
0.89
0.95
0.94
0.94
0.92
0.94
0.79
0.76
0.71
0.71
0.93
0.92
0.92
0.90
0.90
0.81
0.78
0.71
0.75
0.91
0.90
0.87
0.88
0.81
0.84
0.79
0.76
0.78
0.88
0.88
0.88
0.87
0.86
0.87
0.86
0.83
0.83
0.84
0.83
0.83
0.88
0.89
0.87
0.85
0.82
0.81
0.78
0.74
0.90
0.90
0.90
0.87
0.86
0.82
0.79
0.74
0.58
0.52
0.74
0.92
0.92
0.92
0.90
0.91
0.79
0.91
0.92
0.93
0.91
0.93
0.85
0.84
0.93
0.94
0.94
0.93
0.93
0.90
0.90
0.87
