0.95
0.95
0.95
0.95
0.95
0.95
0.94
0.94
0.94
0.94
0.93
0.96
0.96
0.96
0.95
0.96
0.94
0.91
0.91
0.89
0.90
0.96
0.96
0.96
0.96
0.95
0.95
0.95
0.94
0.94
0.94
0.91
0.93
0.96
0.96
0.96
0.95
0.95
0.93
0.89
0.88
0.88
0.88
0.81
0.86
0.96
0.96
0.96
0.95
0.95
0.92
0.92
0.96
0.96
0.96
0.95
0.95
0.84
0.95
0.95
0.95
0.95
0.94
0.93
0.90
0.91
0.90
0.90
0.91
0.88
0.89
0.89
0.94
0.94
0.94
0.93
0.93
0.91
0.89
0.84
0.79
0.93
0.92
0.93
0.91
0.92
0.83
0.80
0.75
0.63
0.60
0.70
0.92
0.91
0.90
0.90
0.86
0.89
0.88
0.86
0.90
0.90
0.90
0.87
0.88
0.76
0.76
0.73
0.87
0.86
0.84
0.82
0.79
0.77
0.76
0.85
0.85
0.85
0.82
0.83
0.89
0.89
0.89
0.87
0.88
0.91
0.91
0.92
0.89
0.92
0.93
0.93
0.93
0.93
0.91
0.91
0.87
0.88
0.90
0.90
0.89
0.87
0.88
0.88
0.94
0.94
0.94
0.92
0.94
0.80
0.74
0.70
0.69
0.94
0.94
0.94
0.92
0.93
0.77
0.66
0.68
0.95
0.95
0.95
0.93
0.94
0.83
0.71
0.74
0.95
0.95
0.95
0.94
0.94
0.88
0.85
0.84
0.95
0.95
0.95
0.95
0.94
0.90
0.89
0.85
0.95
0.95
0.94
0.94
0.92
0.93
0.90
0.90
0.90
0.90
0.89
0.94
0.94
0.94
0.93
0.93
0.89
0.86
0.87
0.93
0.94
0.92
0.92
0.88
0.88
0.82
0.84
0.85
0.80
0.83
0.82
0.82
0.82
0.94
0.94
0.93
0.92
0.92
0.86
0.84
0.80
0.70
0.65
0.76
0.95
0.94
0.94
0.92
0.93
0.80
0.76
0.69
0.72
