95.89
95.89
95.89
95.89
95.89
95.89
95.89
95.89
96.77
96.77
96.77
96.77
96.77
96.77
97.19
97.19
97.19
97.19
97.19
97.19
97.19
95.08
95.08
95.08
95.08
95.08
95.08
95.08
95.08
95.08
95.08
95.08
93.80
93.80
93.80
93.80
93.80
93.80
93.80
93.80
93.80
88.64
88.64
88.64
88.64
88.64
88.64
88.64
88.64
88.64
83.28
83.28
83.28
83.28
83.28
83.28
83.28
83.28
83.28
83.28
83.28
78.64
78.64
78.64
78.64
78.64
78.64
78.64
78.64
80.89
80.89
80.89
80.89
80.89
80.89
88.08
88.08
88.08
88.08
88.08
88.08
88.08
88.08
88.08
88.87
88.87
88.87
88.87
88.87
88.87
88.87
88.87
88.87
93.98
93.98
93.98
93.98
93.98
93.98
93.98
93.98
94.63
94.63
94.63
94.63
94.63
94.63
94.63
94.63
94.63
94.63
94.63
96.45
96.45
96.45
96.45
96.45
96.45
96.45
96.45
96.45
96.45
96.45
96.25
96.25
96.25
96.25
96.25
96.25
96.25
96.25
96.25
96.25
96.25
94.92
94.92
94.92
94.92
94.92
94.92
92.18
92.18
92.18
92.18
88.86
88.86
88.86
88.86
88.86
88.86
88.86
88.86
88.86
88.86
88.86
88.77
88.77
88.77
88.77
88.77
88.77
88.77
88.77
88.77
91.40
91.40
91.40
91.40
91.40
91.40
91.40
91.99
91.99
91.99
91.99
91.99
91.99
91.99
91.99
91.99
91.99
91.99
91.99
91.99
91.99
90.29
90.29
90.29
90.29
90.29
90.29
90.29
88.96
88.96
88.96
88.96
88.96
88.96
88.96
88.96
88.96
88.96
88.96
88.96
83.73
83.73
83.73
83.73
83.73
83.73
83.73
79.70
79.70
79.70
79.70
75.48
75.48
75.48
75.48
75.48
71.77
71.77
71.77
71.77
71.77
71.77
82.48
82.48
82.48
82.48
82.48
82.48
82.48
74.04
74.04
74.04
74.04
74.04
74.04
74.04
74.04
70.94
70.94
70.94
70.94
80.64
80.64
80.64
80.64
80.64
80.64
80.64
80.06
80.06
80.06
80.06
80.06
80.06
80.06
80.06
80.06
80.06
80.06
77.29
77.29
77.29
77.29
77.29
77.29
77.29
77.29
77.29
77.29
77.29
83.59
83.59
83.59
83.59
83.59
83.59
83.59
83.59
77.89
77.89
77.89
77.89
77.89
77.89
77.89
77.89
66.37
66.37
66.37
66.37
66.37
66.37
66.37
66.37
66.37
79.72
79.72
79.72
79.72
79.72
79.72
79.72
79.72
73.18
73.18
73.18
73.18
82.77
82.77
82.77
82.77
82.77
82.77
82.77
82.77
78.66
78.66
78.66
78.66
78.17
78.17
78.17
78.17
78.17
85.42
85.42
85.42
85.42
85.42
85.42
85.42
85.42
89.36
89.36
89.36
89.36
89.36
89.36
89.36
90.65
90.65
90.65
90.65
90.65
93.98
93.98
93.98
93.98
93.98
93.98
93.98
93.98
93.98
95.27
95.27
95.27
95.27
95.27
95.27
95.27
