97.51
97.51
97.51
97.51
97.51
97.51
97.51
97.56
97.56
97.56
97.56
97.56
97.56
97.56
97.56
97.56
97.56
97.56
97.78
97.78
97.78
97.78
97.78
97.82
97.82
97.82
97.82
97.82
97.82
97.82
97.82
98.35
98.35
98.35
98.35
98.35
98.58
98.58
98.58
98.58
98.58
98.58
98.58
98.30
98.30
98.30
98.30
98.30
98.30
98.30
98.30
97.58
97.58
97.58
97.58
97.58
97.58
97.58
97.58
98.31
98.31
98.31
98.31
98.31
98.31
98.31
98.07
98.07
98.07
98.07
98.07
98.07
98.07
98.49
98.49
98.49
98.49
98.49
98.49
98.49
98.49
98.49
98.54
98.54
98.54
98.54
98.54
98.54
98.54
98.54
98.34
98.34
98.34
98.34
98.34
98.34
98.34
97.76
97.76
97.76
97.76
97.76
97.76
97.76
97.76
96.22
96.22
96.22
96.22
96.22
96.22
96.22
96.22
96.22
96.01
96.01
96.01
96.01
96.01
96.01
96.01
96.01
94.97
94.97
94.97
94.97
94.97
94.97
94.97
94.97
94.97
94.97
94.97
94.97
85.26
85.26
85.26
85.26
85.26
85.26
85.26
85.26
85.26
80.95
80.95
80.95
80.95
82.82
82.82
82.82
82.82
82.82
82.82
82.82
82.82
82.82
88.25
88.25
88.25
88.25
93.40
93.40
93.40
93.40
93.40
93.40
93.40
93.40
93.40
95.35
95.35
95.35
95.35
95.35
95.35
95.35
95.35
95.22
95.22
95.22
95.22
95.22
95.22
95.22
94.85
94.85
94.85
94.85
94.85
94.85
94.85
95.32
95.32
95.32
95.32
95.32
95.32
95.32
95.32
95.80
95.80
95.80
95.80
95.80
95.80
95.80
96.89
96.89
96.89
96.89
96.89
96.89
96.89
96.89
96.88
96.88
96.88
96.88
96.88
96.88
96.88
96.88
96.88
96.88
93.94
93.94
93.94
93.94
93.94
93.94
93.94
94.46
94.46
94.46
94.46
94.46
94.46
94.46
94.46
95.31
95.31
95.31
95.31
95.31
95.31
95.31
95.31
95.31
94.58
94.58
94.58
94.58
94.58
94.58
94.58
96.73
96.73
96.73
96.73
96.73
96.73
96.73
96.73
96.73
95.28
95.28
95.28
95.28
95.28
95.28
95.28
95.28
96.45
96.45
96.45
96.45
96.24
96.24
96.24
96.24
96.24
96.24
95.71
95.71
95.71
95.71
95.71
95.71
95.71
95.71
95.71
95.71
95.71
96.09
96.09
96.09
96.09
96.09
96.09
96.09
96.09
96.09
96.79
96.79
96.79
96.79
96.79
96.79
96.79
97.40
97.40
97.40
97.40
97.40
97.40
97.40
97.14
97.14
97.14
97.14
97.14
97.14
97.14
97.14
97.14
97.14
97.14
95.61
95.61
95.61
95.61
95.61
95.61
