0.78
0.77
0.76
0.73
0.70
0.66
0.61
0.64
0.76
0.74
0.73
0.70
0.67
0.66
0.63
0.58
0.65
0.65
0.66
0.58
0.61
0.54
0.56
0.43
0.55
0.72
0.71
0.72
0.66
0.82
0.83
0.84
0.80
0.82
0.72
0.66
0.67
0.84
0.86
0.87
0.83
0.85
0.79
0.78
0.91
0.92
0.92
0.90
0.92
0.83
0.79
0.72
0.62
0.92
0.93
0.93
0.92
0.93
0.90
0.90
0.88
0.94
0.94
0.94
0.93
0.94
0.90
0.90
0.85
0.94
0.94
0.93
0.93
0.92
0.83
0.83
0.78
0.93
0.93
0.93
0.93
0.92
0.93
0.92
0.91
0.91
0.91
0.91
0.91
0.90
0.90
0.89
0.89
0.83
0.80
0.75
0.74
0.90
0.91
0.91
0.89
0.91
0.86
0.83
0.80
0.81
0.91
0.91
0.92
0.90
0.92
0.86
0.84
0.81
0.80
0.92
0.93
0.93
0.92
0.92
0.87
0.84
0.82
0.93
0.94
0.93
0.93
0.90
0.93
0.92
0.92
0.92
0.92
0.92
0.92
0.92
0.92
0.91
0.91
0.83
0.79
0.71
0.75
0.90
0.89
0.89
0.87
0.90
0.90
0.91
0.88
0.90
0.76
0.66
0.59
0.63
0.60
0.92
0.92
0.92
0.91
0.91
0.88
0.93
0.92
0.93
0.91
0.92
0.80
0.68
0.65
0.69
0.66
0.93
0.93
0.93
0.92
0.92
0.83
0.79
0.75
0.74
0.93
0.93
0.92
0.92
0.91
0.89
0.85
0.85
0.91
0.91
0.91
0.89
0.89
0.76
0.90
0.91
0.91
0.91
0.92
0.93
0.93
0.91
0.92
0.88
0.87
0.93
0.93
0.93
0.92
0.92
0.87
0.93
0.93
0.93
0.92
0.92
0.90
0.89
0.92
0.92
0.92
0.91
0.90
0.88
0.86
0.85
0.91
0.91
0.91
0.90
0.89
0.84
0.76
0.76
0.89
0.89
0.89
0.87
0.88
0.80
0.76
0.69
0.61
0.88
0.88
0.87
0.86
0.85
0.79
0.76
0.73
0.71
0.87
0.87
0.86
0.86
0.83
0.81
0.83
0.85
0.85
0.85
0.82
0.86
0.85
0.84
0.83
0.81
0.77
0.75
0.68
0.80
0.79
0.80
0.76
0.77
0.69
0.65
0.61
0.58
0.85
0.85
0.86
0.82
0.85
0.73
0.70
0.62
0.56
0.90
0.90
0.90
0.89
0.89
0.90
0.90
0.91
0.90
0.92
0.93
0.93
0.92
0.92
0.92
0.93
0.94
0.94
0.93
0.93
0.88
0.87
0.94
0.94
0.94
0.93
0.93
0.85
0.75
0.74
0.93
0.93
0.92
0.92
0.90
0.88
0.87
0.91
0.90
0.89
0.89
0.86
0.82
0.77
0.69
0.73
0.87
0.87
0.87
0.85
0.85
0.79
0.78
0.79
0.70
