0.94
0.94
0.94
0.93
0.93
0.82
0.93
0.93
0.93
0.91
0.94
0.94
0.94
0.93
0.94
0.94
0.93
0.92
0.91
0.88
0.80
0.81
0.83
0.81
0.82
0.93
0.94
0.94
0.93
0.94
0.90
0.88
0.94
0.94
0.94
0.93
0.94
0.91
0.90
0.88
0.88
0.94
0.94
0.94
0.94
0.93
0.93
0.91
0.93
0.93
0.93
0.91
0.92
0.80
0.69
0.64
0.67
0.64
0.92
0.92
0.92
0.91
0.90
0.88
0.83
0.83
0.92
0.91
0.92
0.90
0.91
0.77
0.92
0.92
0.91
0.91
0.90
0.91
0.88
0.89
0.90
0.88
0.87
0.85
0.86
0.86
0.92
0.92
0.92
0.91
0.91
0.86
0.80
0.79
0.91
0.90
0.90
0.89
0.88
0.87
0.86
0.83
0.83
0.84
0.83
0.83
0.80
0.81
0.73
0.66
0.67
0.83
0.82
0.82
0.80
0.87
0.87
0.87
0.84
0.86
0.76
0.72
0.69
0.65
0.87
0.87
0.87
0.84
0.84
0.77
0.74
0.72
0.69
0.87
0.86
0.85
0.85
0.81
0.83
0.79
0.79
0.74
0.73
0.73
0.69
0.68
0.64
0.57
0.59
0.67
0.66
0.68
0.60
0.62
0.66
0.66
0.68
0.57
0.62
0.45
0.45
0.45
0.83
0.83
0.85
0.80
0.82
0.72
0.64
0.65
0.90
0.90
0.90
0.88
0.89
0.81
0.83
0.92
0.92
0.93
0.91
0.93
0.74
0.76
0.94
0.94
0.94
0.93
0.93
0.87
0.87
0.95
0.95
0.95
0.94
0.94
0.84
0.95
0.95
0.94
0.94
0.93
0.90
0.87
0.85
0.86
0.94
0.94
0.93
0.93
0.92
0.88
0.84
0.84
0.91
0.91
0.90
0.89
0.88
0.86
0.85
0.90
0.90
0.90
0.87
0.89
0.77
0.72
0.68
0.63
0.92
0.92
0.92
0.91
0.91
0.89
0.90
0.93
0.94
0.94
0.93
0.93
0.91
0.88
0.87
0.87
0.95
0.95
0.95
0.94
0.95
0.92
0.89
0.89
0.95
0.95
0.95
0.95
0.95
0.94
0.93
0.93
0.92
0.92
0.90
0.91
0.95
0.95
0.95
0.94
0.95
0.95
0.95
0.95
0.94
0.94
0.90
0.90
0.94
0.93
0.93
0.92
0.92
0.76
0.93
0.92
0.92
0.92
0.91
0.87
0.91
0.91
0.91
0.89
0.90
0.84
0.81
0.73
0.66
0.91
0.90
0.90
0.90
0.89
0.89
0.88
0.88
