98.81
98.81
98.81
98.81
98.81
98.81
98.81
98.81
98.81
98.81
98.81
98.81
98.81
98.81
98.81
98.81
98.81
98.81
98.81
98.81
98.81
98.81
98.81
98.62
98.62
98.62
98.62
98.62
98.62
98.62
98.62
98.62
98.62
98.31
98.31
98.31
98.31
98.31
98.31
97.06
97.06
97.06
97.06
97.06
97.06
97.06
96.69
96.69
96.69
96.69
96.69
96.69
96.69
96.69
96.38
96.38
96.38
96.38
96.38
96.38
96.38
96.38
96.38
96.38
96.38
96.25
96.25
96.25
96.25
96.25
96.25
96.25
96.25
96.25
95.44
95.44
95.44
95.44
95.44
95.44
95.44
95.62
95.62
95.62
95.62
95.62
95.62
95.62
95.62
95.19
95.19
95.19
95.19
95.19
95.19
95.19
92.75
92.75
92.75
92.75
92.75
92.75
92.75
92.75
92.75
94.69
94.69
94.69
94.69
94.69
94.69
94.69
94.69
94.69
94.69
94.69
94.69
94.38
94.38
94.38
94.38
94.38
93.12
93.12
93.12
93.12
93.12
93.12
91.25
91.25
91.25
91.25
91.25
91.25
91.25
91.25
