0.88
0.88
0.89
0.87
0.89
0.85
0.84
0.90
0.91
0.91
0.90
0.90
0.87
0.85
0.92
0.92
0.92
0.90
0.90
0.80
0.75
0.70
0.91
0.92
0.92
0.91
0.92
0.84
0.92
0.93
0.93
0.92
0.93
0.93
0.94
0.92
0.93
0.77
0.94
0.95
0.95
0.94
0.95
0.90
0.86
0.86
0.96
0.96
0.96
0.95
0.96
0.81
0.96
0.96
0.96
0.96
0.96
0.94
0.94
0.91
0.96
0.96
0.96
0.96
0.96
0.94
0.97
0.97
0.97
0.97
0.97
0.94
0.94
0.97
0.97
0.97
0.97
0.97
0.91
0.97
0.97
0.97
0.96
0.96
0.94
0.94
0.97
0.97
0.97
0.97
0.97
0.95
0.95
0.97
0.97
0.97
0.97
0.97
0.96
0.95
0.95
0.97
0.96
0.96
0.96
0.96
0.95
0.93
0.92
0.96
0.95
0.95
0.95
0.94
0.94
0.91
0.91
0.95
0.95
0.95
0.94
0.94
0.83
0.95
0.95
0.95
0.94
0.95
0.95
0.95
0.95
0.94
0.92
0.92
0.90
0.96
0.96
0.96
0.96
0.96
0.92
0.92
0.88
0.95
0.95
0.96
0.94
0.95
0.95
0.94
0.93
0.93
0.91
0.86
0.86
0.78
0.94
0.94
0.93
0.91
0.92
0.79
0.74
0.66
0.71
0.93
0.93
0.93
0.91
0.91
0.86
0.83
0.83
0.83
0.94
0.94
0.94
0.93
0.93
0.91
0.88
0.94
0.94
0.94
0.93
0.94
0.85
0.84
0.95
0.96
0.95
0.95
0.95
0.92
0.92
0.96
0.96
0.95
0.94
0.94
0.89
0.81
0.82
0.81
0.84
0.95
0.95
0.95
0.93
0.94
0.84
0.80
0.73
0.96
0.96
0.96
0.95
0.96
0.89
0.89
0.97
0.97
0.96
0.96
0.96
0.95
0.92
0.91
0.96
0.95
0.95
0.95
0.94
0.92
0.90
0.89
0.89
0.94
0.94
0.94
0.93
0.93
0.93
0.92
0.91
0.92
0.89
0.91
0.89
0.91
0.90
0.89
0.87
0.90
0.90
0.90
0.90
0.91
0.91
0.91
0.89
0.90
0.76
0.76
0.73
0.94
0.93
0.93
0.92
0.92
0.82
0.83
0.79
0.95
0.95
0.95
0.94
0.95
0.85
0.80
0.79
0.77
0.96
0.96
0.96
0.96
0.95
0.93
0.93
0.95
0.96
0.96
0.94
0.95
0.85
0.80
0.77
0.75
0.96
0.96
0.96
0.95
0.95
0.95
0.95
0.95
0.94
0.94
0.87
0.82
0.80
0.78
0.95
0.95
0.94
0.94
0.93
0.95
0.93
0.92
0.93
0.90
0.91
0.77
0.73
0.69
0.56
0.50
0.66
0.91
0.91
0.91
0.89
0.90
0.82
0.77
0.76
0.91
0.91
0.91
0.89
0.93
0.93
0.93
0.89
0.93
0.74
0.70
0.62
0.57
0.95
0.95
0.94
0.94
0.93
0.94
0.94
0.94
0.93
0.93
0.83
0.77
0.74
0.72
0.95
0.95
0.95
0.93
0.95
0.84
0.81
0.76
0.63
0.58
0.71
0.96
0.96
0.96
0.95
0.95
0.93
0.93
0.88
0.96
0.96
0.96
0.95
0.95
0.91
0.96
0.96
0.95
0.95
0.94
0.87
0.87
