98.56
98.56
98.56
98.56
98.56
98.56
98.56
98.24
98.24
98.24
98.24
98.24
98.24
97.54
97.54
97.54
97.54
97.54
97.54
97.54
97.90
97.90
97.90
97.90
97.90
97.90
97.90
97.90
97.90
97.90
97.90
97.90
97.89
97.89
97.89
97.89
97.89
97.89
97.89
97.89
97.79
97.79
97.79
97.79
97.79
97.79
97.79
97.01
97.01
97.01
97.01
97.01
97.01
97.01
97.01
96.89
96.89
96.89
96.89
96.89
96.89
96.44
96.44
96.44
96.44
96.44
96.44
96.44
96.44
96.44
96.44
96.44
96.44
92.36
92.36
92.36
92.36
92.36
92.36
92.36
92.36
94.11
94.11
94.11
94.11
94.11
94.11
94.11
94.11
97.23
97.23
97.23
97.23
97.23
97.23
97.23
97.23
97.23
97.23
97.23
97.23
97.35
97.35
97.35
97.35
97.35
97.35
97.35
97.35
97.35
96.60
96.60
96.60
96.60
96.60
96.60
96.60
96.60
96.60
97.22
97.22
97.22
97.22
98.03
98.03
98.03
98.03
98.03
98.03
98.03
98.03
98.03
98.35
98.35
98.35
98.35
98.35
98.35
98.35
98.35
98.66
98.66
98.66
98.66
98.66
98.66
98.66
98.66
98.68
98.68
98.68
98.68
98.68
98.68
98.68
98.59
98.59
98.59
98.59
98.59
98.59
98.59
98.59
98.86
98.86
98.86
98.86
98.86
98.86
98.86
98.86
98.86
98.86
98.86
98.86
98.90
98.90
98.90
98.90
98.90
98.90
98.90
98.90
98.90
98.90
98.90
98.82
98.82
98.82
98.82
98.82
98.82
98.82
98.82
98.82
98.81
98.81
98.81
98.81
98.81
98.81
98.81
98.81
98.81
