69.31
69.31
69.31
69.31
69.31
69.31
69.31
69.31
84.88
84.88
84.88
84.88
84.88
84.88
84.88
84.88
84.88
96.12
96.12
96.12
96.12
96.12
96.12
96.12
96.12
98.06
98.06
98.06
98.06
98.06
98.06
98.06
98.06
98.56
98.56
98.56
98.56
98.56
98.56
98.56
98.56
98.56
98.56
98.56
98.88
98.88
98.88
98.88
98.88
98.88
98.88
98.88
98.88
98.88
98.88
98.88
98.88
98.88
98.94
98.94
98.94
98.94
98.94
98.94
98.94
98.81
98.81
98.81
98.81
98.81
98.81
98.81
98.56
98.56
98.56
98.56
98.81
98.81
98.81
98.81
98.81
98.81
98.81
98.81
98.81
98.81
98.81
98.81
98.56
98.56
98.56
98.56
97.62
97.62
97.62
97.62
97.62
97.62
97.62
97.25
97.25
97.25
97.25
97.25
97.25
97.25
97.38
97.38
97.38
97.38
97.38
97.38
97.62
97.62
97.62
97.62
97.62
97.62
97.62
97.00
97.00
97.00
97.00
97.00
97.00
97.00
97.00
95.75
95.75
95.75
95.75
93.69
93.69
93.69
93.69
93.69
93.69
93.69
93.69
91.19
91.19
91.19
91.19
91.19
91.19
91.19
90.00
90.00
90.00
90.00
90.00
90.00
90.00
91.94
91.94
91.94
91.94
91.94
91.94
91.94
91.94
91.94
94.81
94.81
94.81
94.81
94.81
94.81
94.81
94.81
94.81
95.69
95.69
95.69
95.69
95.69
95.69
95.69
95.69
95.69
95.69
95.69
95.44
95.44
95.44
95.44
95.44
95.44
95.44
95.44
95.44
95.44
95.44
95.44
95.44
95.44
95.56
95.56
95.56
95.56
95.56
95.56
95.56
95.56
95.62
95.62
95.62
95.62
95.62
95.62
94.06
94.06
94.06
94.06
94.06
94.06
94.06
94.06
92.06
92.06
92.06
92.06
92.06
92.00
92.00
92.00
92.00
92.00
92.00
92.00
92.88
92.88
92.88
92.88
95.62
95.62
95.62
95.62
95.62
95.62
95.62
95.62
95.62
97.31
97.31
97.31
97.31
97.31
97.31
97.31
97.31
97.62
97.62
97.62
97.62
98.62
98.62
98.62
98.62
98.62
98.62
98.62
98.62
98.25
98.25
98.25
98.25
98.12
98.12
98.12
98.12
98.44
98.44
98.44
98.44
98.44
98.44
98.44
98.44
97.69
97.69
97.69
97.69
97.69
97.69
97.69
96.88
96.88
96.88
96.88
96.88
96.88
96.88
96.88
96.88
97.31
97.31
97.31
97.31
97.31
97.31
97.31
97.31
97.31
97.31
97.31
97.69
97.69
97.69
97.69
97.69
97.69
97.69
97.69
96.56
96.56
96.56
96.56
96.56
96.56
96.56
96.56
96.56
96.56
