96.94
96.94
96.94
96.94
96.94
96.94
96.94
96.94
96.94
96.94
96.94
97.69
97.69
97.69
97.69
97.69
97.69
97.69
97.69
97.69
97.94
97.94
97.94
97.94
97.94
97.94
97.94
97.94
97.94
97.94
97.94
97.94
96.88
96.88
96.88
96.88
96.88
96.88
96.88
96.38
96.38
96.38
96.38
96.38
96.38
96.38
96.38
96.38
96.50
96.50
96.50
96.50
96.50
96.50
96.50
96.50
94.75
94.75
94.75
94.75
94.75
94.75
95.38
95.38
95.38
95.38
94.81
94.81
94.81
94.81
94.81
94.81
94.81
94.81
96.25
96.25
96.25
96.25
96.25
96.25
96.25
94.88
94.88
94.88
94.88
94.88
94.88
94.88
94.88
94.88
94.69
94.69
94.69
94.69
94.69
94.69
94.69
94.69
94.69
93.62
93.62
93.62
93.62
93.62
93.62
93.62
93.62
93.62
94.25
94.25
94.25
94.25
94.25
94.25
94.25
94.25
94.19
94.19
94.19
94.19
94.19
91.19
91.19
91.19
91.19
91.19
