98.75
98.75
98.75
98.75
98.75
98.75
98.75
98.75
98.75
98.75
98.75
98.75
98.75
98.69
98.69
98.69
98.69
98.69
98.69
98.69
98.69
98.88
98.88
98.88
98.88
98.88
98.88
98.88
98.81
98.81
98.81
98.81
98.81
98.81
98.81
98.81
98.81
98.81
98.81
98.81
98.81
98.81
98.81
98.81
98.81
98.81
98.81
98.81
98.81
98.81
98.81
98.81
98.81
98.81
98.81
98.81
98.81
98.81
98.81
98.81
98.81
98.81
98.81
98.81
98.56
98.56
98.56
98.56
98.56
98.56
98.56
98.56
98.31
98.31
98.31
98.31
98.31
98.31
98.31
98.31
98.81
98.81
98.81
98.81
98.81
98.81
98.81
98.81
98.81
98.81
98.81
98.81
98.81
98.81
98.81
98.88
98.88
98.88
98.88
98.88
98.88
98.88
98.88
98.81
98.81
98.81
98.81
98.81
98.81
98.81
98.81
98.81
98.81
98.81
98.75
98.75
98.75
98.75
98.75
98.75
98.75
98.75
98.75
98.75
98.75
98.75
98.75
98.75
98.75
98.75
98.75
98.75
98.75
98.75
98.75
98.62
98.62
98.62
98.62
98.62
98.62
98.62
98.62
98.62
98.62
98.62
97.94
97.94
97.94
97.94
97.94
97.94
97.94
97.94
97.94
97.81
97.81
97.81
97.81
97.81
97.81
97.81
97.81
97.81
97.19
97.19
97.19
97.19
97.19
97.19
97.19
97.19
97.19
96.88
96.88
96.88
96.88
96.88
97.38
97.38
97.38
97.38
97.38
97.38
97.38
97.38
97.38
97.38
97.38
96.62
96.62
96.62
96.62
96.62
96.62
96.62
95.44
95.44
95.44
95.44
95.44
95.44
95.44
95.44
95.44
95.44
95.44
95.44
94.50
94.50
94.50
94.50
94.50
94.50
94.50
94.50
91.88
91.88
91.88
91.88
91.88
91.88
92.44
92.44
92.44
92.44
92.44
92.44
92.44
92.12
92.12
92.12
92.12
92.12
92.12
92.12
92.12
92.12
90.62
90.62
90.62
90.62
90.62
90.62
90.62
90.62
90.62
90.62
91.12
91.12
91.12
91.12
91.12
91.12
91.12
91.12
92.00
92.00
92.00
92.00
96.31
96.31
96.31
96.31
96.31
96.31
96.31
97.81
97.81
97.81
97.81
97.81
97.81
97.81
97.81
97.81
97.81
97.81
98.69
98.69
98.69
98.69
98.69
98.69
98.69
98.81
98.81
98.81
98.81
98.81
98.81
98.81
98.81
98.81
98.81
98.81
98.81
98.81
98.81
98.81
98.81
98.81
98.81
98.88
98.88
98.88
98.88
98.88
98.88
98.88
98.94
98.94
98.94
98.94
98.94
98.94
98.94
98.94
98.94
98.94
98.94
98.94
98.94
98.94
98.94
98.94
98.81
98.81
98.81
98.81
98.81
98.81
98.81
98.81
98.88
98.88
98.88
98.88
98.88
98.88
98.88
98.88
98.88
98.88
98.88
98.88
98.88
98.88
98.88
98.88
98.88
98.88
98.88
98.81
98.81
98.81
98.81
98.81
98.81
98.81
98.81
98.62
98.62
98.62
98.62
98.81
98.81
98.81
98.81
98.81
98.81
98.81
98.81
98.81
98.81
98.81
98.81
98.44
98.44
98.44
98.44
98.44
98.44
98.44
98.44
98.44
98.44
98.44
97.94
97.94
97.94
97.94
97.94
97.94
97.94
97.94
