0.88
0.88
0.87
0.87
0.85
0.83
0.81
0.76
0.73
0.85
0.85
0.85
0.83
0.83
0.88
0.89
0.89
0.87
0.87
0.81
0.77
0.76
0.74
0.90
0.90
0.91
0.88
0.91
0.76
0.75
0.72
0.92
0.93
0.93
0.92
0.92
0.91
0.89
0.94
0.95
0.95
0.94
0.95
0.89
0.89
0.84
0.96
0.96
0.96
0.96
0.97
0.97
0.97
0.96
0.97
0.90
0.97
0.97
0.97
0.97
0.97
0.95
0.95
0.96
0.96
0.96
0.96
0.96
0.94
0.94
0.90
0.96
0.96
0.95
0.95
0.94
0.91
0.91
0.93
0.93
0.93
0.92
0.91
0.89
0.86
0.82
0.78
0.90
0.90
0.90
0.88
0.89
0.82
0.77
0.80
0.92
0.92
0.92
0.91
0.95
0.95
0.95
0.92
0.95
0.78
0.74
0.71
0.68
0.96
0.96
0.96
0.96
0.96
0.94
0.94
0.92
