98.60
98.60
98.60
98.60
98.60
98.60
98.60
98.64
98.64
98.64
98.64
98.64
98.64
98.65
98.65
98.65
98.65
98.68
98.68
98.68
98.68
98.68
98.68
98.70
98.70
98.70
98.70
98.70
98.70
98.70
98.70
98.70
98.70
98.70
98.51
98.51
98.51
98.51
98.51
98.51
98.51
97.59
97.59
97.59
97.59
97.59
97.59
97.59
97.59
97.59
96.54
96.54
96.54
96.54
96.54
96.54
96.54
96.54
96.54
95.86
95.86
95.86
95.86
95.86
95.86
95.36
95.36
95.36
95.36
95.36
95.36
95.36
96.31
96.31
96.31
96.31
96.31
96.31
96.31
96.31
96.31
96.51
96.51
96.51
96.51
96.51
96.51
96.51
96.51
96.50
96.50
96.50
96.50
96.50
96.50
96.50
96.50
96.32
96.32
96.32
96.32
96.32
96.32
96.32
96.32
96.23
96.23
96.23
96.23
96.23
96.23
96.23
96.23
96.97
96.97
96.97
96.97
96.97
96.97
96.97
96.97
