98.05
98.05
98.05
98.05
98.05
97.00
97.00
97.00
97.00
97.00
97.00
97.00
97.43
97.43
97.43
97.43
97.43
97.43
97.43
96.80
96.80
96.80
96.80
96.80
96.80
96.80
96.80
96.80
96.80
96.80
97.35
97.35
97.35
97.35
97.35
97.35
97.35
97.81
97.81
97.81
97.81
97.81
97.81
97.81
96.82
96.82
96.82
96.82
96.82
96.82
96.82
93.65
93.65
93.65
93.65
93.65
93.65
93.65
93.65
95.40
95.40
95.40
95.40
95.40
95.40
95.40
95.40
95.75
95.75
95.75
95.75
96.29
96.29
96.29
96.29
96.95
96.95
96.95
96.95
96.95
96.95
96.95
96.95
96.95
96.95
96.95
96.95
97.84
97.84
97.84
97.84
97.84
97.84
97.84
97.84
97.84
97.82
97.82
97.82
97.82
97.82
97.82
97.82
97.82
97.94
97.94
97.94
97.94
97.94
97.94
97.94
98.22
98.22
98.22
98.22
98.22
98.22
98.34
98.34
98.34
98.34
98.34
98.34
98.34
98.34
98.34
98.34
98.34
98.34
98.34
98.34
98.05
98.05
98.05
98.05
98.05
98.05
98.05
98.05
98.05
98.05
98.05
98.05
97.32
97.32
97.32
97.32
97.32
97.32
97.32
97.32
94.97
94.97
94.97
94.97
94.97
94.97
94.97
94.97
93.14
93.14
93.14
93.14
93.14
93.14
93.14
93.14
93.14
87.66
87.66
87.66
87.66
87.66
78.46
78.46
78.46
78.46
78.46
78.46
78.46
78.46
68.81
68.81
68.81
68.81
68.81
68.81
57.48
57.48
57.48
57.48
57.48
57.48
57.48
69.13
69.13
69.13
69.13
69.13
73.58
73.58
73.58
73.58
73.58
73.58
73.58
73.58
73.58
73.58
73.58
88.44
88.44
88.44
88.44
88.44
88.44
94.56
94.56
94.56
94.56
94.56
94.56
94.56
94.56
96.64
96.64
96.64
96.64
96.64
96.64
96.29
96.29
96.29
96.29
96.29
96.29
96.29
96.29
97.85
97.85
97.85
97.85
97.85
97.85
97.85
97.85
97.85
98.28
98.28
98.28
98.28
98.28
98.28
98.28
98.28
98.28
98.23
98.23
98.23
98.23
98.23
98.23
98.23
98.23
98.31
98.31
98.31
98.31
98.31
98.31
98.31
98.31
98.31
98.25
98.25
98.25
98.25
98.25
98.25
98.25
98.55
98.55
98.55
98.55
98.55
98.55
