0.86
0.92
0.93
0.85
0.92
0.69
0.69
0.62
0.90
0.94
0.95
0.91
0.95
0.72
0.73
0.95
0.96
0.97
0.94
0.97
0.80
0.74
0.79
0.75
0.97
0.98
0.97
0.98
0.97
0.97
0.96
0.97
0.98
0.98
0.96
0.98
0.82
0.71
0.70
0.98
0.98
0.98
0.98
0.97
0.97
0.97
0.96
0.98
0.98
0.98
0.97
0.98
0.80
0.69
0.69
0.98
0.98
0.98
0.97
0.97
0.92
0.88
0.86
0.89
0.97
0.97
0.97
0.97
0.96
0.97
0.97
0.93
0.93
0.93
0.91
0.93
0.95
0.96
0.96
0.95
0.96
0.92
0.89
0.87
0.88
0.97
0.97
0.97
0.96
0.97
0.95
0.95
0.98
0.98
0.98
0.98
0.98
0.98
0.98
0.99
0.98
0.98
0.96
0.95
0.94
0.98
0.98
0.99
0.98
0.99
0.99
0.99
0.99
0.98
0.99
0.97
0.99
0.99
0.99
0.99
0.99
0.98
0.98
0.99
0.99
0.99
0.99
0.99
0.98
0.98
0.98
0.99
0.99
0.98
0.98
0.98
0.89
0.75
0.76
0.68
0.70
0.86
0.80
0.84
0.80
