31.54
31.54
31.54
31.54
31.54
31.54
31.54
31.54
31.54
26.39
26.39
26.39
26.39
26.39
26.39
26.39
26.39
26.39
28.55
28.55
28.55
28.55
28.55
28.55
28.55
29.41
29.41
29.41
29.41
29.41
29.41
28.60
28.60
28.60
28.60
31.94
31.94
31.94
31.94
31.94
31.94
31.94
31.94
35.69
35.69
35.69
35.69
35.69
35.69
35.69
35.69
35.69
31.35
31.35
31.35
31.35
31.35
31.35
31.35
31.35
38.48
38.48
38.48
38.48
38.48
38.48
38.48
38.48
38.48
54.14
54.14
54.14
54.14
54.14
54.14
54.14
54.14
69.04
69.04
69.04
69.04
69.04
69.04
69.04
69.04
79.87
79.87
79.87
79.87
79.87
79.87
79.87
75.41
75.41
75.41
75.41
75.41
75.41
75.41
75.41
86.36
86.36
86.36
86.36
86.36
86.36
86.36
86.36
86.36
86.36
86.36
90.25
90.25
90.25
90.25
90.25
90.25
90.25
90.25
90.25
92.06
92.06
92.06
92.06
92.83
92.83
92.83
92.83
92.83
92.83
92.83
92.83
92.83
92.83
92.83
92.83
92.83
92.83
93.72
93.72
93.72
93.72
93.72
93.72
93.72
93.72
91.14
91.14
91.14
91.14
91.14
91.14
91.14
89.93
89.93
89.93
89.93
89.93
89.93
89.93
89.93
82.11
82.11
82.11
82.11
82.11
82.11
82.11
82.11
76.75
76.75
76.75
76.75
76.75
76.75
76.75
76.75
66.72
66.72
66.72
66.72
66.72
66.72
66.72
66.72
53.41
53.41
53.41
53.41
47.27
47.27
47.27
47.27
47.27
47.27
47.27
47.27
50.13
50.13
50.13
50.13
50.13
50.13
50.13
50.13
51.66
51.66
51.66
51.66
51.66
51.66
51.66
51.66
51.66
50.37
50.37
50.37
50.37
63.35
63.35
63.35
63.35
73.07
73.07
73.07
73.07
73.07
73.07
