94.15
94.15
94.15
94.15
94.15
94.15
94.15
94.15
95.02
95.02
95.02
95.02
95.02
95.02
95.02
95.02
95.02
97.77
97.77
97.77
97.77
97.77
97.77
97.77
97.77
97.77
97.77
97.96
97.96
97.96
97.96
97.96
98.15
98.15
98.15
98.15
98.00
98.00
98.00
98.00
98.00
98.34
98.34
98.34
98.34
98.34
98.34
98.34
98.34
98.34
98.56
98.56
98.56
98.56
98.56
98.56
98.56
98.56
98.56
98.65
98.65
98.65
98.65
98.67
98.67
98.67
98.67
98.67
98.67
98.67
98.67
98.67
98.59
98.59
98.59
98.59
98.59
98.63
98.63
98.63
98.63
98.63
98.63
98.63
98.63
98.82
98.82
98.82
98.82
98.82
98.82
98.82
98.82
98.82
98.82
98.82
98.64
98.64
98.64
98.64
98.64
98.64
98.64
98.64
98.27
98.27
98.27
98.27
98.27
98.27
98.27
98.27
98.27
97.83
97.83
97.83
97.83
97.72
97.72
97.72
97.72
97.72
97.72
97.72
93.70
93.70
93.70
93.70
93.70
93.70
93.70
95.19
95.19
95.19
95.19
95.19
95.19
95.19
95.19
95.57
95.57
95.57
95.57
95.57
95.57
95.57
95.57
95.57
95.61
95.61
95.61
95.61
95.61
95.61
95.61
95.61
95.61
96.68
96.68
96.68
96.68
96.68
96.68
96.68
96.68
96.78
96.78
96.78
96.78
96.78
96.78
96.78
98.12
98.12
98.12
98.12
98.12
98.59
98.59
98.59
98.59
98.59
98.59
98.45
98.45
98.45
98.45
98.45
98.45
98.45
98.45
98.01
98.01
98.01
98.01
98.01
98.01
98.01
98.01
98.01
98.51
98.51
98.51
98.51
98.51
98.51
98.80
98.80
98.80
98.80
98.80
98.80
98.80
98.80
98.80
98.80
98.42
98.42
98.42
98.42
98.11
98.11
98.11
98.11
98.11
98.11
98.17
98.17
98.17
98.17
98.17
98.17
98.17
98.17
