0.86
0.85
0.85
0.84
0.84
0.80
0.76
0.68
0.62
0.84
0.84
0.85
0.82
0.84
0.76
0.72
0.64
0.68
0.84
0.84
0.84
0.83
0.82
0.82
0.83
0.80
0.81
0.73
0.66
0.67
0.84
0.84
0.85
0.83
0.84
0.80
0.78
0.78
0.88
0.88
0.88
0.87
0.87
0.87
0.85
0.85
0.88
0.88
0.88
0.87
0.87
0.87
0.86
0.85
0.85
0.85
0.83
0.84
0.80
0.79
0.86
0.86
0.86
0.86
0.84
0.85
0.84
0.83
0.82
0.81
0.82
0.80
0.80
0.74
0.71
0.63
0.57
0.83
0.83
0.83
0.81
0.83
0.77
0.74
0.68
0.70
0.86
0.86
0.86
0.84
0.85
0.76
0.76
0.87
0.86
0.87
0.86
0.88
0.89
0.89
0.88
0.88
0.85
0.84
0.81
0.82
0.90
0.91
0.91
0.90
0.91
0.89
0.89
0.93
0.93
0.94
0.93
0.93
0.92
0.90
0.90
0.93
0.94
0.94
0.93
0.93
0.88
0.80
0.80
0.94
0.94
0.94
0.94
0.93
0.93
0.91
0.91
0.93
0.93
0.92
0.91
0.91
0.84
0.75
0.71
0.77
0.74
0.92
0.91
0.91
0.90
0.90
0.82
0.76
0.66
0.72
0.93
0.93
0.92
0.92
0.92
0.91
0.90
0.89
0.91
0.91
0.91
0.90
0.90
0.85
0.86
0.91
0.91
0.90
0.90
0.88
0.89
0.87
0.87
0.87
0.87
0.87
0.84
0.85
0.76
0.71
0.64
0.48
0.43
0.62
0.83
0.83
0.82
0.80
0.80
0.72
0.81
0.81
0.81
0.79
0.80
0.75
0.70
0.71
0.69
0.71
0.60
0.66
0.79
0.79
0.79
0.77
0.77
0.73
0.71
0.59
0.50
0.46
0.64
0.80
0.80
0.80
0.77
0.77
0.73
0.70
0.72
0.83
0.83
0.84
0.81
0.83
0.75
0.72
0.64
0.51
0.47
0.64
0.88
0.89
0.89
0.88
0.88
0.83
0.85
0.90
0.90
0.91
0.89
0.90
0.83
0.79
0.72
0.75
0.92
0.92
0.92
0.91
0.91
0.91
0.91
0.89
0.90
0.80
0.70
0.69
0.90
0.90
0.89
0.89
0.86
0.88
0.83
0.82
0.81
0.79
0.77
0.71
0.68
0.60
0.53
0.79
0.78
0.79
0.74
0.75
0.68
0.63
0.66
0.80
0.80
0.81
0.77
0.79
0.70
0.66
0.55
0.63
0.88
0.89
0.88
0.87
0.87
0.86
0.83
0.83
0.83
0.83
0.80
0.90
0.90
0.91
0.89
0.91
0.80
0.77
0.70
0.52
0.48
0.68
0.91
0.92
0.91
0.91
0.90
0.91
0.89
0.89
0.89
0.89
0.85
0.88
0.90
0.90
0.90
0.89
0.90
0.89
0.89
0.89
0.88
0.87
0.87
0.85
0.85
0.88
0.88
0.87
0.87
0.86
0.86
0.84
0.84
0.85
0.84
0.83
0.81
0.82
0.82
0.82
0.82
0.83
0.81
0.82
0.79
0.79
0.82
0.82
0.82
0.81
0.79
0.79
0.78
0.77
0.81
0.81
0.80
0.80
0.76
0.81
0.79
0.80
0.80
0.81
0.75
0.77
0.75
0.75
0.74
0.71
0.69
0.70
0.69
0.69
0.65
0.65
0.61
0.59
0.58
0.58
0.52
0.54
0.48
0.43
0.49
0.54
0.54
0.54
0.50
0.52
0.47
0.50
0.49
0.50
0.44
0.47
0.41
0.43
0.34
0.33
0.53
0.52
0.53
0.48
0.50
0.45
0.47
0.47
0.48
0.49
0.48
0.43
0.46
0.37
0.35
0.49
0.49
0.49
0.44
0.47
0.41
0.38
0.40
0.47
0.49
0.48
0.45
0.48
0.49
0.45
0.45
0.46
0.40
0.43
0.37
0.41
0.46
0.48
0.46
0.41
0.44
0.39
0.45
0.33
0.46
0.55
0.54
0.56
0.48
0.52
0.43
0.46
