0.96
0.96
0.96
0.95
0.95
0.94
0.91
0.91
0.96
0.96
0.96
0.95
0.96
0.93
0.89
0.89
0.95
0.95
0.95
0.94
0.95
0.96
0.96
0.96
0.94
0.95
0.77
0.71
0.65
0.63
0.96
0.96
0.96
0.95
0.96
0.87
0.83
0.79
0.69
0.64
0.72
0.97
0.97
0.97
0.97
0.96
0.95
0.95
0.91
0.96
0.96
0.96
0.96
0.96
0.93
0.87
0.87
0.88
0.89
0.96
0.96
0.96
0.95
0.96
0.89
0.85
0.82
0.69
0.64
0.74
0.97
0.97
0.97
0.96
0.96
0.97
0.97
0.97
0.96
0.96
0.96
0.96
0.96
0.96
0.96
0.92
0.89
0.85
0.87
0.97
0.97
0.97
0.96
0.96
0.93
0.97
0.97
0.97
0.96
0.96
0.96
0.93
0.93
0.96
0.96
0.96
0.96
0.96
0.92
0.86
0.85
0.96
0.96
0.96
0.96
0.96
0.96
0.96
0.94
0.95
0.78
0.72
0.70
0.67
0.96
0.96
0.96
0.95
0.95
0.93
0.90
0.90
