98.49
98.49
98.49
98.49
98.49
98.49
98.49
98.49
98.43
98.43
98.43
98.43
98.43
98.43
98.43
98.88
98.88
98.88
98.88
98.88
98.88
98.88
98.86
98.86
98.86
98.86
98.86
98.86
98.86
98.86
98.85
98.85
98.85
98.85
98.85
98.85
98.85
98.85
98.83
98.83
98.83
98.83
98.83
98.83
98.83
98.75
98.75
98.75
98.75
98.75
98.75
98.75
97.94
97.94
97.94
97.94
97.92
97.92
97.92
97.92
97.92
97.92
97.92
95.40
95.40
95.40
95.40
95.40
95.40
95.40
95.40
95.40
94.96
94.96
94.96
94.96
94.96
94.96
94.96
94.96
95.19
95.19
95.19
95.19
97.20
97.20
97.20
97.20
97.20
97.20
98.50
98.50
98.50
98.50
98.50
98.50
98.50
98.50
98.54
98.54
98.54
98.54
98.54
98.54
98.54
98.54
98.36
98.36
98.36
98.36
98.36
98.36
98.36
98.36
98.36
98.36
98.63
98.63
98.63
98.63
98.63
98.59
98.59
98.59
98.59
98.59
98.59
98.59
98.59
98.60
98.60
98.60
98.60
98.60
98.60
98.60
98.60
98.52
98.52
98.52
98.52
98.52
98.52
98.52
