85.82
85.82
85.82
85.82
85.82
88.92
88.92
88.92
88.92
88.92
88.92
88.92
89.58
89.58
89.58
89.58
89.58
89.58
89.58
89.58
89.58
89.58
89.58
89.44
89.44
89.44
89.44
89.44
89.44
89.44
89.44
89.44
89.44
89.44
83.13
83.13
83.13
83.13
83.13
83.13
83.13
83.13
76.68
76.68
76.68
76.68
76.68
76.68
76.68
76.68
65.99
65.99
65.99
65.99
65.99
65.99
65.99
65.99
65.99
65.99
60.10
60.10
60.10
60.10
60.10
60.10
60.10
60.10
60.10
55.81
55.81
55.81
55.81
55.81
55.81
55.81
55.81
55.81
55.81
50.68
50.68
50.68
50.68
50.68
50.68
50.68
50.68
50.68
58.37
58.37
58.37
58.37
66.42
66.42
66.42
66.42
66.42
66.42
66.42
66.42
66.42
80.33
80.33
80.33
80.33
80.33
80.33
80.33
80.33
80.33
83.56
83.56
83.56
83.56
83.56
86.32
86.32
86.32
86.32
86.32
86.32
86.32
86.32
86.32
86.32
86.32
88.76
88.76
88.76
88.76
88.76
88.76
88.76
88.76
86.78
86.78
86.78
86.78
86.78
86.78
86.78
86.78
87.68
87.68
87.68
87.68
87.68
87.68
87.68
87.68
87.68
87.68
87.68
87.68
87.68
87.68
88.78
88.78
88.78
88.78
88.78
88.78
88.78
88.78
89.05
89.05
89.05
89.05
89.05
89.05
89.05
90.04
90.04
90.04
90.04
90.04
90.04
90.04
90.04
88.50
88.50
88.50
88.50
88.50
87.48
87.48
87.48
87.48
87.48
87.96
87.96
87.96
87.96
87.96
87.96
88.23
88.23
88.23
88.23
88.23
88.23
88.23
88.23
86.94
86.94
86.94
86.94
86.94
86.94
86.94
86.94
83.17
83.17
83.17
83.17
87.62
87.62
87.62
87.62
87.62
87.62
87.62
87.62
87.62
89.04
89.04
89.04
89.04
89.04
89.04
89.04
89.04
89.04
91.22
91.22
91.22
91.22
91.22
91.22
91.22
91.22
89.32
89.32
89.32
89.32
89.32
89.32
89.32
89.32
89.32
86.13
86.13
86.13
86.13
86.13
86.13
86.13
81.65
81.65
81.65
81.65
81.65
81.65
81.65
81.65
75.26
75.26
75.26
75.26
75.26
75.26
75.26
75.26
75.26
75.26
75.26
72.22
72.22
72.22
72.22
72.22
72.22
72.22
72.22
