0.98
0.98
0.98
0.98
0.98
0.97
0.97
0.96
0.95
0.98
0.98
0.98
0.98
0.98
0.97
0.96
0.96
0.95
0.98
0.99
0.99
0.98
0.99
0.98
0.97
0.95
0.96
0.99
0.99
0.99
0.99
0.99
0.98
0.98
0.99
0.99
0.99
0.99
0.99
0.97
0.96
0.94
0.91
0.89
0.91
0.99
0.99
0.99
0.98
0.99
0.87
0.78
0.67
0.82
0.99
0.99
0.99
0.99
0.99
0.98
0.96
0.95
0.95
0.99
0.99
0.99
0.99
0.99
0.99
0.99
0.99
0.99
0.99
0.99
0.99
0.99
0.98
0.98
0.99
0.99
0.99
0.99
0.99
0.98
0.98
0.98
0.97
0.99
0.99
0.99
0.99
0.99
0.99
0.99
0.99
0.99
0.99
0.98
0.98
0.98
0.99
0.99
0.99
0.98
0.98
0.99
0.99
0.99
0.99
0.98
0.98
0.98
0.97
0.97
0.99
0.99
0.98
0.99
0.98
0.98
0.98
0.98
0.99
0.99
0.98
0.98
0.98
0.98
0.97
0.97
