98.56
98.56
98.56
98.56
98.56
98.56
98.56
98.56
98.56
98.88
98.88
98.88
98.88
98.88
98.88
98.88
98.88
98.88
98.88
98.88
98.88
98.88
98.88
98.88
98.88
98.81
98.81
98.81
98.81
98.81
98.81
98.81
98.81
98.81
98.81
98.81
98.50
98.50
98.50
98.50
98.50
97.75
97.75
97.75
97.75
97.75
95.88
95.88
95.88
95.88
95.88
95.88
95.88
95.88
95.88
95.88
95.88
94.81
94.81
94.81
94.81
94.81
94.81
94.81
94.81
94.81
94.81
94.81
94.81
94.81
94.81
94.81
94.81
94.81
94.81
94.81
91.69
91.69
91.69
91.69
94.88
94.88
94.88
94.88
94.88
94.88
94.88
94.88
92.25
92.25
92.25
92.25
92.25
92.25
92.25
93.69
93.69
93.69
93.69
93.69
93.69
93.69
90.31
90.31
90.31
90.31
90.31
90.31
90.31
88.75
88.75
88.75
88.75
88.75
88.75
88.06
88.06
88.06
88.06
