98.92
98.92
98.92
98.92
98.92
98.92
98.92
98.92
98.92
98.92
98.92
98.92
98.92
98.94
98.94
98.94
98.94
98.94
98.94
98.94
98.94
98.89
98.89
98.89
98.89
98.89
98.89
98.89
98.89
98.91
98.91
98.91
98.91
98.91
98.91
98.91
98.91
98.91
98.87
98.87
98.87
98.87
98.87
98.87
98.87
98.73
98.73
98.73
98.73
98.73
98.73
98.73
98.73
98.73
98.22
98.22
98.22
98.22
98.22
98.22
98.22
98.22
98.22
97.47
97.47
97.47
97.47
97.75
97.75
97.75
97.75
97.75
97.75
97.75
97.75
97.35
97.35
97.35
97.35
97.35
97.35
97.35
97.35
97.35
97.85
97.85
97.85
97.85
98.54
98.54
98.54
98.54
98.54
98.54
98.54
98.54
98.72
98.72
98.72
98.72
98.72
98.72
98.72
98.72
98.72
98.62
98.62
98.62
98.62
98.62
98.62
98.66
98.66
98.66
98.66
98.66
98.66
98.66
98.66
98.29
98.29
98.29
98.29
98.29
98.29
98.69
98.69
98.69
98.69
98.69
98.69
98.69
98.69
98.72
98.72
98.72
98.72
98.72
98.72
98.72
98.72
98.72
98.72
98.72
98.72
98.72
98.72
98.62
98.62
98.62
98.62
98.62
98.62
98.62
98.62
98.62
98.62
98.62
98.62
98.73
98.73
98.73
98.73
98.73
98.73
98.73
98.73
98.73
98.73
98.73
98.73
98.73
98.73
98.86
98.86
98.86
98.86
98.86
98.86
98.86
98.86
98.84
98.84
98.84
98.84
98.84
98.84
98.84
98.84
98.84
98.84
98.84
98.84
98.87
98.87
98.87
98.87
98.87
98.87
98.87
98.87
98.87
98.94
98.94
98.94
98.94
98.94
98.94
98.94
98.90
98.90
98.90
98.90
98.90
98.90
98.90
98.82
98.82
98.82
98.82
98.82
98.82
98.82
98.82
98.82
98.82
98.82
98.82
98.82
98.82
98.82
98.82
98.82
98.82
98.78
98.78
98.78
98.78
98.78
98.78
98.78
98.78
98.78
98.91
98.91
98.91
98.91
98.91
98.91
98.91
98.91
98.84
98.84
98.84
98.84
98.86
98.86
98.86
98.86
98.86
98.86
98.86
98.86
98.59
98.59
98.59
98.59
98.59
98.59
98.59
98.59
98.59
98.59
98.59
98.78
98.78
98.78
98.78
98.78
98.78
98.78
98.78
98.78
98.78
98.78
98.78
98.91
98.91
98.91
98.91
98.91
98.91
98.91
98.91
98.87
98.87
98.87
98.87
98.90
98.90
98.90
98.90
98.90
98.90
98.90
98.91
98.91
98.91
98.91
98.91
98.91
98.91
98.91
98.91
98.90
98.90
98.90
98.90
98.90
98.90
98.90
98.90
98.90
98.94
98.94
98.94
98.94
98.94
98.94
98.94
98.94
98.94
98.96
98.96
98.96
98.96
98.96
98.96
98.96
98.96
98.96
98.96
98.96
98.93
98.93
98.93
98.93
98.93
98.93
98.93
98.93
98.93
98.92
98.92
98.92
98.92
98.92
98.92
98.92
98.92
98.92
98.92
98.92
98.92
98.92
98.92
98.92
98.92
98.92
98.88
98.88
98.88
98.88
98.88
98.88
98.68
98.68
98.68
98.68
98.68
98.46
98.46
98.46
98.46
98.46
98.11
98.11
98.11
98.11
98.11
96.72
96.72
96.72
96.72
96.72
96.72
96.72
96.72
96.72
96.31
96.31
96.31
96.31
96.31
96.31
96.31
96.31
96.31
95.05
95.05
95.05
95.05
95.05
95.05
95.05
95.05
95.05
95.05
95.05
95.05
93.81
93.81
93.81
93.81
