93.37
93.37
93.37
93.37
93.37
97.17
97.17
97.17
97.17
97.17
97.17
97.17
98.35
98.35
98.35
98.35
98.35
98.35
98.35
98.35
98.35
98.35
98.35
98.35
98.35
98.35
98.51
98.51
98.51
98.51
98.51
98.51
98.51
98.56
98.56
98.56
98.56
98.56
98.56
98.37
98.37
98.37
98.37
98.37
98.37
98.37
98.37
98.48
98.48
98.48
98.48
98.48
98.48
98.48
98.48
97.87
97.87
97.87
97.87
97.87
97.87
97.87
97.87
97.87
97.09
97.09
97.09
97.09
97.09
97.09
97.09
97.09
97.09
96.54
96.54
96.54
96.54
96.54
96.54
96.54
96.54
95.55
95.55
95.55
95.55
95.55
95.55
95.55
95.55
95.18
95.18
95.18
95.18
95.18
95.18
95.18
96.43
96.43
96.43
96.43
96.43
96.43
96.43
96.43
96.43
96.30
96.30
96.30
96.30
96.30
96.30
96.30
95.66
95.66
95.66
95.66
95.66
95.66
95.66
95.66
97.32
97.32
97.32
97.32
97.32
97.32
97.32
97.32
97.32
97.34
97.34
97.34
97.34
97.34
97.34
97.34
97.34
97.34
97.34
97.34
97.34
97.34
97.34
97.94
97.94
97.94
97.94
97.94
97.94
97.94
97.94
97.94
97.79
97.79
97.79
97.79
97.79
97.79
97.79
97.79
97.78
97.78
97.78
97.78
97.78
97.78
97.78
97.78
97.78
97.95
97.95
97.95
97.95
97.95
97.95
97.95
97.95
97.95
97.95
97.95
98.03
98.03
98.03
98.03
98.03
98.03
98.03
98.03
98.28
98.28
98.28
98.28
98.28
98.28
98.28
98.28
98.34
98.34
98.34
98.34
98.34
98.34
98.34
98.34
98.34
98.34
98.34
98.34
97.86
97.86
97.86
97.86
97.86
97.86
98.07
98.07
98.07
98.07
98.07
98.07
98.07
98.07
98.07
97.20
97.20
97.20
97.20
97.20
97.66
97.66
97.66
97.66
97.66
97.66
97.66
97.66
97.66
98.31
98.31
98.31
98.31
98.31
