93.70
93.70
93.70
93.70
93.70
93.70
93.70
93.70
95.65
95.65
95.65
95.65
95.65
95.65
95.65
94.50
94.50
94.50
94.50
94.50
94.50
94.50
94.50
94.50
94.50
94.50
94.06
94.06
94.06
94.06
94.06
94.06
94.06
92.42
92.42
92.42
92.42
92.42
92.42
92.42
92.42
92.42
92.42
92.42
91.97
91.97
91.97
91.97
91.97
91.97
91.97
92.60
92.60
92.60
92.60
92.60
92.60
92.60
92.60
92.60
92.60
92.60
91.47
91.47
91.47
91.47
91.47
91.47
91.47
91.47
91.47
91.47
91.47
92.28
92.28
92.28
92.28
92.28
92.28
92.28
93.71
93.71
93.71
93.71
93.71
93.71
96.60
96.60
96.60
96.60
96.60
96.60
96.60
96.60
96.60
96.60
96.60
96.60
93.88
93.88
93.88
93.88
92.07
92.07
92.07
92.07
92.07
92.07
92.07
94.93
94.93
94.93
94.93
94.93
94.93
94.93
91.96
91.96
91.96
91.96
91.96
91.96
91.96
95.51
95.51
95.51
95.51
95.51
95.51
95.51
95.51
95.51
95.51
95.51
97.72
97.72
97.72
97.72
98.03
98.03
98.03
98.03
98.03
98.03
98.03
98.45
98.45
98.45
98.45
98.45
98.45
98.45
98.28
98.28
98.28
98.28
98.28
98.28
98.28
98.28
98.18
98.18
98.18
98.18
98.18
98.58
98.58
98.58
98.58
98.58
98.58
98.58
98.62
98.62
98.62
98.62
98.62
98.62
98.62
98.62
98.28
98.28
98.28
98.28
98.28
98.28
98.16
98.16
98.16
98.16
98.16
98.16
98.16
98.16
98.16
98.51
98.51
98.51
98.51
98.51
98.51
98.51
98.56
98.56
98.56
98.56
98.56
98.56
98.56
98.41
98.41
98.41
98.41
98.41
98.38
98.38
98.38
98.38
98.38
98.67
98.67
98.67
98.67
98.67
98.65
98.65
98.65
98.65
98.65
98.65
98.65
98.65
98.65
98.34
98.34
98.34
98.34
98.34
98.34
98.34
98.34
98.34
98.34
98.34
98.71
98.71
98.71
98.71
98.71
98.74
98.74
98.74
98.74
98.74
98.74
98.74
98.57
98.57
98.57
98.57
98.57
98.47
98.47
98.47
98.47
98.47
98.48
98.48
98.48
98.48
98.60
98.60
98.60
98.60
98.60
98.60
98.60
