0.60
0.66
0.61
0.54
0.55
0.50
0.53
0.68
0.63
0.65
0.61
0.56
0.57
0.47
0.46
0.69
0.71
0.69
0.63
0.64
0.58
0.57
0.52
0.67
0.68
0.69
0.68
0.62
0.64
0.54
0.58
0.71
0.72
0.72
0.66
0.68
0.79
0.80
0.81
0.75
0.78
0.71
0.66
0.69
0.84
0.85
0.88
0.82
0.87
0.76
0.74
0.69
0.74
0.89
0.91
0.92
0.89
0.92
0.86
0.83
0.84
0.83
0.84
0.93
0.94
0.95
0.93
0.96
0.91
0.95
0.96
0.97
0.95
0.96
0.88
0.88
0.84
0.97
0.97
0.97
0.97
0.97
0.96
0.96
0.95
0.91
0.90
0.94
0.96
0.96
0.96
0.95
0.95
0.90
0.88
0.87
0.86
0.96
0.96
0.97
0.95
0.96
0.94
0.94
0.92
0.98
0.98
0.98
0.98
0.98
0.98
0.98
0.98
0.98
0.97
0.97
0.97
0.98
0.97
0.98
0.97
0.98
0.91
0.88
0.85
0.81
0.76
0.78
0.98
0.98
0.98
0.98
0.98
0.98
0.97
0.97
0.99
0.99
0.99
0.98
0.98
0.90
0.84
0.75
0.98
0.98
0.99
0.98
0.99
0.95
0.92
0.91
0.87
0.83
0.83
0.98
0.98
0.98
0.98
0.98
0.98
0.97
0.95
0.99
0.99
0.99
0.99
0.99
0.98
0.97
0.96
0.94
0.98
0.98
0.98
0.98
0.98
0.98
0.98
0.97
0.98
0.98
0.98
0.98
0.98
0.97
0.97
0.96
0.98
0.98
0.98
0.98
0.98
0.98
0.98
0.98
0.98
0.95
0.94
0.84
0.99
0.99
0.99
0.98
0.98
0.98
0.98
0.99
0.99
0.98
0.98
0.97
0.96
0.95
0.95
0.99
0.99
0.99
0.98
0.99
0.97
0.96
0.94
0.94
0.98
0.98
0.98
0.98
0.98
0.98
0.97
0.97
0.98
0.98
0.98
0.98
0.98
0.98
0.98
0.97
0.98
0.98
0.98
0.97
0.97
0.98
0.98
0.98
0.97
0.97
0.97
0.97
0.96
0.97
0.96
0.97
0.96
0.95
0.94
0.97
0.96
0.95
0.96
0.94
0.96
0.94
0.94
0.93
0.97
0.96
0.96
0.95
0.96
0.96
0.96
0.96
0.96
0.96
0.96
0.96
0.97
0.97
0.97
0.97
0.97
0.96
0.98
0.98
0.98
0.97
0.98
0.87
0.82
0.79
0.84
0.98
0.98
0.98
0.97
0.98
0.97
0.97
0.97
0.96
0.97
0.88
0.83
0.78
0.78
0.98
0.98
0.98
0.98
0.98
0.97
0.97
0.98
0.98
0.98
0.98
0.98
0.97
0.98
0.98
0.98
0.98
0.98
0.98
0.96
0.95
0.93
0.89
0.88
0.90
0.98
0.98
0.98
0.97
0.98
0.99
0.99
0.98
0.98
0.98
0.98
0.98
0.98
