46.60
46.60
46.60
46.60
46.60
46.60
46.60
46.60
46.60
52.34
52.34
52.34
52.34
52.34
52.34
52.34
63.09
63.09
63.09
63.09
63.09
63.09
63.09
63.09
80.26
80.26
80.26
80.26
80.26
80.26
80.26
80.26
85.17
85.17
85.17
85.17
85.17
85.17
88.87
88.87
88.87
88.87
88.87
88.87
88.87
88.87
88.87
88.87
88.87
88.87
92.57
92.57
92.57
92.57
92.57
94.15
94.15
94.15
94.15
94.15
94.15
94.15
94.15
94.15
94.15
94.15
95.54
95.54
95.54
95.54
95.54
95.54
95.54
95.56
95.56
95.56
95.56
95.56
95.56
95.56
95.56
95.56
95.56
95.56
97.05
97.05
97.05
97.05
97.05
96.91
96.91
96.91
96.91
96.91
96.91
96.91
96.43
96.43
96.43
96.43
96.43
96.43
96.43
95.70
95.70
95.70
95.70
95.70
95.70
95.70
95.70
93.47
93.47
93.47
93.47
93.47
93.47
93.47
91.07
91.07
91.07
91.07
91.07
91.07
91.07
91.07
91.07
91.07
91.07
81.58
81.58
81.58
81.58
81.58
81.58
81.58
81.58
79.74
79.74
79.74
79.74
79.74
79.74
79.74
79.74
77.19
77.19
77.19
77.19
77.19
77.19
73.91
73.91
73.91
73.91
73.91
73.91
78.38
78.38
78.38
78.38
85.58
85.58
85.58
85.58
90.82
90.82
90.82
90.82
90.82
90.82
90.82
90.82
90.82
90.82
90.82
90.82
90.82
90.82
92.21
92.21
92.21
92.21
92.21
92.21
92.21
92.21
93.34
93.34
93.34
93.34
93.34
93.34
93.34
93.34
93.34
89.57
89.57
89.57
89.57
89.57
89.57
89.57
89.57
82.95
82.95
82.95
82.95
80.74
80.74
80.74
80.74
87.69
87.69
87.69
87.69
92.15
92.15
92.15
92.15
95.72
95.72
95.72
95.72
95.72
95.72
95.72
95.72
96.68
96.68
96.68
96.68
96.68
96.68
95.66
95.66
95.66
95.66
95.66
95.66
96.53
96.53
96.53
96.53
96.53
96.53
96.53
95.86
95.86
95.86
95.86
95.86
95.86
95.86
94.71
94.71
94.71
94.71
94.71
94.71
94.71
92.13
92.13
92.13
92.13
92.13
92.13
89.50
89.50
89.50
89.50
89.50
89.50
89.50
89.50
89.50
83.77
83.77
83.77
83.77
83.77
83.77
83.77
75.46
75.46
75.46
75.46
75.46
75.46
75.46
75.46
65.74
65.74
65.74
65.74
65.74
65.74
65.74
65.74
65.74
54.29
54.29
54.29
54.29
54.29
54.29
54.29
58.44
58.44
58.44
58.44
55.34
55.34
55.34
55.34
55.34
55.34
55.34
55.34
56.55
56.55
56.55
56.55
56.55
56.55
59.13
59.13
59.13
59.13
69.12
69.12
69.12
69.12
78.25
78.25
78.25
78.25
78.25
78.25
78.25
86.25
86.25
86.25
86.25
86.25
86.25
86.25
86.25
86.25
90.94
90.94
90.94
90.94
90.94
90.94
90.94
90.94
90.94
90.94
90.94
93.09
93.09
93.09
93.09
93.09
93.09
93.09
93.09
94.70
94.70
94.70
94.70
94.70
94.70
94.70
94.81
94.81
94.81
94.81
94.81
94.81
94.81
94.81
94.81
94.81
94.84
94.84
94.84
94.84
95.56
95.56
95.56
95.56
95.56
95.56
95.56
95.56
95.56
