84.05
84.05
84.05
84.05
84.05
94.34
94.34
94.34
94.34
94.34
94.34
94.34
98.17
98.17
98.17
98.17
98.17
98.17
98.17
98.56
98.56
98.56
98.56
98.56
98.56
98.56
98.56
98.56
98.81
98.81
98.81
98.81
98.81
98.81
98.81
98.81
98.92
98.92
98.92
98.92
98.92
98.92
98.92
98.91
98.91
98.91
98.91
98.91
98.91
98.91
98.91
98.83
98.83
98.83
98.83
98.83
98.83
98.83
98.63
98.63
98.63
98.63
98.63
98.63
98.63
98.63
98.63
98.63
98.63
98.65
98.65
98.65
98.65
98.65
98.65
98.65
98.65
98.65
98.65
97.23
97.23
97.23
97.23
97.04
97.04
97.04
97.04
97.04
97.04
97.04
97.04
97.04
97.32
97.32
97.32
97.32
97.32
97.32
97.21
97.21
97.21
97.21
97.21
97.21
97.21
97.21
97.21
95.70
95.70
95.70
95.70
95.70
95.70
95.70
95.70
95.70
95.70
95.70
95.70
95.70
95.70
90.16
90.16
90.16
90.16
90.16
90.16
90.16
90.16
90.45
90.45
90.45
90.45
90.45
90.45
90.45
90.45
90.45
93.73
93.73
93.73
93.73
93.73
93.73
93.73
93.73
93.73
91.54
91.54
91.54
91.54
91.54
91.54
91.54
91.54
95.69
95.69
95.69
95.69
95.69
95.69
95.69
95.69
95.69
95.69
95.69
95.70
95.70
95.70
95.70
95.70
95.70
95.70
95.70
95.70
95.70
95.70
97.21
97.21
97.21
97.21
97.21
97.21
97.21
97.67
97.67
97.67
97.67
98.73
98.73
98.73
98.73
98.73
98.73
98.73
98.73
98.73
98.73
98.73
98.73
98.73
98.73
98.43
98.43
98.43
98.43
98.43
98.43
98.43
98.43
98.43
98.43
98.43
98.43
98.61
98.61
98.61
98.61
98.61
98.61
98.61
98.61
98.19
98.19
98.19
98.19
98.19
98.19
98.19
98.60
98.60
98.60
98.60
98.60
98.60
98.60
98.60
98.68
98.68
98.68
98.68
98.68
98.68
98.68
98.68
98.26
98.26
98.26
98.26
98.26
98.26
98.39
98.39
98.39
98.39
98.39
98.39
98.39
98.39
98.39
97.64
97.64
97.64
97.64
97.64
97.64
97.64
97.64
97.64
98.23
98.23
98.23
98.23
98.82
98.82
98.82
98.82
98.82
98.82
98.82
98.50
98.50
98.50
98.50
98.50
98.50
98.31
98.31
98.31
98.31
98.31
98.31
98.31
98.31
98.31
