0.93
0.92
0.91
0.92
0.89
0.89
0.90
0.89
0.89
0.88
0.88
0.89
0.89
0.88
0.87
0.86
0.80
0.77
0.72
0.75
0.87
0.87
0.85
0.85
0.82
0.80
0.74
0.75
0.83
0.83
0.83
0.80
0.80
0.73
0.71
0.60
0.46
0.42
0.61
0.82
0.82
0.82
0.77
0.80
0.80
0.79
0.75
0.74
0.66
0.64
0.64
0.58
0.82
0.84
0.85
0.80
0.82
0.76
0.72
0.70
0.70
0.70
0.85
0.85
0.85
0.83
0.84
0.84
0.83
0.84
0.81
0.82
0.87
0.88
0.88
0.85
0.86
0.78
0.70
0.71
0.91
0.92
0.92
0.90
0.91
0.81
0.93
0.93
0.94
0.91
0.93
0.79
0.74
0.70
0.67
0.95
0.95
0.95
0.94
0.95
0.95
0.96
0.95
0.95
0.95
0.89
0.95
0.95
0.95
0.95
0.95
0.93
0.89
0.89
0.96
0.97
0.97
0.96
0.96
0.97
0.97
0.96
0.96
0.95
0.94
0.94
0.92
0.95
0.95
0.95
0.95
0.94
0.93
0.92
0.91
0.95
0.95
0.95
0.94
0.96
0.96
0.96
0.95
0.95
0.90
0.86
0.86
0.96
0.96
0.96
0.95
0.95
0.91
0.87
0.86
0.75
0.71
0.82
0.96
0.96
0.96
0.95
0.95
0.93
0.89
0.90
0.95
0.96
0.95
0.95
0.93
0.92
0.94
0.94
0.94
0.94
0.94
0.91
0.89
0.88
0.93
0.93
0.92
0.92
0.91
0.91
0.89
0.89
0.89
0.89
0.88
0.92
0.91
0.91
0.90
0.90
0.88
0.85
0.85
0.85
0.86
0.81
0.82
0.92
0.92
0.92
0.92
0.90
0.91
0.88
0.89
0.88
0.88
0.91
0.91
0.91
0.90
0.92
0.92
0.93
0.91
0.92
0.87
0.95
0.95
0.95
0.94
0.94
0.92
0.95
0.95
0.94
0.95
0.93
0.94
0.94
0.93
0.93
0.92
0.92
0.91
0.90
0.85
0.85
0.85
0.85
0.91
0.91
0.90
0.90
0.87
0.89
0.85
0.83
0.82
0.80
0.77
0.67
0.74
0.72
0.74
0.69
0.79
0.79
0.80
0.74
0.77
0.68
0.66
0.55
0.65
0.87
0.88
0.89
0.85
0.88
0.91
0.91
0.92
0.90
0.91
0.85
0.82
0.82
0.93
0.93
0.94
0.93
0.94
0.91
0.91
