92.12
92.12
92.12
92.12
92.12
92.12
92.12
92.12
92.12
93.05
93.05
93.05
93.05
93.05
93.05
93.05
93.05
93.05
90.02
90.02
90.02
90.02
90.02
90.02
90.02
92.78
92.78
92.78
92.78
92.78
92.78
91.58
91.58
91.58
91.58
91.58
91.58
91.58
91.58
91.58
91.14
91.14
91.14
91.14
91.14
91.14
91.14
91.14
94.01
94.01
94.01
94.01
94.01
94.01
94.01
94.01
94.02
94.02
94.02
94.02
94.02
94.02
94.02
94.02
93.75
93.75
93.75
93.75
93.75
93.75
93.75
93.75
92.83
92.83
92.83
92.83
92.83
92.83
92.83
92.83
92.83
94.32
94.32
94.32
94.32
94.32
94.78
94.78
94.78
94.78
94.78
94.78
94.78
94.78
94.78
94.78
94.78
93.33
93.33
93.33
93.33
93.33
93.33
93.33
93.33
93.33
93.33
93.33
93.88
93.88
93.88
93.88
93.88
93.88
94.09
94.09
94.09
94.09
94.09
94.09
94.09
94.09
94.09
94.09
94.09
92.96
92.96
92.96
92.96
92.96
92.96
92.96
92.96
92.96
92.96
92.96
92.96
90.78
90.78
90.78
90.78
91.60
91.60
91.60
91.60
91.60
91.60
91.60
91.60
87.74
87.74
87.74
87.74
87.74
87.74
87.74
