98.00
98.00
98.00
98.00
98.00
98.00
98.00
97.80
97.80
97.80
97.80
97.80
97.80
97.80
96.88
96.88
96.88
96.88
96.88
96.88
96.88
96.88
96.88
97.60
97.60
97.60
97.60
97.60
97.60
97.60
97.85
97.85
97.85
97.85
97.49
97.49
97.49
97.49
97.49
97.49
97.87
97.87
97.87
97.87
97.87
97.87
97.87
97.87
97.87
98.40
98.40
98.40
98.40
98.40
98.40
98.40
98.40
98.05
98.05
98.05
98.05
98.05
98.05
98.05
98.05
97.65
97.65
97.65
97.65
97.65
98.16
98.16
98.16
98.16
98.16
98.16
98.16
98.16
98.46
98.46
98.46
98.46
98.46
98.46
98.46
98.46
98.46
98.46
98.46
98.46
97.98
97.98
97.98
97.98
97.98
97.98
97.98
97.98
97.98
98.15
98.15
98.15
98.15
98.15
98.15
98.15
98.15
98.15
98.15
98.15
98.15
98.44
98.44
98.44
98.44
98.44
98.44
98.44
98.44
98.01
98.01
98.01
98.01
98.01
98.01
98.01
98.01
98.01
98.01
98.01
97.04
97.04
97.04
97.04
97.04
97.04
97.04
97.04
97.04
97.50
97.50
97.50
97.50
97.50
97.50
97.64
97.64
97.64
97.64
97.64
97.64
97.64
97.12
97.12
97.12
97.12
96.68
96.68
96.68
96.68
96.68
96.68
96.68
96.68
96.78
96.78
96.78
96.78
96.78
96.78
96.78
96.78
96.78
98.10
98.10
98.10
98.10
98.10
