85.09
85.09
85.09
85.09
85.09
85.09
85.09
85.09
85.03
85.03
85.03
85.03
85.03
85.90
85.90
85.90
85.90
85.90
85.90
85.90
88.73
88.73
88.73
88.73
88.73
88.73
88.73
88.73
88.73
88.73
88.21
88.21
88.21
88.21
88.21
88.21
88.21
91.66
91.66
91.66
91.66
91.66
91.66
91.66
91.66
92.86
92.86
92.86
92.86
92.86
94.38
94.38
94.38
94.38
94.38
94.38
94.38
94.38
92.85
92.85
92.85
92.85
92.85
95.45
95.45
95.45
95.45
95.45
95.45
95.97
95.97
95.97
95.97
95.97
95.97
93.89
93.89
93.89
93.89
93.89
93.89
93.89
93.89
93.89
95.13
95.13
95.13
95.13
95.13
95.13
95.13
95.13
95.13
97.29
97.29
97.29
97.29
97.29
97.69
97.69
97.69
97.69
97.69
97.69
97.69
97.69
96.68
96.68
96.68
96.68
96.68
96.68
96.68
96.68
96.68
97.24
97.24
97.24
97.24
97.24
97.24
97.24
97.24
97.24
97.24
97.24
