0.97
0.97
0.97
0.97
0.97
0.96
0.96
0.96
0.95
0.95
0.94
0.98
0.98
0.98
0.98
0.98
0.97
0.97
0.95
0.97
0.97
0.97
0.97
0.97
0.81
0.74
0.97
0.97
0.97
0.97
0.96
0.96
0.96
0.96
0.96
0.96
0.90
0.91
0.96
0.96
0.96
0.96
0.96
0.88
0.97
0.97
0.97
0.96
0.96
0.94
0.92
0.96
0.96
0.96
0.95
0.96
0.78
0.76
0.96
0.96
0.95
0.95
0.94
0.92
0.87
0.85
0.97
0.97
0.97
0.96
0.96
0.70
0.98
0.97
0.98
0.97
0.98
0.98
0.98
0.98
0.98
0.97
0.97
0.95
0.98
0.98
0.97
0.97
0.97
0.97
0.95
0.95
0.94
0.94
0.91
0.93
0.95
0.95
0.94
0.90
0.96
0.96
0.95
0.94
0.94
0.90
0.89
0.97
0.97
0.97
0.97
0.98
0.98
0.98
0.97
0.97
0.94
0.91
0.98
0.98
0.98
0.98
0.98
0.97
0.97
0.94
