0.91
0.92
0.92
0.91
0.91
0.90
0.89
0.90
0.90
0.89
0.87
0.92
0.93
0.93
0.92
0.92
0.93
0.93
0.92
0.92
0.91
0.91
0.87
0.87
0.92
0.92
0.92
0.90
0.91
0.80
0.72
0.78
0.93
0.94
0.94
0.93
0.93
0.88
0.89
0.94
0.95
0.95
0.94
0.94
0.93
0.90
0.90
0.95
0.96
0.96
0.95
0.95
0.93
0.90
0.90
0.90
0.90
0.85
0.89
0.96
0.96
0.96
0.96
0.95
0.94
0.91
0.91
0.91
0.91
0.85
0.90
0.97
0.97
0.97
0.97
0.97
0.97
0.97
0.96
0.96
0.94
0.93
0.90
0.91
0.96
0.97
0.96
0.96
0.96
0.95
0.92
0.92
0.92
0.92
0.87
0.91
0.96
0.96
0.96
0.95
0.95
0.88
0.81
0.77
0.81
0.96
0.96
0.96
0.96
0.95
0.96
0.94
0.94
0.96
0.96
0.96
0.95
0.95
0.88
0.85
0.95
0.95
0.95
0.94
0.93
0.93
0.93
0.92
0.92
0.93
0.94
0.94
0.94
0.95
0.95
0.94
0.94
0.92
0.94
0.94
0.94
0.91
0.93
0.93
0.93
0.92
0.91
0.90
0.85
0.86
0.93
0.93
0.93
0.91
0.91
0.72
0.94
0.94
0.94
0.94
0.96
0.96
0.95
0.95
0.94
0.91
0.85
0.86
0.76
0.72
0.83
0.95
0.95
0.94
0.94
0.92
0.89
0.89
0.94
0.93
0.93
0.91
0.90
0.81
0.84
0.93
0.94
0.92
0.93
0.90
0.89
0.83
0.85
0.88
0.87
0.89
0.86
0.88
0.87
0.92
0.92
0.91
0.90
0.90
0.82
0.78
0.72
0.67
0.91
0.91
0.92
0.91
0.95
0.95
0.94
0.94
0.93
0.94
0.92
0.92
0.92
0.92
0.91
0.95
0.94
0.95
0.92
0.94
0.76
0.72
0.65
0.59
0.96
0.95
0.95
0.95
0.94
0.90
0.90
0.96
0.96
0.95
0.95
0.94
0.94
0.94
0.91
