0.48
0.50
0.49
0.44
0.47
0.42
0.43
0.46
0.50
0.49
0.50
0.46
0.48
0.43
0.44
0.51
0.51
0.50
0.46
0.47
0.44
0.45
0.50
0.43
0.43
0.42
0.41
0.41
0.40
0.37
0.39
0.43
0.41
0.42
0.39
0.44
0.42
0.43
0.40
0.40
0.41
0.40
0.36
0.38
0.30
0.30
0.43
0.43
0.42
0.41
0.42
0.40
0.37
0.39
0.47
0.46
0.48
0.44
0.47
0.42
0.38
0.41
0.40
0.42
0.40
0.42
0.43
0.42
0.37
0.40
0.31
0.32
0.49
0.49
0.49
0.44
0.48
0.40
0.54
0.54
0.54
0.49
0.52
0.45
0.43
0.47
0.56
0.55
0.55
0.51
0.53
0.46
0.62
0.61
0.62
0.57
0.59
0.54
0.61
0.60
0.62
0.59
0.60
0.54
0.55
0.53
0.63
0.62
0.63
0.60
0.61
0.56
0.56
0.49
0.43
0.65
0.65
0.66
0.63
0.64
0.61
0.60
0.63
0.63
0.63
0.61
0.62
0.59
0.58
0.60
0.66
0.65
0.66
0.65
0.72
0.72
0.73
0.71
0.75
0.75
0.76
0.73
0.75
0.69
0.69
0.67
0.76
0.76
0.76
0.74
0.75
0.75
0.75
0.78
0.78
0.78
0.77
0.78
0.75
0.74
0.73
0.71
