98.00
98.00
98.00
98.00
98.00
98.00
98.00
98.00
98.00
97.91
97.91
97.91
97.91
97.91
97.91
97.91
97.91
97.61
97.61
97.61
97.61
97.22
97.22
97.22
97.22
97.22
97.22
97.22
96.68
96.68
96.68
96.68
96.68
96.26
96.26
96.26
96.26
96.26
96.26
96.26
95.69
95.69
95.69
95.69
95.69
95.69
94.76
94.76
94.76
94.76
94.76
94.76
94.76
94.76
94.76
94.76
91.40
91.40
91.40
91.40
91.40
91.40
91.40
91.40
90.86
90.86
90.86
90.86
94.05
94.05
94.05
94.05
94.05
94.05
94.05
94.05
91.90
91.90
91.90
91.90
91.90
91.90
91.90
91.90
91.90
95.18
95.18
95.18
95.18
96.24
96.24
96.24
96.24
96.24
96.24
96.24
96.24
96.24
96.91
96.91
96.91
96.91
96.91
96.91
96.91
96.91
96.63
96.63
96.63
96.63
96.63
96.63
96.63
97.44
97.44
97.44
97.44
97.44
97.24
97.24
97.24
97.24
97.24
97.24
97.24
97.24
97.24
98.10
98.10
98.10
98.10
98.10
98.10
98.10
98.10
