0.92
0.92
0.92
0.90
0.91
0.80
0.74
0.65
0.71
0.94
0.94
0.94
0.94
0.94
0.93
0.90
0.90
0.90
0.90
0.89
0.95
0.95
0.95
0.94
0.94
0.91
0.86
0.87
0.95
0.95
0.95
0.94
0.94
0.95
0.95
0.95
0.95
0.95
0.94
0.94
0.92
0.95
0.95
0.95
0.94
0.95
0.93
0.91
0.90
0.95
0.95
0.95
0.95
0.94
0.94
0.93
0.93
0.92
0.92
0.91
0.95
0.95
0.95
0.95
0.95
0.90
0.95
0.95
0.94
0.94
0.93
0.92
0.89
0.89
0.95
0.95
0.95
0.95
0.94
0.94
0.92
0.92
0.94
0.94
0.94
0.92
0.93
0.86
0.81
0.77
0.75
0.95
0.95
0.95
0.94
0.94
0.92
0.92
0.90
0.94
0.94
0.94
0.92
0.93
0.83
0.77
0.73
0.55
0.50
0.69
0.95
0.94
0.95
0.93
0.94
0.81
0.76
0.68
0.62
0.96
0.96
0.95
0.95
0.94
0.89
0.79
0.78
0.93
0.92
0.92
0.90
0.89
0.83
0.77
0.78
