0.94
0.94
0.93
0.93
0.93
0.86
0.82
0.76
0.71
0.92
0.92
0.92
0.90
0.91
0.80
0.77
0.69
0.63
0.93
0.94
0.94
0.92
0.94
0.86
0.78
0.75
0.78
0.77
0.95
0.95
0.95
0.95
0.95
0.93
0.90
0.90
0.90
0.89
0.86
0.88
0.95
0.95
0.95
0.95
0.95
0.94
0.94
0.93
0.89
0.88
0.91
0.95
0.95
0.96
0.95
0.95
0.91
0.84
0.83
0.95
0.95
0.95
0.95
0.95
0.94
0.92
0.92
0.91
0.91
0.87
0.90
0.96
0.96
0.96
0.95
0.95
0.92
0.92
0.96
0.95
0.95
0.95
0.95
0.94
0.94
0.92
0.95
0.95
0.95
0.95
0.94
0.93
0.90
0.90
0.89
0.89
0.82
0.88
0.95
0.95
0.95
0.94
0.94
0.90
0.86
0.79
0.71
0.95
0.95
0.95
0.94
0.94
0.90
0.89
0.94
0.94
0.94
0.93
0.93
0.91
0.90
0.95
0.95
0.95
0.94
0.95
0.87
0.82
0.74
0.79
0.96
0.96
0.96
0.95
0.95
0.79
0.79
0.96
0.96
0.96
0.95
0.95
0.88
0.80
0.76
0.57
0.50
0.71
0.96
0.96
0.96
0.95
0.96
0.92
0.92
0.96
0.96
0.96
0.96
0.95
0.95
0.92
0.91
0.96
0.96
0.95
0.95
0.94
0.94
0.91
0.92
0.94
0.94
0.94
0.93
0.92
0.88
0.82
0.83
0.82
0.83
0.81
