0.63
0.69
0.69
0.58
0.64
0.51
0.58
0.47
0.84
0.86
0.86
0.81
0.83
0.69
0.67
0.89
0.89
0.90
0.86
0.88
0.75
0.71
0.65
0.58
0.89
0.90
0.87
0.87
0.83
0.85
0.79
0.81
0.90
0.90
0.91
0.89
0.90
0.81
0.82
0.90
0.91
0.91
0.89
0.90
0.92
0.92
0.92
0.89
0.92
0.76
0.71
0.69
0.64
0.92
0.92
0.92
0.91
0.91
0.85
0.80
0.80
0.92
0.92
0.91
0.91
0.90
0.89
0.89
0.87
0.91
0.91
0.90
0.88
0.89
0.76
0.71
0.68
0.65
0.91
0.91
0.91
0.89
0.89
0.79
0.74
0.66
0.72
0.91
0.92
0.92
0.91
0.90
0.91
0.92
0.91
0.90
0.90
0.91
0.91
0.90
0.89
0.87
0.82
0.76
0.74
0.79
0.89
0.89
0.88
0.86
0.86
0.81
0.77
0.78
0.72
0.73
0.44
0.72
0.90
0.90
0.89
0.87
0.86
0.66
0.66
0.80
0.80
0.80
0.78
0.77
0.78
0.76
0.78
0.80
0.81
0.80
0.77
0.77
0.79
0.79
0.80
0.75
0.77
0.64
0.65
0.85
0.86
0.85
0.80
0.80
0.69
0.66
0.55
0.37
0.33
0.60
0.87
0.89
0.89
0.86
0.88
0.81
0.79
0.79
0.93
0.93
0.93
0.90
0.93
0.76
0.71
0.66
0.51
0.46
0.64
0.93
0.93
0.93
0.92
0.92
0.87
0.84
0.83
0.82
0.94
0.95
0.95
0.94
0.94
0.92
0.89
0.89
