0.61
0.73
0.69
0.57
0.67
0.47
0.64
0.44
0.81
0.85
0.84
0.81
0.82
0.74
0.72
0.86
0.89
0.87
0.84
0.86
0.73
0.73
0.68
0.89
0.92
0.89
0.89
0.87
0.89
0.91
0.90
0.88
0.89
0.74
0.71
0.73
0.90
0.91
0.89
0.87
0.87
0.74
0.69
0.69
0.53
0.47
0.66
0.87
0.89
0.87
0.87
0.84
0.77
0.80
0.86
0.88
0.88
0.86
0.87
0.83
0.82
0.88
0.89
0.88
0.86
0.86
0.79
0.77
0.82
0.87
0.88
0.86
0.83
0.83
0.71
0.67
0.58
0.68
0.88
0.88
0.87
0.86
0.85
0.83
0.79
0.77
0.71
0.66
0.76
0.89
0.89
0.85
0.89
0.81
0.91
0.90
0.90
0.90
0.91
0.90
0.88
0.86
0.82
0.83
0.76
0.74
0.83
0.83
0.81
0.78
0.76
0.71
0.67
0.67
0.86
0.86
0.84
0.84
0.80
0.82
0.77
0.78
0.85
0.86
0.85
0.82
0.81
0.74
0.70
0.76
