98.22
98.22
98.22
98.22
98.22
98.22
98.22
96.71
96.71
96.71
96.71
96.71
96.71
96.71
94.87
94.87
94.87
94.87
94.87
94.87
94.87
94.87
94.87
93.63
93.63
93.63
93.63
93.63
93.63
93.63
93.63
93.63
93.63
93.63
94.65
94.65
94.65
94.65
94.65
94.65
94.65
94.65
91.90
91.90
91.90
91.90
91.90
91.90
91.90
91.90
95.49
95.49
95.49
95.49
95.49
95.49
95.49
95.49
95.51
95.51
95.51
95.51
95.51
95.51
95.51
95.51
97.39
97.39
97.39
97.39
97.39
98.12
98.12
98.12
98.12
98.12
98.18
98.18
98.18
98.18
98.18
98.51
98.51
98.51
98.51
98.51
98.51
98.51
98.51
98.51
98.51
98.51
98.51
98.25
98.25
98.25
98.25
98.25
98.23
98.23
98.23
98.23
98.23
98.23
98.23
98.23
98.23
98.23
98.23
98.23
98.23
98.23
98.61
98.61
98.61
98.61
98.61
98.61
98.61
98.61
98.61
98.61
98.61
98.61
98.61
98.78
98.78
98.78
98.78
98.78
98.78
98.78
98.77
98.77
98.77
98.77
98.77
98.77
98.77
98.72
98.72
98.72
98.72
98.72
98.72
98.72
97.93
97.93
97.93
97.93
97.93
97.93
96.78
96.78
96.78
96.78
96.78
96.78
96.78
96.78
96.78
96.78
96.78
96.05
96.05
96.05
96.05
96.05
96.05
93.80
93.80
93.80
93.80
94.41
94.41
94.41
94.41
94.41
94.11
94.11
94.11
94.11
94.11
94.11
94.11
94.11
95.19
95.19
95.19
95.19
95.19
95.19
95.19
97.48
97.48
97.48
97.48
97.48
97.48
97.48
97.71
97.71
97.71
97.71
97.71
97.71
97.35
97.35
97.35
97.35
97.35
97.35
97.35
97.35
97.35
98.40
98.40
98.40
98.40
98.40
98.40
98.40
98.40
98.52
98.52
98.52
98.52
98.52
98.16
98.16
98.16
98.16
98.16
98.27
98.27
98.27
98.27
98.27
