70.93
70.93
70.93
70.93
70.93
70.93
70.93
70.93
70.93
70.93
70.93
77.62
77.62
77.62
77.62
77.62
77.62
77.62
78.58
78.58
78.58
78.58
78.58
78.58
78.58
78.58
78.58
82.22
82.22
82.22
82.22
82.22
82.22
86.26
86.26
86.26
86.26
86.26
89.88
89.88
89.88
89.88
89.88
89.88
89.88
91.88
91.88
91.88
91.88
91.88
91.88
91.88
91.88
91.88
91.88
91.88
91.93
91.93
91.93
91.93
91.93
91.93
91.93
91.93
92.17
92.17
92.17
92.17
92.17
92.17
92.17
90.53
90.53
90.53
90.53
90.53
90.53
90.53
90.53
90.53
90.53
88.01
88.01
88.01
88.01
88.01
88.01
88.01
88.01
86.99
86.99
86.99
86.99
86.99
86.99
86.99
84.84
84.84
84.84
84.84
84.84
84.84
84.84
86.14
86.14
86.14
86.14
88.64
88.64
88.64
88.64
88.64
88.64
88.64
88.64
90.79
90.79
90.79
90.79
90.79
90.79
90.79
89.47
89.47
89.47
89.47
89.47
89.47
89.47
90.32
90.32
90.32
90.32
90.32
90.32
90.32
90.32
90.32
87.05
87.05
87.05
87.05
87.05
87.05
85.90
85.90
85.90
85.90
85.90
85.90
85.90
85.90
85.90
82.25
82.25
82.25
82.25
82.25
82.25
82.25
82.25
82.89
82.89
82.89
82.89
82.89
82.89
82.89
82.89
80.71
80.71
80.71
80.71
80.71
80.71
80.71
80.71
80.71
80.71
80.71
81.98
81.98
81.98
81.98
81.98
81.98
84.67
84.67
84.67
84.67
84.67
84.67
84.67
84.67
84.67
86.94
86.94
86.94
86.94
86.94
86.94
86.94
86.94
86.94
86.94
87.04
87.04
87.04
87.04
87.04
87.04
87.04
87.04
87.04
86.83
86.83
86.83
86.83
86.83
86.83
86.83
86.83
86.91
86.91
86.91
86.91
86.91
86.91
86.91
86.91
86.91
87.25
87.25
87.25
87.25
87.25
87.25
87.25
87.25
87.20
87.20
87.20
87.20
87.20
87.20
87.20
87.20
87.20
87.38
87.38
87.38
87.38
87.38
87.57
87.57
87.57
87.57
87.57
87.57
87.57
87.57
86.14
86.14
86.14
86.14
86.14
86.14
86.14
86.14
86.14
87.26
87.26
87.26
87.26
87.26
87.26
87.26
87.26
87.26
87.14
87.14
87.14
87.14
87.14
87.14
87.14
87.14
85.01
85.01
85.01
85.01
85.01
85.01
85.01
85.01
85.01
83.49
83.49
83.49
83.49
83.49
83.93
83.93
83.93
83.93
83.93
83.93
83.93
83.93
83.93
