0.95
0.95
0.94
0.94
0.93
0.86
0.89
0.94
0.94
0.94
0.94
0.93
0.93
0.92
0.92
0.91
0.91
0.89
0.91
0.95
0.94
0.94
0.94
0.93
0.90
0.90
0.82
0.95
0.95
0.94
0.94
0.93
0.93
0.91
0.90
0.94
0.94
0.93
0.93
0.93
0.92
0.92
0.93
0.93
0.93
0.93
0.93
0.91
0.91
0.93
0.93
0.93
0.90
0.92
0.82
0.78
0.71
0.77
0.93
0.93
0.94
0.93
0.93
0.93
0.92
0.92
0.91
0.92
0.90
0.91
0.94
0.94
0.94
0.94
0.93
0.94
0.93
0.92
0.94
0.94
0.93
0.93
0.92
0.92
0.91
0.90
0.87
0.86
0.89
0.94
0.93
0.93
0.91
0.92
0.81
0.77
0.74
0.66
0.60
0.69
0.93
0.93
0.93
0.92
0.92
0.88
0.85
0.82
0.83
0.94
0.93
0.92
0.92
0.90
0.86
0.85
0.92
0.92
0.91
0.92
0.88
0.93
0.92
0.92
0.91
0.90
0.90
0.90
0.90
0.90
0.88
0.89
0.87
0.87
0.88
0.88
0.86
0.85
0.83
0.82
0.79
0.80
0.90
0.90
0.90
0.86
0.89
0.76
0.74
0.66
0.90
0.90
0.90
0.88
0.89
0.83
0.82
0.78
0.76
0.72
0.76
0.89
0.89
0.90
0.89
0.89
0.87
0.85
0.85
0.85
0.92
0.93
0.92
0.91
0.90
0.90
0.86
0.86
0.93
0.92
0.91
0.91
0.89
0.87
0.84
0.81
0.81
0.92
0.92
0.91
0.91
0.89
0.90
0.88
0.88
0.87
0.88
0.88
0.87
0.85
0.84
0.82
0.76
0.77
0.86
0.85
0.85
0.82
0.84
0.83
0.82
0.80
0.79
0.74
0.74
0.72
0.85
0.84
0.84
0.82
0.80
0.77
0.73
0.74
0.84
0.84
0.85
0.82
0.84
0.78
0.79
0.85
0.86
0.87
0.84
0.87
0.79
0.79
0.90
0.89
0.86
0.88
0.82
0.89
0.85
0.85
0.88
0.87
0.87
0.84
0.84
0.81
0.79
0.75
0.73
0.69
0.72
0.90
0.90
0.90
0.89
0.88
0.83
0.85
0.88
0.89
0.88
0.87
0.87
0.86
0.85
0.90
0.90
0.89
0.88
0.86
0.88
0.85
0.85
0.84
0.86
0.90
0.90
0.88
0.87
0.83
0.86
0.81
0.79
0.81
0.84
0.91
0.90
0.89
0.89
0.87
0.89
0.90
0.86
0.86
0.85
0.83
0.83
0.79
0.83
