97.83
97.83
97.83
97.83
97.83
97.83
97.83
97.83
97.83
97.28
97.28
97.28
97.28
97.28
97.28
97.28
97.28
97.28
96.97
96.97
96.97
96.97
96.97
96.97
96.97
96.97
95.89
95.89
95.89
95.89
95.89
95.89
95.89
95.98
95.98
95.98
95.98
97.32
97.32
97.32
97.32
97.32
97.32
97.32
97.32
98.15
98.15
98.15
98.15
98.18
98.18
98.18
98.18
98.18
98.59
98.59
98.59
98.59
98.59
98.59
98.59
98.59
98.59
98.59
98.59
98.59
98.59
98.59
98.59
98.59
98.59
98.59
98.59
98.59
98.59
98.59
98.53
98.53
98.53
98.53
98.53
98.53
98.53
98.53
98.37
98.37
98.37
98.37
98.37
98.37
98.37
98.37
98.37
98.37
98.37
98.37
98.40
98.40
98.40
98.40
98.40
98.52
98.52
98.52
98.52
98.52
98.72
98.72
98.72
98.72
98.72
98.72
98.72
98.72
98.47
98.47
98.47
98.47
98.47
98.47
98.47
98.47
98.47
98.47
98.47
98.47
98.00
98.00
98.00
98.00
98.50
98.50
98.50
98.50
98.50
98.50
98.50
98.58
98.58
98.58
98.58
98.58
98.58
98.58
98.58
98.58
98.55
98.55
98.55
98.55
98.55
98.55
98.55
98.55
98.55
98.45
98.45
98.45
98.45
98.45
98.45
98.45
98.45
98.45
98.72
98.72
98.72
98.72
98.72
98.72
98.72
98.71
98.71
98.71
98.71
98.71
98.71
98.71
98.71
98.69
98.69
98.69
98.69
98.69
98.69
98.69
98.69
98.69
98.69
98.69
98.69
98.69
98.69
98.69
98.67
98.67
98.67
98.67
98.67
98.67
98.67
98.67
98.67
98.67
98.67
98.67
98.67
98.67
98.64
98.64
98.64
98.64
98.64
98.64
98.64
98.64
98.64
98.64
98.64
98.64
98.64
98.64
98.64
98.64
98.64
98.45
98.45
98.45
98.45
98.45
98.45
98.45
98.27
98.27
98.27
98.27
98.27
98.27
98.27
98.33
98.33
98.33
98.33
98.33
98.33
98.33
98.33
98.19
98.19
98.19
98.19
98.19
98.19
98.19
97.08
97.08
97.08
97.08
97.08
97.08
97.08
97.08
97.08
97.08
97.08
