0.58
0.58
0.60
0.56
0.61
0.55
0.57
0.61
0.62
0.63
0.57
0.62
0.68
0.69
0.70
0.65
0.69
0.62
0.62
0.57
0.55
0.72
0.74
0.76
0.69
0.75
0.65
0.64
0.57
0.66
0.81
0.82
0.84
0.79
0.84
0.73
0.72
0.83
0.86
0.87
0.84
0.88
0.83
0.80
0.81
0.86
0.90
0.91
0.89
0.91
0.89
0.88
0.92
0.93
0.93
0.92
0.93
0.94
0.95
0.94
0.95
0.92
0.94
0.93
0.93
0.93
0.93
0.92
0.93
0.93
0.92
0.93
0.90
0.90
0.89
0.93
0.93
0.92
0.92
0.91
0.91
0.92
0.90
0.91
0.90
0.89
0.88
0.86
0.87
0.88
0.91
0.92
0.92
0.91
0.91
0.94
0.93
0.94
0.94
0.90
0.93
0.80
0.73
0.73
0.69
0.67
0.70
0.93
0.94
0.94
0.92
0.93
0.90
0.86
0.86
0.95
0.95
0.95
0.94
0.94
0.96
0.96
0.96
0.96
0.96
0.95
0.96
0.96
0.95
0.94
0.94
0.95
0.94
0.94
0.93
0.93
0.93
0.93
0.93
0.93
0.93
0.92
0.92
0.90
0.89
0.89
0.88
0.86
0.87
0.84
0.88
0.88
0.85
0.84
0.83
0.83
0.81
0.82
0.80
0.76
0.79
0.66
0.65
0.86
0.86
0.85
0.84
0.83
0.78
0.82
0.89
0.90
0.89
0.88
0.92
0.93
0.94
0.91
0.93
0.85
0.85
0.87
0.94
0.95
0.94
0.94
0.93
0.92
0.90
0.89
0.90
0.93
0.94
0.93
0.94
0.93
0.93
0.93
0.92
0.96
0.96
0.96
0.96
0.96
0.95
0.95
0.96
0.96
0.95
0.94
0.93
0.90
0.88
0.92
0.95
0.96
0.95
0.96
0.94
0.96
0.96
0.95
0.95
0.94
0.93
0.94
0.96
0.96
0.93
0.95
0.90
0.89
0.93
0.94
0.94
0.95
0.94
0.96
0.96
0.95
0.94
0.94
0.82
0.86
0.96
0.96
0.96
0.96
0.96
0.94
0.91
0.91
0.91
0.91
0.87
0.90
0.96
0.96
0.96
0.96
0.95
0.91
0.91
0.94
0.94
0.94
0.94
0.93
0.94
0.93
0.93
0.92
0.92
0.92
0.93
0.92
0.92
0.91
0.91
0.85
0.88
0.88
0.88
0.86
0.87
0.84
0.85
0.86
0.85
0.86
0.85
0.83
0.85
0.80
0.84
0.85
0.85
0.81
0.81
0.78
0.78
0.75
0.76
0.74
0.75
0.76
0.75
0.74
0.86
0.87
0.85
0.84
0.83
0.80
0.82
0.79
0.79
0.77
0.81
0.83
0.80
0.81
0.79
0.81
0.80
0.81
0.82
0.85
0.84
0.80
0.84
0.72
0.78
0.66
0.89
0.90
0.88
0.88
0.86
0.85
0.87
0.88
0.86
0.85
0.83
0.81
0.81
0.86
