97.55
97.55
97.55
97.55
97.55
97.55
97.55
97.55
96.97
96.97
96.97
96.97
96.97
96.97
96.97
96.97
96.97
96.97
96.97
96.97
95.65
95.65
95.65
95.65
95.65
92.63
92.63
92.63
92.63
92.63
92.63
92.63
87.59
87.59
87.59
87.59
87.59
87.59
87.59
87.59
87.81
87.81
87.81
87.81
87.81
87.81
87.81
90.96
90.96
90.96
90.96
93.63
93.63
93.63
93.63
93.63
94.73
94.73
94.73
94.73
94.73
94.73
94.73
94.99
94.99
94.99
94.99
94.99
94.99
94.99
94.99
94.99
94.99
94.99
95.45
95.45
95.45
95.45
95.45
95.45
95.45
95.45
95.45
95.45
95.45
94.17
94.17
94.17
94.17
94.17
94.17
94.17
94.17
94.02
94.02
94.02
94.02
94.02
94.02
94.02
94.02
94.02
93.79
93.79
93.79
93.79
93.79
93.79
93.79
93.79
93.79
93.35
93.35
93.35
93.35
93.35
93.35
93.35
92.45
92.45
92.45
92.45
92.45
92.45
92.45
92.45
91.31
91.31
91.31
91.31
91.31
91.31
91.24
91.24
91.24
91.24
91.24
91.24
91.24
91.24
91.48
91.48
91.48
91.48
91.48
91.48
91.48
91.48
87.66
87.66
87.66
87.66
87.66
87.66
87.66
87.66
87.66
87.47
87.47
87.47
87.47
87.47
87.47
87.47
87.47
87.47
87.47
87.47
