0.21
0.31
0.22
0.24
0.23
0.23
0.16
0.11
0.31
0.33
0.31
0.29
0.30
0.27
0.26
0.34
0.35
0.35
0.32
0.33
0.36
0.37
0.36
0.33
0.33
0.31
0.35
0.26
0.25
0.35
0.36
0.35
0.32
0.33
0.30
0.35
0.25
0.37
0.42
0.43
0.42
0.39
0.41
0.37
0.34
0.36
0.34
0.37
0.33
0.39
0.40
0.40
0.35
0.37
0.34
0.39
0.31
0.26
0.23
0.28
0.42
0.43
0.42
0.39
0.40
0.37
0.36
0.22
0.33
0.32
0.42
0.40
0.42
0.39
0.47
0.46
0.48
0.46
0.54
0.53
0.54
0.48
0.51
0.45
0.47
0.48
0.41
0.62
0.62
0.62
0.56
0.59
0.52
0.44
0.50
0.69
0.70
0.70
0.65
0.68
0.61
0.56
0.58
0.79
0.79
0.80
0.77
0.79
0.85
0.85
0.85
0.84
0.84
0.81
0.81
0.88
0.88
0.89
0.86
0.89
0.80
0.78
0.72
0.59
0.56
0.69
0.90
0.91
0.90
0.90
0.89
0.89
0.86
0.86
0.86
0.87
0.81
0.85
0.91
0.91
0.91
0.90
0.91
0.91
0.91
0.90
0.90
0.89
0.88
0.84
0.84
0.90
0.90
0.90
0.89
0.88
0.89
0.89
0.88
0.87
0.86
0.83
0.81
0.82
0.86
0.85
0.85
0.84
0.82
0.82
0.83
0.83
0.82
0.81
0.80
0.77
0.74
0.71
0.67
0.82
0.82
0.82
0.81
0.80
0.79
0.76
0.76
0.84
0.84
0.85
0.84
0.89
0.89
0.89
0.88
0.88
0.83
0.79
0.74
0.61
0.58
0.73
0.89
0.89
0.90
0.87
0.89
0.75
0.91
0.91
0.91
0.90
0.91
0.87
0.83
0.83
0.92
0.92
0.92
0.91
0.91
0.88
0.88
0.90
0.90
0.90
0.89
0.89
0.89
0.89
0.88
0.87
0.87
0.81
0.78
0.74
0.72
0.85
0.85
0.85
0.84
0.83
0.80
0.83
0.83
0.83
0.80
0.81
0.73
0.69
0.65
0.62
0.85
0.85
0.85
0.83
0.84
0.78
0.75
0.67
0.56
0.52
0.68
0.87
0.87
0.88
0.87
0.90
0.90
0.90
0.89
0.89
0.88
0.87
0.86
0.88
0.87
0.88
0.86
0.87
0.86
0.89
0.89
0.89
0.88
0.89
0.90
0.90
0.90
0.90
0.89
0.88
0.88
0.87
0.89
0.89
0.89
0.88
0.88
0.87
0.85
0.85
0.88
0.87
0.86
0.86
0.85
0.84
0.81
0.81
0.85
0.85
0.84
0.82
0.83
0.82
0.83
0.80
0.80
0.75
0.71
0.72
0.86
0.87
0.88
0.84
0.88
0.79
0.76
0.77
0.91
0.91
0.91
0.90
0.90
0.87
0.86
0.87
0.90
0.90
0.90
0.88
0.89
0.88
0.87
0.88
0.86
0.87
0.77
0.79
0.88
0.89
0.89
0.88
0.88
0.87
0.85
0.85
0.89
0.89
0.89
0.88
0.87
0.86
0.85
0.84
