98.40
98.40
98.40
98.40
98.40
98.40
98.22
98.22
98.22
98.22
98.22
98.22
98.22
98.22
97.41
97.41
97.41
97.41
97.41
97.41
97.41
97.41
97.41
96.71
96.71
96.71
96.71
96.71
96.71
96.71
97.12
97.12
97.12
97.12
97.12
97.12
97.12
97.12
97.12
97.12
97.12
97.09
97.09
97.09
97.09
97.09
97.09
97.09
97.09
97.09
97.09
97.09
92.02
92.02
92.02
92.02
92.02
92.02
92.02
89.19
89.19
89.19
89.19
89.19
89.19
89.19
89.19
89.19
92.61
92.61
92.61
92.61
92.61
92.61
92.61
92.61
92.61
92.61
92.61
91.88
91.88
91.88
91.88
95.79
95.79
95.79
95.79
95.79
97.20
97.20
97.20
97.20
97.20
97.20
97.20
97.20
97.20
97.20
97.20
98.44
98.44
98.44
98.44
98.44
98.44
98.44
98.79
98.79
98.79
98.79
98.79
98.79
98.79
98.79
98.89
98.89
98.89
98.89
98.89
98.89
98.89
98.89
98.95
98.95
98.95
98.95
98.95
98.95
98.95
98.95
98.92
98.92
98.92
98.92
98.92
98.92
98.92
98.84
98.84
98.84
98.84
98.84
98.84
98.84
98.73
98.73
98.73
98.73
98.73
98.73
98.73
98.73
97.58
97.58
97.58
97.58
97.58
97.58
97.58
97.58
96.96
96.96
96.96
96.96
96.96
96.96
96.96
96.96
95.46
95.46
95.46
95.46
95.46
95.46
95.46
96.92
96.92
96.92
96.92
96.92
96.92
96.92
96.92
96.92
96.92
96.92
98.45
98.45
98.45
98.45
98.45
98.45
98.45
98.45
98.45
98.45
98.66
98.66
98.66
98.66
98.66
98.66
98.66
98.66
98.75
98.75
98.75
98.75
98.75
98.75
98.75
98.75
