83.50
83.50
83.50
83.50
83.50
83.50
83.50
83.50
89.88
89.88
89.88
89.88
89.88
89.88
89.88
89.88
90.31
90.31
90.31
90.31
90.31
90.31
90.31
90.31
93.06
93.06
93.06
93.06
93.06
93.06
93.06
93.06
93.94
93.94
93.94
93.94
93.94
93.94
93.94
93.94
93.94
93.94
93.94
93.94
93.94
95.12
95.12
95.12
95.12
95.12
95.12
95.12
95.12
95.19
95.19
95.19
95.19
95.19
95.19
95.19
95.00
95.00
95.00
95.00
95.00
95.00
94.44
94.44
94.44
94.44
94.44
94.44
94.44
94.44
95.25
95.25
95.25
95.25
95.25
95.25
95.25
95.25
94.44
94.44
94.44
94.44
94.44
91.62
91.62
91.62
91.62
91.62
91.62
87.94
87.94
87.94
87.94
87.94
87.94
87.94
87.94
87.94
87.38
87.38
87.38
87.38
87.38
87.38
87.38
87.38
87.38
91.44
91.44
91.44
91.44
91.44
91.44
91.44
91.44
91.44
91.44
91.44
91.44
92.88
92.88
92.88
92.88
92.88
92.88
92.88
92.88
92.88
92.88
92.88
94.12
94.12
94.12
94.12
94.12
95.12
95.12
95.12
95.12
95.12
95.12
95.12
95.12
96.25
96.25
96.25
96.25
96.25
96.25
96.69
96.69
96.69
96.69
96.69
96.69
96.69
96.88
96.88
96.88
96.88
96.88
96.88
96.88
96.88
96.50
96.50
96.50
96.50
96.50
96.50
96.50
96.38
96.38
96.38
96.38
96.38
96.38
96.38
96.75
96.75
96.75
96.75
96.75
96.75
96.75
96.75
96.75
96.75
96.75
96.12
96.12
96.12
96.12
96.12
96.12
96.12
96.12
96.12
96.12
96.12
95.56
95.56
95.56
95.56
95.56
95.56
95.56
95.56
95.38
95.38
95.38
95.38
95.38
95.38
95.38
95.38
94.75
94.75
94.75
94.75
94.75
94.75
94.75
93.88
93.88
93.88
93.88
93.88
93.88
93.88
93.88
93.88
94.31
94.31
94.31
94.31
94.31
94.31
94.31
94.31
94.31
92.69
92.69
92.69
92.69
92.69
92.69
92.69
92.69
92.69
92.69
92.69
92.69
92.69
92.69
85.19
85.19
85.19
85.19
92.44
92.44
92.44
92.44
92.44
92.44
92.44
92.44
92.44
92.44
92.44
92.19
92.19
92.19
92.19
92.19
92.19
92.19
92.19
92.19
92.19
89.62
89.62
89.62
89.62
89.62
89.62
89.62
89.62
89.62
91.38
91.38
91.38
91.38
91.38
91.38
90.00
90.00
90.00
90.00
90.00
90.00
90.00
91.31
91.31
91.31
91.31
91.31
91.31
91.31
91.31
91.31
93.31
93.31
93.31
93.31
93.31
93.31
93.31
93.31
93.31
93.12
93.12
93.12
93.12
93.12
93.12
93.12
94.12
94.12
94.12
94.12
94.12
94.12
94.12
94.12
94.12
94.12
94.12
94.12
94.12
94.12
94.12
94.12
94.38
94.38
94.38
94.38
94.38
94.50
94.50
94.50
94.50
94.50
93.44
93.44
93.44
93.44
93.44
93.44
93.44
93.44
93.44
93.44
93.44
92.12
92.12
92.12
92.12
92.12
92.12
92.12
92.38
92.38
92.38
92.38
92.38
92.38
92.38
92.38
92.38
92.38
92.38
92.19
92.19
92.19
92.19
92.19
92.19
92.19
92.19
87.56
87.56
87.56
87.56
87.56
87.56
87.56
87.56
87.56
87.56
83.00
83.00
83.00
83.00
83.94
83.94
83.94
83.94
83.94
83.94
83.94
83.94
78.25
78.25
78.25
78.25
78.25
78.25
68.62
68.62
68.62
68.62
