83.07
83.07
83.07
83.07
90.91
90.91
90.91
90.91
90.91
90.91
90.91
94.85
94.85
94.85
94.85
94.85
94.85
94.85
94.85
94.56
94.56
94.56
94.56
94.56
94.56
94.56
94.56
97.02
97.02
97.02
97.02
97.02
97.02
97.02
98.48
98.48
98.48
98.48
98.48
98.48
98.48
98.48
98.51
98.51
98.51
98.51
98.51
98.51
98.51
98.61
98.61
98.61
98.61
98.61
98.61
98.61
98.61
98.37
98.37
98.37
98.37
98.37
98.37
98.37
98.37
97.85
97.85
97.85
97.85
98.23
98.23
98.23
98.23
98.23
98.23
98.23
98.23
98.23
98.52
98.52
98.52
98.52
98.52
98.52
98.52
98.52
98.56
98.56
98.56
98.56
98.56
98.56
98.56
98.56
98.56
98.82
98.82
98.82
98.82
98.82
98.82
98.82
98.82
98.74
98.74
98.74
98.74
98.74
98.74
98.74
98.81
98.81
98.81
98.81
98.81
98.81
98.81
98.77
98.77
98.77
98.77
98.77
98.77
98.77
98.77
98.77
98.77
98.77
98.63
98.63
98.63
98.63
98.63
98.59
98.59
98.59
98.59
98.59
98.59
98.59
98.76
98.76
98.76
98.76
98.76
98.76
98.76
98.51
98.51
98.51
98.51
98.51
98.51
98.51
98.50
98.50
98.50
98.50
98.50
98.52
98.52
98.52
98.52
98.52
98.52
98.52
98.52
98.52
98.52
98.36
98.36
98.36
98.36
98.36
98.36
98.36
98.36
97.67
97.67
97.67
97.67
97.67
97.98
97.98
97.98
97.98
97.98
97.98
97.98
97.98
98.21
98.21
98.21
98.21
98.21
98.21
98.21
98.21
98.21
98.21
98.21
98.39
98.39
98.39
98.39
98.39
98.39
98.39
98.39
98.39
98.39
98.39
98.41
98.41
98.41
98.41
98.41
98.41
98.41
98.41
98.71
98.71
98.71
98.71
98.71
98.71
98.71
98.71
98.71
98.75
98.75
98.75
98.75
98.75
98.75
98.75
98.75
98.85
98.85
98.85
98.85
98.85
98.85
98.85
98.85
98.85
98.85
98.85
98.84
98.84
98.84
98.84
98.84
98.84
98.62
98.62
98.62
98.62
98.76
98.76
98.76
98.76
98.76
98.76
98.76
98.76
98.76
98.76
98.76
98.76
98.76
98.76
98.66
98.66
98.66
98.66
98.66
98.66
98.66
98.53
98.53
98.53
98.53
98.53
98.53
98.53
98.53
98.53
98.53
98.53
98.27
98.27
98.27
98.27
98.27
98.27
98.27
98.27
98.27
98.27
98.27
97.71
97.71
97.71
97.71
97.71
97.71
97.71
97.14
97.14
97.14
97.14
97.14
97.14
97.14
97.14
97.43
97.43
97.43
97.43
97.43
97.43
97.43
97.43
98.13
98.13
98.13
98.13
98.13
98.13
98.13
98.36
98.36
98.36
98.36
98.36
98.36
98.36
98.36
98.36
98.17
98.17
98.17
98.17
98.17
98.53
98.53
98.53
98.53
98.53
98.53
98.53
98.53
98.70
98.70
98.70
98.70
98.70
98.70
98.70
98.70
98.70
98.58
98.58
98.58
98.58
98.58
98.58
98.58
98.58
98.48
98.48
98.48
98.48
98.48
98.48
98.48
98.48
98.56
98.56
98.56
98.56
98.56
98.56
98.56
98.56
98.21
98.21
98.21
98.21
98.21
98.21
98.21
98.21
98.21
98.21
98.21
98.41
98.41
98.41
98.41
98.41
98.41
98.41
98.41
98.41
98.61
98.61
98.61
98.61
98.61
98.61
98.61
98.61
98.70
98.70
98.70
98.70
98.70
98.70
98.77
98.77
98.77
98.77
98.83
98.83
98.83
98.83
98.83
98.83
98.83
98.83
