98.79
98.79
98.79
98.79
98.79
98.79
98.79
98.80
98.80
98.80
98.80
98.80
98.80
98.80
98.80
98.80
98.80
98.80
98.85
98.85
98.85
98.85
98.85
98.85
98.85
98.80
98.80
98.80
98.80
98.80
98.80
98.80
98.80
98.80
98.68
98.68
98.68
98.68
98.68
98.68
98.68
98.68
98.68
98.83
98.83
98.83
98.83
98.83
98.74
98.74
98.74
98.74
98.74
98.74
98.74
98.74
98.74
98.74
98.74
98.68
98.68
98.68
98.68
98.68
98.72
98.72
98.72
98.72
98.72
98.72
98.72
98.85
98.85
98.85
98.85
98.85
98.85
98.85
98.85
98.85
98.85
98.85
98.85
98.85
98.85
98.68
98.68
98.68
98.68
98.68
98.68
98.68
98.68
98.66
98.66
98.66
98.66
98.66
98.66
98.66
98.66
98.66
98.66
98.66
98.50
98.50
98.50
98.50
98.50
98.50
98.50
98.35
98.35
98.35
98.35
98.35
98.35
98.35
98.35
98.35
98.06
98.06
98.06
98.06
98.26
98.26
98.26
98.26
98.26
98.26
98.26
98.37
98.37
98.37
98.37
98.37
98.37
98.37
98.37
98.37
98.00
98.00
98.00
98.00
98.40
98.40
98.40
98.40
98.40
98.40
98.40
98.40
98.40
98.56
98.56
98.56
98.56
98.56
98.65
98.65
98.65
98.65
98.65
98.65
98.61
98.61
98.61
98.61
98.61
98.60
98.60
98.60
98.60
98.60
98.60
98.60
98.60
98.51
98.51
98.51
98.51
98.51
98.51
98.67
98.67
98.67
98.67
98.67
98.67
98.67
98.67
98.67
98.67
98.47
98.47
98.47
98.47
98.55
98.55
98.55
98.55
98.55
98.59
98.59
98.59
98.59
98.59
98.59
98.59
98.35
98.35
98.35
98.35
98.35
98.35
98.35
98.35
98.43
98.43
98.43
98.43
98.43
98.43
98.43
98.43
98.30
98.30
98.30
98.30
98.72
98.72
98.72
98.72
98.72
98.72
98.72
98.72
98.68
98.68
98.68
98.68
98.68
98.68
98.68
98.68
98.68
98.68
98.68
98.68
