98.84
98.84
98.84
98.84
98.84
98.84
98.84
98.84
98.84
98.84
98.84
98.84
98.38
98.38
98.38
98.38
98.38
98.38
98.65
98.65
98.65
98.65
98.65
98.65
98.65
98.65
98.65
98.65
98.65
98.68
98.68
98.68
98.68
98.68
98.68
98.68
98.68
98.08
98.08
98.08
98.08
98.08
98.08
98.08
98.08
98.08
98.18
98.18
98.18
98.18
98.18
98.18
98.18
98.18
98.18
98.14
98.14
98.14
98.14
98.14
98.14
98.14
98.14
97.32
97.32
97.32
97.32
97.32
97.32
97.32
98.44
98.44
98.44
98.44
98.44
98.44
98.44
98.44
98.44
98.68
98.68
98.68
98.68
98.68
98.68
98.68
98.68
98.68
98.68
98.68
98.68
98.58
98.58
98.58
98.58
98.58
98.58
98.58
98.58
98.50
98.50
98.50
98.50
98.50
98.50
98.50
98.50
98.50
98.50
98.50
98.74
98.74
98.74
98.74
98.74
98.74
98.74
98.74
98.74
98.79
98.79
98.79
98.79
98.79
98.79
98.79
98.79
98.66
98.66
98.66
98.66
98.66
98.66
98.66
98.66
98.66
98.55
98.55
98.55
98.55
98.55
98.55
98.55
98.55
98.55
98.55
98.67
98.67
98.67
98.67
98.67
98.67
98.67
98.67
98.67
98.67
98.67
98.72
98.72
98.72
98.72
98.72
98.72
98.72
98.72
98.22
98.22
98.22
98.22
98.22
98.22
98.22
98.22
98.06
98.06
98.06
98.06
98.06
98.06
98.06
98.06
98.06
97.62
97.62
97.62
97.62
97.62
97.62
97.62
97.62
97.62
97.03
97.03
97.03
97.03
97.03
97.03
97.03
97.03
97.03
95.17
95.17
95.17
95.17
95.17
91.24
91.24
91.24
91.24
91.24
91.24
91.24
91.24
88.36
88.36
88.36
88.36
90.35
90.35
90.35
90.35
90.35
90.35
90.35
90.35
90.35
90.35
90.35
94.88
94.88
94.88
94.88
96.41
96.41
96.41
96.41
96.41
98.20
98.20
98.20
98.20
98.20
98.20
98.20
98.20
98.30
98.30
98.30
98.30
98.30
98.30
98.30
98.30
98.78
98.78
98.78
98.78
98.78
98.78
98.78
98.88
98.88
98.88
98.88
98.88
98.88
98.88
98.88
98.90
98.90
98.90
98.90
98.90
98.90
98.90
98.90
98.90
98.90
98.90
98.87
98.87
98.87
98.87
98.87
98.87
98.87
98.87
98.87
98.87
98.65
98.65
98.65
98.65
98.65
98.65
98.49
98.49
98.49
98.49
98.49
98.49
98.49
98.49
98.07
98.07
98.07
98.07
98.07
98.07
98.07
98.07
97.83
97.83
97.83
97.83
97.83
97.83
96.40
96.40
96.40
96.40
96.40
96.40
96.40
96.40
96.40
97.13
97.13
97.13
97.13
97.13
97.13
97.13
97.13
97.13
98.41
98.41
98.41
98.41
98.41
98.41
98.41
98.41
98.41
98.41
98.41
98.43
98.43
98.43
98.43
97.77
97.77
97.77
97.77
97.77
97.77
97.77
97.93
97.93
97.93
97.93
97.93
97.93
98.66
98.66
98.66
98.66
98.66
98.12
98.12
98.12
98.12
98.12
96.21
96.21
96.21
96.21
96.21
96.21
96.21
96.21
97.18
97.18
97.18
97.18
97.18
97.18
97.18
97.18
97.65
97.65
97.65
97.65
97.65
97.65
97.65
97.65
95.79
95.79
95.79
95.79
95.79
95.79
95.79
95.79
94.60
94.60
94.60
94.60
94.60
94.60
94.60
94.60
94.60
94.60
94.60
