95.58
95.58
95.58
95.58
95.58
95.58
95.58
95.58
95.58
95.58
95.58
95.58
92.76
92.76
92.76
92.76
92.76
92.76
92.76
92.76
91.19
91.19
91.19
91.19
91.19
91.19
91.19
91.19
94.40
94.40
94.40
94.40
94.40
94.40
94.40
94.40
97.21
97.21
97.21
97.21
97.21
97.21
97.21
97.21
97.21
97.98
97.98
97.98
97.98
97.98
97.98
97.98
97.98
97.98
97.98
97.95
97.95
97.95
97.95
97.95
97.95
97.95
97.95
98.32
98.32
98.32
98.32
98.32
98.32
98.32
97.55
97.55
97.55
97.55
98.25
98.25
98.25
98.25
98.25
98.25
98.25
98.25
98.25
98.25
98.25
98.25
96.26
96.26
96.26
96.26
96.26
96.26
96.26
95.07
95.07
95.07
95.07
95.07
95.07
95.07
95.07
95.07
92.53
92.53
92.53
92.53
92.53
92.53
92.53
92.53
92.14
92.14
92.14
92.14
93.60
93.60
93.60
93.60
93.60
93.60
93.60
93.60
96.21
96.21
96.21
96.21
96.21
95.23
95.23
95.23
95.23
95.23
95.23
95.23
95.23
95.23
95.23
95.23
92.24
92.24
92.24
92.24
92.24
92.24
92.24
92.24
90.65
90.65
90.65
90.65
90.65
90.65
90.65
90.65
93.63
93.63
93.63
93.63
93.63
93.63
93.63
93.63
95.79
95.79
95.79
95.79
95.79
95.79
95.79
95.79
98.26
98.26
98.26
98.26
98.26
98.26
98.26
98.26
98.26
98.26
98.26
98.20
98.20
98.20
98.20
98.20
98.20
98.20
98.20
98.18
98.18
98.18
98.18
98.18
98.18
98.18
98.18
97.93
97.93
97.93
97.93
97.93
97.93
97.93
97.93
97.93
97.93
97.93
97.83
97.83
97.83
97.83
97.83
97.83
97.83
