93.44
93.44
93.44
93.44
93.44
93.44
95.04
95.04
95.04
95.04
95.04
95.04
96.62
96.62
96.62
96.62
96.62
96.62
96.62
96.87
96.87
96.87
96.87
96.87
96.87
96.87
96.87
96.94
96.94
96.94
96.94
96.94
96.94
96.94
95.65
95.65
95.65
95.65
95.65
95.65
95.65
95.65
95.65
95.65
95.65
95.65
93.46
93.46
93.46
93.46
93.46
93.46
93.46
96.46
96.46
96.46
96.46
96.46
96.46
96.46
96.46
97.05
97.05
97.05
97.05
97.05
97.62
97.62
97.62
97.62
97.62
97.62
97.62
97.62
97.62
97.48
97.48
97.48
97.48
97.48
97.48
97.48
97.48
97.29
97.29
97.29
97.29
97.29
97.29
97.29
96.56
96.56
96.56
96.56
96.56
96.56
96.56
95.73
95.73
95.73
95.73
96.44
96.44
96.44
96.44
96.44
96.44
96.44
96.44
87.63
87.63
87.63
87.63
87.63
87.63
87.63
87.63
92.67
92.67
92.67
92.67
96.26
96.26
96.26
96.26
96.26
96.26
96.26
96.26
96.26
98.23
98.23
98.23
98.23
98.23
98.54
98.54
98.54
98.54
98.54
98.54
98.54
98.54
98.62
98.62
98.62
98.62
98.62
98.62
98.62
98.62
98.62
98.62
98.56
98.56
98.56
98.56
98.56
98.56
98.56
98.56
