0.91
0.90
0.89
0.90
0.88
0.88
0.87
0.86
0.86
0.86
0.86
0.84
0.84
0.78
0.75
0.67
0.70
0.86
0.86
0.87
0.85
0.86
0.80
0.77
0.69
0.64
0.88
0.88
0.89
0.85
0.87
0.77
0.71
0.71
0.91
0.91
0.91
0.89
0.90
0.83
0.82
0.72
0.93
0.93
0.93
0.91
0.91
0.81
0.80
0.94
0.94
0.94
0.94
0.93
0.94
0.93
0.93
0.93
0.93
0.90
0.93
0.94
0.94
0.94
0.92
0.93
0.79
0.82
0.94
0.94
0.93
0.93
0.90
0.95
0.92
0.91
0.90
0.88
0.86
0.81
0.74
0.71
0.73
0.71
0.93
0.92
0.91
0.90
0.87
0.84
0.77
0.70
0.60
0.53
0.73
0.91
0.91
0.91
0.87
0.89
0.78
0.71
0.76
0.92
0.92
0.92
0.90
0.89
0.86
0.82
0.82
0.77
0.92
0.92
0.91
0.89
0.88
0.80
0.73
0.72
0.93
0.94
0.93
0.93
0.92
0.93
0.93
0.93
0.94
0.92
0.93
0.87
0.86
0.82
0.95
0.95
0.95
0.95
0.94
0.93
0.92
0.90
0.95
0.95
0.95
0.93
0.94
0.89
0.85
0.83
0.93
0.93
0.93
0.91
0.91
0.80
0.76
0.70
0.63
0.93
0.93
0.93
0.92
0.92
0.82
0.81
0.94
0.94
0.94
0.93
0.93
0.88
0.89
0.94
0.94
0.94
0.93
0.92
0.90
0.87
0.86
0.72
0.68
0.84
0.94
0.93
0.93
0.92
0.91
0.86
0.80
0.80
0.94
0.94
0.93
0.92
0.92
0.86
0.81
0.77
0.61
0.56
0.74
0.95
0.95
0.95
0.94
0.94
0.95
0.95
0.95
0.96
0.95
0.95
0.88
0.82
0.76
0.81
0.95
0.95
0.95
0.95
0.95
0.92
0.87
0.87
0.88
0.88
0.76
0.87
