98.12
98.12
98.12
98.12
98.12
98.12
98.12
98.12
97.38
97.38
97.38
97.38
97.38
97.38
97.38
97.38
97.38
97.88
97.88
97.88
97.88
97.88
97.88
97.88
97.88
97.88
98.12
98.12
98.12
98.12
98.12
98.12
98.12
98.12
98.00
98.00
98.00
98.00
98.00
98.00
98.00
98.19
98.19
98.19
98.19
98.19
98.19
98.19
98.19
98.19
98.56
98.56
98.56
98.56
98.56
98.56
98.56
98.56
98.56
98.56
98.56
98.56
98.56
98.56
98.56
98.56
98.69
98.69
98.69
98.69
98.69
98.69
98.69
98.69
98.69
98.69
98.69
97.94
97.94
97.94
97.94
97.94
97.94
97.94
97.94
97.94
97.75
97.75
97.75
97.75
97.75
97.75
97.75
94.25
94.25
94.25
94.25
92.62
92.62
92.62
92.62
92.62
92.62
92.62
92.62
92.62
87.56
87.56
87.56
87.56
87.56
82.12
82.12
82.12
82.12
82.12
82.12
82.12
82.12
82.12
79.31
79.31
79.31
79.31
79.31
79.31
79.31
79.31
79.31
79.31
79.31
75.38
75.38
75.38
75.38
88.19
88.19
88.19
88.19
88.19
88.19
88.19
88.19
92.31
92.31
92.31
92.31
92.31
92.31
92.31
92.31
92.31
92.31
92.31
96.31
96.31
96.31
96.31
96.31
96.31
96.31
97.19
97.19
97.19
97.19
97.19
97.19
97.19
98.44
98.44
98.44
98.44
98.44
98.44
98.44
98.44
98.44
98.44
98.44
98.44
98.31
98.31
98.31
98.31
98.31
98.75
98.75
98.75
98.75
98.75
98.75
98.75
98.75
