92.11
92.11
92.11
92.11
92.11
92.11
91.17
91.17
91.17
91.17
91.17
91.17
91.17
92.67
92.67
92.67
92.67
92.67
92.67
92.67
92.67
92.67
94.55
94.55
94.55
94.55
94.55
94.55
94.55
94.55
94.83
94.83
94.83
94.83
94.83
94.83
94.83
94.83
94.83
94.83
94.83
96.31
96.31
96.31
96.31
96.31
96.31
96.31
96.31
95.02
95.02
95.02
95.02
95.02
95.02
95.02
95.02
94.84
94.84
94.84
94.84
94.84
94.84
94.84
94.84
93.95
93.95
93.95
93.95
93.95
93.95
93.95
93.95
93.95
90.97
90.97
90.97
90.97
90.97
90.97
90.97
90.97
90.97
85.62
85.62
85.62
85.62
85.62
85.62
85.62
85.62
85.62
80.04
80.04
80.04
80.04
80.04
80.04
80.04
80.04
86.94
86.94
86.94
86.94
86.94
86.94
86.94
86.94
86.94
86.53
86.53
86.53
86.53
86.53
86.53
86.53
86.53
86.53
85.16
85.16
85.16
85.16
85.16
86.36
86.36
86.36
86.36
86.36
86.36
86.36
86.36
86.36
86.36
86.36
91.38
91.38
91.38
91.38
91.38
91.38
91.38
92.89
92.89
92.89
92.89
92.89
92.89
93.01
93.01
93.01
93.01
93.01
93.01
93.01
93.01
93.01
93.01
93.01
92.46
92.46
92.46
92.46
92.46
92.46
92.46
92.46
92.46
93.21
93.21
93.21
93.21
93.21
93.21
93.21
93.21
93.21
93.33
93.33
93.33
93.33
93.33
93.33
93.33
93.33
93.33
94.70
94.70
94.70
94.70
94.70
94.70
94.70
95.22
95.22
95.22
95.22
95.22
95.22
95.22
95.22
93.74
93.74
93.74
93.74
93.74
93.74
93.74
93.74
93.74
92.50
92.50
92.50
92.50
92.50
92.50
92.50
