91.27
91.27
91.27
91.27
91.27
91.27
91.27
91.27
91.27
91.27
91.27
86.05
86.05
86.05
86.05
86.05
86.05
86.05
83.58
83.58
83.58
83.58
83.58
83.58
83.58
83.58
83.17
83.17
83.17
83.17
83.17
83.17
83.17
83.17
73.44
73.44
73.44
73.44
73.44
73.44
73.44
73.44
73.17
73.17
73.17
73.17
76.91
76.91
76.91
76.91
76.91
76.91
76.91
76.91
76.91
80.75
80.75
80.75
80.75
80.75
80.75
80.75
80.75
80.75
89.89
89.89
89.89
89.89
89.89
89.89
92.92
92.92
92.92
92.92
92.92
92.92
92.92
92.92
95.02
95.02
95.02
95.02
95.02
95.02
95.02
95.02
95.02
95.19
95.19
95.19
95.19
96.31
96.31
96.31
96.31
96.31
96.31
96.31
96.31
96.31
95.85
95.85
95.85
95.85
95.85
95.85
95.85
95.85
95.22
95.22
95.22
95.22
95.22
95.22
95.22
95.22
95.22
95.22
95.22
95.12
95.12
95.12
95.12
95.12
95.12
95.12
95.12
95.12
95.12
95.12
95.12
95.12
95.12
94.89
94.89
94.89
94.89
94.89
94.89
94.89
94.89
94.89
93.08
93.08
93.08
93.08
93.08
91.29
91.29
91.29
91.29
91.29
91.29
91.29
91.29
91.29
86.61
86.61
86.61
86.61
86.61
86.61
86.61
86.61
86.61
87.23
87.23
87.23
87.23
87.23
85.70
85.70
85.70
85.70
85.70
85.70
85.70
87.72
87.72
87.72
87.72
87.72
87.72
90.44
90.44
90.44
90.44
90.44
90.44
91.54
91.54
91.54
91.54
91.54
91.54
91.54
91.54
91.54
91.57
91.57
91.57
91.57
91.57
91.57
92.92
92.92
92.92
92.92
92.92
92.92
92.92
92.92
92.92
92.92
92.92
92.92
92.92
92.92
94.73
94.73
94.73
94.73
94.73
94.73
94.73
94.73
95.81
95.81
95.81
95.81
95.81
95.81
95.81
95.44
95.44
95.44
95.44
95.44
95.44
95.44
95.44
95.44
95.44
95.44
94.71
94.71
94.71
94.71
94.71
94.71
92.24
92.24
92.24
92.24
92.24
92.24
92.24
92.24
90.37
90.37
90.37
90.37
90.37
90.37
90.37
90.37
90.37
85.44
85.44
85.44
85.44
85.44
85.44
85.44
85.44
83.10
83.10
83.10
83.10
83.10
83.10
83.10
83.10
83.10
90.06
90.06
90.06
90.06
90.06
90.06
90.06
90.06
90.06
92.32
92.32
92.32
92.32
92.32
92.32
92.32
93.18
93.18
93.18
93.18
93.18
93.18
93.74
93.74
93.74
93.74
93.74
93.74
93.74
91.70
91.70
91.70
91.70
91.70
91.70
91.70
91.70
91.70
91.55
91.55
91.55
91.55
91.55
91.55
91.55
91.55
91.55
89.78
89.78
89.78
89.78
89.78
89.78
86.25
86.25
86.25
86.25
86.25
86.25
86.25
