97.72
97.72
97.72
97.72
97.72
97.72
98.26
98.26
98.26
98.26
98.26
98.26
98.26
98.26
98.26
98.26
98.26
98.26
98.29
98.29
98.29
98.29
98.29
98.29
98.29
98.19
98.19
98.19
98.19
98.19
98.15
98.15
98.15
98.15
98.15
98.15
98.15
98.01
98.01
98.01
98.01
98.01
98.01
98.01
97.96
97.96
97.96
97.96
97.96
97.96
97.96
97.04
97.04
97.04
97.04
96.74
96.74
96.74
96.74
96.74
96.74
96.74
96.74
96.03
96.03
96.03
96.03
96.03
96.03
96.03
95.52
95.52
95.52
95.52
95.52
96.57
96.57
96.57
96.57
97.73
97.73
97.73
97.73
97.73
97.73
97.73
97.73
97.89
97.89
97.89
97.89
97.89
97.89
97.89
97.96
97.96
97.96
97.96
97.96
97.96
97.96
97.93
97.93
97.93
97.93
97.93
97.93
97.93
97.93
97.92
97.92
97.92
97.92
97.92
97.92
97.92
97.89
97.89
97.89
97.89
97.89
97.89
97.89
97.06
97.06
97.06
97.06
97.06
97.06
97.06
97.06
97.06
96.02
96.02
96.02
96.02
96.02
96.02
96.02
92.89
92.89
92.89
92.89
92.89
92.89
92.89
92.89
90.28
90.28
90.28
90.28
90.28
90.28
90.28
94.65
94.65
94.65
94.65
94.65
94.65
94.65
94.65
95.56
95.56
95.56
95.56
95.56
95.56
95.56
95.56
96.25
96.25
96.25
96.25
96.25
96.25
96.25
96.25
93.83
93.83
93.83
93.83
93.83
93.83
95.28
95.28
95.28
95.28
95.28
95.28
95.28
96.79
96.79
96.79
96.79
96.79
96.79
96.79
96.79
96.83
96.83
96.83
96.83
96.83
96.83
96.83
96.83
96.83
