98.71
98.71
98.71
98.71
98.71
98.71
98.71
98.71
98.71
98.71
98.43
98.43
98.43
98.43
98.43
98.71
98.71
98.71
98.71
98.71
98.71
98.71
98.71
97.74
97.74
97.74
97.74
97.74
97.74
97.74
97.74
97.74
98.28
98.28
98.28
98.28
98.28
98.28
98.28
98.40
98.40
98.40
98.40
98.56
98.56
98.56
98.56
98.82
98.82
98.82
98.82
98.82
98.82
98.82
98.82
98.82
98.82
98.82
98.82
98.93
98.93
98.93
98.93
98.93
98.86
98.86
98.86
98.86
98.86
98.86
98.86
98.86
98.86
98.86
98.86
98.84
98.84
98.84
98.84
98.84
98.84
98.84
98.84
98.56
98.56
98.56
98.56
98.56
98.56
98.56
98.14
98.14
98.14
98.14
98.14
98.14
98.14
96.89
96.89
96.89
96.89
97.75
97.75
97.75
97.75
97.75
97.12
97.12
97.12
97.12
97.12
97.12
97.12
97.12
