93.25
93.25
93.25
93.25
93.25
93.25
93.25
93.25
93.25
94.00
94.00
94.00
94.00
94.00
94.00
94.00
94.00
94.69
94.69
94.69
94.69
94.69
94.69
94.69
94.69
95.50
95.50
95.50
95.50
95.50
95.50
95.50
95.50
96.12
96.12
96.12
96.12
96.12
96.12
96.12
96.12
96.12
96.12
96.94
96.94
96.94
96.94
96.94
96.94
96.94
96.94
96.25
96.25
96.25
96.25
96.25
96.25
95.25
95.25
95.25
95.25
95.25
95.25
95.25
95.25
95.25
96.38
96.38
96.38
96.38
96.38
96.38
96.38
96.38
96.38
96.38
96.38
95.50
95.50
95.50
95.50
95.50
95.50
95.50
95.50
93.56
93.56
93.56
93.56
93.56
93.56
93.56
93.56
93.56
92.44
92.44
92.44
92.44
92.44
92.44
92.44
92.44
90.62
90.62
90.62
90.62
90.62
90.62
90.62
90.62
86.62
86.62
86.62
86.62
86.62
84.75
84.75
84.75
84.75
73.69
73.69
73.69
73.69
73.69
73.69
73.69
73.69
73.69
73.56
73.56
73.56
73.56
85.06
85.06
85.06
85.06
85.06
85.06
85.06
85.06
90.56
90.56
90.56
90.56
90.56
90.56
90.56
90.56
90.56
96.12
96.12
96.12
96.12
96.12
95.94
95.94
95.94
95.94
95.94
95.94
95.94
95.94
95.94
95.94
95.94
94.56
94.56
94.56
94.56
94.56
94.56
94.56
94.56
94.56
91.00
91.00
91.00
91.00
91.00
91.00
91.00
91.00
83.62
83.62
83.62
83.62
79.31
79.31
79.31
79.31
79.31
79.31
79.31
79.31
79.31
79.31
79.31
88.06
88.06
88.06
88.06
88.06
88.06
88.06
88.06
94.69
94.69
94.69
94.69
94.69
94.69
94.69
94.69
94.69
94.69
94.69
97.75
97.75
97.75
97.75
97.75
97.75
97.75
97.75
97.75
97.75
97.75
97.19
97.19
97.19
97.19
97.19
96.31
96.31
96.31
96.31
96.31
96.31
96.31
96.31
93.19
93.19
93.19
93.19
93.19
93.19
93.19
93.19
92.19
92.19
92.19
92.19
92.19
92.19
