97.87
97.87
97.87
97.87
97.87
97.87
97.87
97.87
97.89
97.89
97.89
97.89
97.89
97.64
97.64
97.64
97.64
97.64
97.64
97.64
97.64
97.64
98.31
98.31
98.31
98.31
98.31
98.20
98.20
98.20
98.20
98.20
98.20
98.20
98.20
97.51
97.51
97.51
97.51
97.51
97.51
97.51
97.51
97.29
97.29
97.29
97.29
97.29
98.26
98.26
98.26
98.26
98.26
98.26
98.26
98.26
98.26
98.26
98.26
98.26
98.26
98.26
97.07
97.07
97.07
97.07
97.07
97.07
97.07
97.07
96.28
96.28
96.28
96.28
96.28
96.28
96.28
96.28
96.28
96.30
96.30
96.30
96.30
96.30
96.30
96.30
96.30
96.30
96.30
96.30
95.25
95.25
95.25
95.25
95.25
95.25
95.25
96.34
96.34
96.34
96.34
96.34
96.34
96.34
96.34
96.34
96.34
96.34
96.34
96.62
96.62
96.62
96.62
96.62
97.13
97.13
97.13
97.13
97.13
97.13
97.13
98.37
98.37
98.37
98.37
98.37
98.37
98.37
98.37
98.37
98.37
98.45
98.45
98.45
98.45
98.45
98.45
98.45
98.43
98.43
98.43
98.43
98.43
98.43
98.43
98.43
97.85
97.85
97.85
97.85
97.85
97.85
97.76
97.76
97.76
97.76
97.76
97.76
97.13
97.13
97.13
97.13
97.13
97.13
97.13
97.27
97.27
97.27
97.27
97.27
97.27
97.05
97.05
97.05
97.05
97.05
97.05
97.05
97.05
97.05
97.05
97.05
98.11
98.11
98.11
98.11
98.11
98.11
98.11
98.11
98.11
97.58
97.58
97.58
97.58
97.58
97.58
97.67
97.67
97.67
97.67
97.67
97.67
97.67
97.67
97.67
98.09
98.09
98.09
98.09
98.09
98.09
98.09
98.09
98.09
97.92
97.92
97.92
97.92
97.92
97.92
97.92
97.92
96.99
96.99
96.99
96.99
96.99
96.99
96.99
96.99
96.99
97.80
97.80
97.80
97.80
97.80
97.80
97.80
97.80
98.05
98.05
98.05
98.05
98.05
98.05
98.05
98.29
98.29
98.29
98.29
98.29
98.29
98.29
98.29
98.29
