0.96
0.96
0.97
0.96
0.96
0.97
0.97
0.97
0.97
0.97
0.84
0.78
0.97
0.97
0.97
0.97
0.97
0.96
0.95
0.94
0.94
0.93
0.92
0.96
0.96
0.96
0.96
0.95
0.92
0.91
0.87
0.94
0.94
0.93
0.92
0.91
0.76
0.75
0.92
0.91
0.89
0.89
0.85
0.86
0.86
0.88
0.88
0.87
0.85
0.85
0.80
0.72
0.74
0.87
0.88
0.85
0.85
0.80
0.85
0.80
0.83
0.85
0.87
0.70
0.83
0.84
0.86
0.81
0.82
0.74
0.77
0.69
0.74
0.80
0.83
0.83
0.79
0.81
0.80
0.85
0.84
0.84
0.81
0.81
0.72
0.68
0.65
0.62
0.85
0.85
0.85
0.83
0.83
0.74
0.86
0.87
0.86
0.82
0.82
0.75
0.90
0.91
0.91
0.90
0.91
0.89
0.92
0.92
0.93
0.92
0.92
0.89
0.87
0.86
0.86
0.93
0.93
0.93
0.91
0.93
0.79
0.73
0.71
0.67
0.93
0.93
0.93
0.91
0.93
0.80
0.73
0.61
0.69
0.93
0.93
0.94
0.92
0.94
0.88
0.85
0.84
0.83
0.95
0.95
0.95
0.94
0.94
0.92
0.92
0.95
0.95
0.95
0.94
0.94
0.85
0.80
0.72
0.64
0.94
0.94
0.94
0.93
0.94
0.89
0.86
0.83
0.85
0.95
0.95
0.95
0.95
0.95
0.95
0.95
0.95
0.95
0.93
0.91
0.89
0.85
0.95
0.95
0.95
0.94
0.95
0.89
0.79
0.79
0.95
0.95
0.96
0.95
0.95
0.92
0.88
0.87
0.96
0.96
0.96
0.95
0.95
0.96
0.96
0.96
0.95
0.95
0.93
0.91
0.91
0.96
0.96
0.96
0.95
0.96
0.93
0.87
0.87
0.96
0.96
0.96
0.95
0.95
0.96
0.96
0.95
0.94
0.95
0.86
0.80
0.77
0.64
0.59
0.73
0.96
0.95
0.95
0.94
0.95
0.83
0.77
0.74
0.59
0.53
0.69
0.95
0.95
0.95
0.94
0.94
0.92
0.88
0.88
0.95
0.94
0.95
0.94
0.95
0.95
0.95
0.94
0.94
0.88
0.78
0.77
0.96
0.95
0.96
0.94
0.95
0.79
0.66
0.61
0.61
0.59
0.96
0.96
0.96
0.96
0.96
0.95
0.93
0.93
0.93
0.93
0.90
0.92
0.97
0.97
0.97
0.96
0.97
0.94
0.94
