98.44
98.44
98.44
98.44
98.44
98.44
98.31
98.31
98.31
98.31
98.31
98.31
98.31
98.31
98.31
98.31
98.31
98.31
98.06
98.06
98.06
98.06
98.06
98.06
98.06
98.06
98.06
98.25
98.25
98.25
98.25
98.25
98.25
98.25
98.25
97.38
97.38
97.38
97.38
97.38
97.38
96.62
96.62
96.62
96.62
96.62
96.62
96.62
97.56
97.56
97.56
97.56
97.56
97.56
97.56
97.56
97.56
98.12
98.12
98.12
98.12
98.12
98.12
98.12
98.12
98.31
98.31
98.31
98.31
98.31
98.31
98.31
98.31
98.31
98.31
98.31
97.81
97.81
97.81
97.81
97.19
97.19
97.19
97.19
97.19
97.19
97.19
97.19
92.81
92.81
92.81
92.81
92.81
92.81
92.81
92.81
92.81
93.94
93.94
93.94
93.94
93.94
93.94
93.44
93.44
93.44
93.44
93.44
93.44
93.44
93.44
93.44
93.44
93.44
93.44
92.06
92.06
92.06
92.06
92.06
92.06
87.31
87.31
87.31
87.31
87.31
87.31
87.31
87.31
88.44
88.44
88.44
88.44
88.44
88.44
88.44
88.44
89.62
89.62
89.62
89.62
89.62
87.06
87.06
87.06
87.06
87.06
87.06
87.06
87.06
84.69
84.69
84.69
84.69
84.69
84.69
84.69
84.69
84.69
82.81
82.81
82.81
82.81
81.38
81.38
81.38
81.38
78.56
78.56
78.56
78.56
78.56
78.56
78.56
74.75
74.75
74.75
74.75
74.75
74.75
74.75
76.81
76.81
76.81
76.81
76.81
76.81
76.81
76.81
76.81
83.88
83.88
83.88
83.88
83.88
83.88
83.88
83.88
83.88
