96.88
96.88
96.88
96.88
95.19
95.19
95.19
95.19
95.19
95.19
95.19
89.94
89.94
89.94
89.94
89.94
89.94
89.94
89.94
89.94
89.94
89.94
89.94
91.31
91.31
91.31
91.31
91.31
91.31
94.62
94.62
94.62
94.62
94.62
94.62
94.62
93.75
93.75
93.75
93.75
93.75
93.75
93.75
93.75
93.75
95.00
95.00
95.00
95.00
95.00
95.00
95.00
95.00
97.50
97.50
97.50
97.50
97.50
97.50
97.50
97.50
97.50
97.50
97.50
97.50
97.50
97.50
97.50
96.19
96.19
96.19
96.19
96.19
96.19
96.19
97.81
97.81
97.81
97.81
97.81
97.81
97.81
97.81
98.25
98.25
98.25
98.25
98.25
97.62
97.62
97.62
97.62
97.62
97.62
97.62
97.62
97.62
97.06
97.06
97.06
97.06
97.06
97.19
97.19
97.19
97.19
97.19
97.19
97.19
97.19
96.31
96.31
96.31
96.31
96.31
96.31
96.31
96.31
96.31
93.75
93.75
93.75
93.75
93.75
93.75
93.75
93.94
93.94
93.94
93.94
93.94
93.94
93.94
93.94
93.50
93.50
93.50
93.50
96.94
96.94
96.94
96.94
96.94
96.94
96.94
96.94
96.94
96.94
96.94
96.94
96.31
96.31
96.31
96.31
96.31
96.31
96.31
96.31
96.31
98.06
98.06
98.06
98.06
98.06
98.06
98.06
98.06
98.50
98.50
98.50
98.50
98.50
98.69
98.69
98.69
98.69
98.69
98.69
98.69
98.69
98.69
98.69
98.69
98.69
98.44
98.44
98.44
98.44
98.44
98.44
98.44
97.56
97.56
97.56
97.56
97.56
97.56
97.56
97.56
97.56
97.56
94.75
94.75
94.75
94.75
84.25
84.25
84.25
84.25
85.81
85.81
85.81
85.81
89.56
89.56
89.56
89.56
89.56
89.56
89.56
89.56
92.81
92.81
92.81
92.81
92.81
92.81
92.81
92.81
94.00
94.00
94.00
94.00
94.00
94.00
94.00
94.00
94.00
96.56
96.56
96.56
96.56
96.56
96.56
96.56
93.38
93.38
93.38
93.38
93.38
