98.88
98.88
98.88
98.88
98.88
98.88
98.88
98.88
98.85
98.85
98.85
98.85
98.85
98.85
98.85
98.85
98.85
98.85
98.85
98.85
98.85
98.85
98.85
98.85
98.85
98.85
98.83
98.83
98.83
98.83
98.83
98.83
98.83
98.83
98.93
98.93
98.93
98.93
98.93
98.93
98.93
98.97
98.97
98.97
98.97
98.97
98.97
98.97
98.96
98.96
98.96
98.96
98.96
98.96
98.96
98.96
98.97
98.97
98.97
98.97
98.97
98.97
98.97
98.86
98.86
98.86
98.86
98.86
98.86
98.86
98.86
98.21
98.21
98.21
98.21
98.21
98.21
98.21
95.57
95.57
95.57
95.57
95.57
95.57
93.82
93.82
93.82
93.82
93.82
93.82
93.82
93.82
93.82
93.82
93.82
95.13
95.13
95.13
95.13
96.68
96.68
96.68
96.68
96.68
96.68
96.68
98.33
98.33
98.33
98.33
98.33
98.33
98.33
98.33
98.81
98.81
98.81
98.81
98.81
98.81
98.81
98.79
98.79
98.79
98.79
98.79
98.79
98.79
98.79
98.76
98.76
98.76
98.76
98.76
98.76
98.76
98.81
98.81
98.81
98.81
98.81
98.81
98.81
98.81
98.89
98.89
98.89
98.89
98.89
98.90
98.90
98.90
98.90
98.90
98.90
98.90
98.90
98.90
98.90
98.90
98.90
98.90
98.90
98.90
98.88
98.88
98.88
98.88
98.88
98.88
98.88
98.88
98.88
98.88
98.88
98.92
98.92
98.92
98.92
98.89
98.89
98.89
98.89
98.89
98.89
98.89
98.89
98.81
98.81
98.81
98.81
98.81
98.81
98.81
98.81
98.73
98.73
98.73
98.73
98.73
98.73
98.63
98.63
98.63
98.63
98.85
98.85
98.85
98.85
98.85
98.85
98.85
98.85
98.85
98.93
98.93
98.93
98.93
98.93
98.93
98.93
98.93
98.93
98.93
98.93
98.93
98.93
98.93
98.93
98.93
98.93
98.93
98.93
98.89
98.89
98.89
98.89
98.95
98.95
98.95
98.95
98.95
98.95
98.95
98.95
98.95
98.95
98.95
98.95
98.95
98.95
98.95
98.95
98.95
98.79
98.79
98.79
98.79
98.79
98.79
98.79
98.79
98.56
98.56
98.56
98.56
98.56
98.56
98.56
98.56
96.72
96.72
96.72
96.72
96.72
96.72
96.72
97.36
97.36
97.36
97.36
97.36
97.36
97.36
97.36
97.36
97.36
97.36
97.36
