98.12
98.12
98.12
98.12
98.81
98.81
98.81
98.81
98.81
98.69
98.69
98.69
98.69
98.69
98.69
98.69
98.69
98.69
98.69
98.69
98.94
98.94
98.94
98.94
98.94
98.94
98.94
98.94
98.94
98.94
98.94
98.94
98.94
98.94
98.94
98.94
98.94
98.94
98.94
98.94
98.94
98.94
98.94
98.94
98.94
98.94
98.94
98.94
98.94
98.94
98.94
98.94
98.94
98.94
98.94
98.88
98.88
98.88
98.88
98.88
98.88
98.88
98.88
98.88
98.88
98.88
98.62
98.62
98.62
98.62
98.62
98.62
98.19
98.19
98.19
98.19
98.12
98.12
98.12
98.12
98.12
98.12
98.12
98.12
98.25
98.25
98.25
98.25
98.25
98.25
98.25
98.38
98.38
98.38
98.38
98.38
98.38
98.38
98.06
98.06
98.06
98.06
98.06
98.06
98.06
97.69
97.69
97.69
97.69
97.69
97.69
97.69
97.69
96.88
96.88
96.88
96.88
95.31
95.31
95.31
95.31
95.31
95.31
95.31
95.31
95.31
97.88
97.88
97.88
97.88
97.88
97.88
97.88
97.88
97.88
98.44
98.44
98.44
98.44
98.44
98.44
98.44
98.44
98.56
98.56
98.56
98.56
98.56
98.56
98.56
98.62
98.62
98.62
98.62
98.62
98.62
98.62
98.62
98.81
98.81
98.81
98.81
98.81
98.81
98.81
98.81
98.75
98.75
98.75
98.75
98.75
98.75
98.75
98.75
98.75
98.75
98.75
98.75
98.75
98.75
98.75
98.75
98.75
98.81
98.81
98.81
98.81
98.81
98.81
98.81
98.81
98.88
98.88
98.88
98.88
98.88
98.88
98.88
98.88
98.88
98.88
98.88
98.88
98.88
98.81
98.81
98.81
98.81
98.81
98.81
98.81
98.81
98.81
98.88
98.88
98.88
98.88
98.88
98.88
98.88
98.81
98.81
98.81
98.81
98.81
98.38
98.38
98.38
98.38
98.38
98.38
98.38
98.38
98.50
98.50
98.50
98.50
98.50
98.50
98.50
98.50
98.50
