97.23
97.23
97.23
97.23
97.23
97.23
97.23
97.23
97.23
97.98
97.98
97.98
97.98
97.98
97.98
97.98
98.14
98.14
98.14
98.14
98.14
98.14
98.14
98.15
98.15
98.15
98.15
98.15
98.15
98.15
98.15
98.15
98.43
98.43
98.43
98.43
98.43
98.43
98.43
98.37
98.37
98.37
98.37
98.37
98.37
98.37
98.58
98.58
98.58
98.58
98.58
98.58
98.52
98.52
98.52
98.52
98.52
98.52
98.52
98.28
98.28
98.28
98.28
98.28
98.28
98.28
98.28
98.40
98.40
98.40
98.40
98.40
98.40
98.40
98.40
97.86
97.86
97.86
97.86
97.86
98.63
98.63
98.63
98.63
98.63
98.63
98.63
98.57
98.57
98.57
98.57
98.57
98.57
98.57
98.57
98.57
98.57
98.57
98.57
98.53
98.53
98.53
98.53
98.53
98.53
98.53
98.53
98.53
98.71
98.71
98.71
98.71
98.71
98.71
98.71
98.72
98.72
98.72
98.72
98.72
98.72
98.72
