93.33
93.33
93.33
93.33
93.33
93.33
94.37
94.37
94.37
94.37
94.37
94.37
94.37
94.37
94.37
94.37
96.81
96.81
96.81
96.81
96.81
95.59
95.59
95.59
95.59
95.59
95.59
95.59
95.59
95.59
95.59
95.59
95.59
93.59
93.59
93.59
93.59
93.59
93.59
93.59
93.59
95.23
95.23
95.23
95.23
95.23
95.23
95.23
95.23
95.93
95.93
95.93
95.93
95.93
94.49
94.49
94.49
94.49
91.69
91.69
91.69
91.69
91.69
91.69
91.69
91.69
93.64
93.64
93.64
93.64
93.64
94.89
94.89
94.89
94.89
94.89
94.89
94.89
94.89
94.89
96.30
96.30
96.30
96.30
96.30
97.78
97.78
97.78
97.78
97.78
97.78
97.78
98.20
98.20
98.20
98.20
98.20
98.20
98.20
98.20
98.36
98.36
98.36
98.36
98.36
98.36
98.36
98.36
98.36
98.36
97.48
97.48
97.48
97.48
97.48
97.48
97.48
95.62
95.62
95.62
95.62
95.62
95.62
95.62
95.62
92.72
92.72
92.72
92.72
92.72
92.72
90.63
90.63
90.63
90.63
90.63
85.93
85.93
85.93
85.93
85.93
85.93
85.93
85.93
85.93
85.93
78.03
78.03
78.03
78.03
78.03
78.03
78.03
