64.61
64.61
64.61
64.61
64.61
64.61
64.61
64.61
90.73
90.73
90.73
90.73
90.73
90.73
97.95
97.95
97.95
97.95
97.95
97.95
97.95
97.95
97.95
97.95
97.95
97.95
98.33
98.33
98.33
98.33
98.33
98.33
98.33
98.33
98.33
98.75
98.75
98.75
98.75
98.75
98.75
98.75
98.75
98.75
98.75
98.75
98.75
98.80
98.80
98.80
98.80
98.80
98.80
98.80
98.72
98.72
98.72
98.72
98.72
98.72
98.72
98.72
98.72
98.72
98.72
98.72
98.72
98.72
98.72
98.57
98.57
98.57
98.57
98.57
98.57
98.57
98.67
98.67
98.67
98.67
98.67
98.67
98.67
98.65
98.65
98.65
98.65
98.65
98.65
98.65
98.65
98.14
98.14
98.14
98.14
98.14
98.14
98.14
98.14
98.82
98.82
98.82
98.82
98.82
98.82
98.82
98.82
98.82
98.93
98.93
98.93
98.93
98.93
98.93
98.93
98.90
98.90
98.90
98.90
98.90
98.92
98.92
98.92
98.92
98.92
98.92
98.92
98.90
98.90
98.90
98.90
98.90
98.90
98.90
98.90
98.91
98.91
98.91
98.91
98.91
98.91
98.91
98.91
98.91
98.84
98.84
98.84
98.84
98.84
98.84
98.84
98.84
98.84
98.84
98.84
98.62
98.62
98.62
98.62
98.62
98.62
98.62
98.62
98.60
98.60
98.60
98.60
98.60
98.60
98.60
98.60
98.60
98.60
98.60
98.60
97.51
97.51
97.51
97.51
97.78
97.78
97.78
97.78
97.78
97.78
97.78
97.78
97.78
97.78
97.78
98.37
98.37
98.37
98.37
98.37
98.37
98.37
98.37
98.37
98.42
98.42
98.42
98.42
98.42
98.42
98.42
98.42
98.77
98.77
98.77
98.77
98.77
98.77
98.77
98.77
98.75
98.75
98.75
98.75
98.75
98.81
98.81
98.81
98.81
98.81
98.81
98.81
98.81
98.53
98.53
98.53
98.53
98.53
98.53
