41.75
41.75
41.75
41.75
41.75
41.75
41.75
41.75
42.31
42.31
42.31
42.31
42.31
42.31
42.31
41.88
41.88
41.88
41.88
39.66
39.66
39.66
39.66
39.66
39.66
39.66
39.66
39.66
43.09
43.09
43.09
43.09
43.09
46.16
46.16
46.16
46.16
46.16
53.59
53.59
53.59
53.59
53.59
53.59
53.59
65.19
65.19
65.19
65.19
65.19
65.19
65.19
65.19
78.50
78.50
78.50
78.50
78.50
78.50
78.50
78.50
85.31
85.31
85.31
85.31
85.31
85.31
85.31
85.31
85.31
85.31
88.12
88.12
88.12
88.12
88.12
88.12
88.12
91.06
91.06
91.06
91.06
91.06
91.06
91.06
91.06
93.69
93.69
93.69
93.69
93.69
93.69
93.69
93.69
93.81
93.81
93.81
93.81
93.81
93.81
93.81
93.81
94.12
94.12
94.12
94.12
94.12
94.12
94.12
94.12
94.94
94.94
94.94
94.94
94.94
94.94
94.94
94.94
94.94
94.94
94.94
94.88
94.88
94.88
94.88
94.88
94.88
94.88
94.88
94.94
94.94
94.94
94.94
94.94
95.69
95.69
95.69
95.69
95.69
95.69
95.69
95.69
94.81
94.81
94.81
94.81
94.81
94.81
94.81
94.81
94.81
94.38
94.38
94.38
94.38
94.38
94.38
94.38
94.38
95.38
95.38
95.38
95.38
95.38
94.25
94.25
94.25
94.25
94.25
94.25
94.25
94.25
92.94
92.94
92.94
92.94
92.94
92.94
92.94
93.94
93.94
93.94
93.94
93.94
93.94
93.94
93.94
93.94
93.94
93.94
93.94
93.81
93.81
93.81
93.81
93.81
93.81
93.81
93.81
93.81
93.31
93.31
93.31
93.31
95.56
95.56
95.56
95.56
95.56
95.56
95.56
97.25
97.25
97.25
97.25
97.25
97.25
97.25
97.25
97.25
97.25
97.25
97.00
97.00
97.00
97.00
97.00
97.00
95.88
95.88
95.88
95.88
95.88
95.88
95.88
95.88
95.88
95.88
95.88
95.88
95.88
95.88
96.69
96.69
96.69
96.69
96.69
96.69
96.69
97.31
97.31
97.31
97.31
97.31
97.31
97.31
97.31
96.38
96.38
96.38
96.38
96.38
96.38
96.38
96.38
96.38
96.38
96.38
96.38
96.38
96.38
96.38
96.38
96.38
96.38
96.38
97.75
97.75
97.75
97.75
97.75
97.75
97.75
97.75
97.75
97.75
97.75
97.75
97.25
97.25
97.25
97.25
97.25
97.25
97.25
97.25
96.25
96.25
96.25
96.25
96.25
96.25
96.25
96.25
96.25
96.25
96.25
96.56
96.56
96.56
96.56
96.56
96.56
96.56
96.56
96.56
97.19
97.19
97.19
97.19
97.19
97.19
96.31
96.31
96.31
96.31
96.31
96.31
96.31
96.31
96.31
96.31
96.31
96.31
94.81
94.81
94.81
94.81
94.81
94.81
94.81
94.31
94.31
94.31
94.31
94.31
94.31
95.00
95.00
95.00
95.00
95.00
95.00
95.00
95.00
93.31
93.31
93.31
93.31
93.31
91.81
91.81
91.81
91.81
91.81
91.81
91.81
91.81
91.81
91.81
91.81
89.81
89.81
89.81
89.81
89.81
89.81
89.81
88.88
88.88
88.88
88.88
88.88
87.50
87.50
87.50
87.50
87.50
87.50
87.50
87.50
87.50
84.50
84.50
84.50
84.50
84.50
84.50
84.50
84.50
85.38
85.38
85.38
85.38
85.38
85.38
85.38
85.38
85.38
85.38
86.81
86.81
86.81
86.81
86.81
86.81
86.81
88.19
88.19
88.19
88.19
88.19
88.19
88.19
88.19
88.19
88.19
92.00
92.00
92.00
92.00
92.00
92.00
92.00
92.00
93.94
93.94
93.94
93.94
93.94
93.94
93.94
92.81
92.81
92.81
92.81
92.81
92.81
92.81
92.81
94.38
94.38
94.38
94.38
94.38
94.38
94.38
94.38
95.69
95.69
95.69
95.69
95.69
