98.88
98.88
98.88
98.88
98.88
98.92
98.92
98.92
98.92
98.92
98.90
98.90
98.90
98.90
98.90
98.86
98.86
98.86
98.86
98.86
98.86
98.86
98.86
98.86
98.86
98.86
98.86
98.69
98.69
98.69
98.69
98.69
98.69
98.69
98.04
98.04
98.04
98.04
98.04
98.04
98.04
98.04
98.04
98.04
98.04
96.95
96.95
96.95
96.95
98.08
98.08
98.08
98.08
98.08
98.08
98.08
98.08
98.65
98.65
98.65
98.65
98.65
98.65
98.65
98.65
98.65
98.65
98.65
98.65
98.79
98.79
98.79
98.79
98.79
98.79
98.79
98.83
98.83
98.83
98.83
98.83
98.83
98.83
98.83
98.83
98.83
98.83
98.90
98.90
98.90
98.90
98.90
98.90
98.90
98.90
98.83
98.83
98.83
98.83
98.79
98.79
98.79
98.79
98.79
98.79
98.79
98.79
98.79
98.79
98.79
98.79
98.11
98.11
98.11
98.11
98.11
98.11
98.11
98.11
98.11
