51.37
51.37
51.37
51.37
51.37
76.69
76.69
76.69
76.69
76.69
76.69
76.69
76.69
92.64
92.64
92.64
92.64
96.68
96.68
96.68
96.68
96.68
96.68
96.68
96.68
96.07
96.07
96.07
96.07
97.17
97.17
97.17
97.17
97.17
97.17
98.39
98.39
98.39
98.39
98.39
98.79
98.79
98.79
98.79
98.79
98.79
98.79
98.87
98.87
98.87
98.87
98.87
98.87
98.91
98.91
98.91
98.91
98.91
98.91
98.91
98.91
98.91
98.91
98.91
98.91
98.91
98.91
98.91
98.89
98.89
98.89
98.89
98.89
98.89
98.89
98.57
98.57
98.57
98.57
98.58
98.58
98.58
98.58
98.58
97.17
97.17
97.17
97.17
97.17
97.17
97.00
97.00
97.00
97.00
97.00
97.00
97.00
97.00
97.00
97.00
97.00
97.16
97.16
97.16
97.16
98.61
98.61
98.61
98.61
98.61
98.61
98.61
98.61
98.61
98.61
98.61
98.57
98.57
98.57
98.57
98.44
98.44
98.44
98.44
98.44
98.44
98.44
98.44
98.44
98.44
98.44
98.40
98.40
98.40
98.40
98.40
98.75
98.75
98.75
98.75
98.75
98.75
98.75
98.75
98.76
98.76
98.76
98.76
98.76
98.39
98.39
98.39
98.39
98.39
98.39
98.39
98.26
98.26
98.26
98.26
98.26
98.26
98.26
98.26
98.26
98.49
98.49
98.49
98.49
98.49
98.49
98.49
98.49
98.24
98.24
98.24
98.24
98.24
97.20
97.20
97.20
97.20
97.20
97.20
97.20
97.20
97.20
97.20
97.20
97.42
97.42
97.42
97.42
97.42
97.42
97.42
97.42
97.46
97.46
97.46
97.46
97.46
97.46
97.46
97.46
96.53
96.53
96.53
96.53
96.53
96.53
95.83
95.83
95.83
95.83
95.83
95.83
95.83
95.77
95.77
95.77
95.77
98.12
98.12
98.12
98.12
98.12
98.12
98.67
98.67
98.67
98.67
98.67
98.67
98.67
98.74
98.74
98.74
98.74
98.74
98.74
98.74
98.74
98.84
98.84
98.84
98.84
98.84
98.84
98.84
98.84
98.86
98.86
98.86
98.86
98.86
98.86
98.86
98.86
98.86
98.86
98.86
98.86
98.86
98.61
98.61
98.61
98.61
98.61
