0.77
0.77
0.79
0.74
0.76
0.68
0.60
0.56
0.82
0.83
0.84
0.81
0.84
0.75
0.75
0.72
0.86
0.87
0.87
0.85
0.84
0.84
0.84
0.82
0.83
0.74
0.71
0.62
0.66
0.83
0.83
0.84
0.81
0.83
0.76
0.73
0.66
0.55
0.52
0.65
0.88
0.88
0.89
0.88
0.88
0.86
0.85
0.84
0.88
0.88
0.88
0.87
0.86
0.83
0.82
0.79
0.73
0.84
0.84
0.84
0.82
0.83
0.75
0.72
0.64
0.67
0.83
0.84
0.84
0.82
0.84
0.80
0.77
0.77
0.77
0.76
0.73
0.74
0.87
0.88
0.87
0.87
0.86
0.87
0.87
0.86
0.82
0.81
0.86
0.88
0.87
0.86
0.85
0.85
0.81
0.80
0.73
0.70
0.84
0.83
0.83
0.81
0.82
0.73
0.69
0.65
0.63
0.85
0.85
0.85
0.83
0.84
0.76
0.74
0.68
0.64
0.88
0.88
0.88
0.86
0.90
0.91
0.90
0.89
0.88
0.84
0.78
0.79
0.83
0.81
0.74
0.82
0.92
0.93
0.93
0.91
0.92
0.85
0.92
0.92
0.93
0.89
0.92
0.77
0.68
0.68
0.94
0.94
0.94
0.92
0.93
0.74
0.94
0.94
0.94
0.92
0.93
0.82
0.78
0.76
0.76
0.93
0.94
0.93
0.93
0.92
0.90
0.86
0.86
0.94
0.94
0.94
0.93
0.93
0.95
0.94
0.94
0.92
0.93
0.79
0.74
0.73
0.71
0.93
0.93
0.93
0.92
0.91
0.85
0.82
0.81
0.75
0.93
0.94
0.92
0.92
0.90
0.93
0.93
0.92
0.90
0.92
0.92
0.92
0.91
0.90
0.84
0.84
0.92
0.93
0.93
0.90
0.92
0.92
0.93
0.92
0.91
0.91
0.84
0.81
0.79
0.73
0.93
0.93
0.93
0.91
0.92
0.76
0.93
0.93
0.93
0.92
0.92
0.90
0.86
0.87
0.87
0.87
0.81
0.85
0.92
0.93
0.92
0.91
0.91
0.85
0.78
0.79
0.93
0.93
0.92
0.91
0.91
0.79
0.93
0.92
0.92
0.91
0.91
0.76
0.91
0.91
0.90
0.90
0.89
0.81
0.80
0.78
0.90
0.90
0.88
0.88
0.86
0.85
0.84
0.85
0.86
0.91
0.90
0.89
0.88
0.86
0.83
0.80
0.74
0.60
0.57
0.74
0.86
0.86
0.86
0.82
0.83
0.73
0.64
0.65
0.89
0.89
0.88
0.87
0.85
0.82
0.76
0.76
0.88
0.87
0.87
0.84
0.84
0.75
0.72
0.66
0.70
0.86
0.85
0.84
0.82
0.80
0.70
0.71
0.85
0.85
0.86
0.81
0.83
0.73
0.67
0.67
0.87
0.88
0.87
0.86
0.86
0.81
0.80
