0.90
0.91
0.90
0.88
0.88
0.92
0.92
0.93
0.91
0.92
0.87
0.84
0.79
0.73
0.94
0.94
0.94
0.93
0.93
0.92
0.88
0.88
0.93
0.93
0.93
0.92
0.92
0.87
0.87
0.93
0.93
0.93
0.92
0.94
0.94
0.94
0.94
0.94
0.92
0.90
0.87
0.82
0.95
0.95
0.95
0.94
0.95
0.87
0.79
0.79
0.95
0.95
0.95
0.94
0.94
0.85
0.84
0.79
0.94
0.94
0.94
0.93
0.93
0.94
0.94
0.93
0.93
0.92
0.91
0.87
0.87
0.92
0.92
0.92
0.91
0.91
0.88
0.88
0.86
0.90
0.90
0.88
0.89
0.87
0.89
0.88
0.88
0.87
0.87
0.86
0.86
0.85
0.84
0.83
0.82
0.77
0.74
0.68
0.66
0.81
0.81
0.81
0.79
0.79
0.72
0.69
0.61
0.56
0.81
0.81
0.81
0.79
0.80
0.74
0.72
0.73
0.86
0.86
0.87
0.85
0.86
0.83
0.87
0.87
0.88
0.86
0.87
0.77
0.81
0.89
0.89
0.90
0.87
0.89
0.80
0.77
0.71
0.57
0.54
0.70
0.91
0.91
0.91
0.90
0.91
0.84
0.86
0.92
0.92
0.92
0.90
0.91
0.85
0.82
0.77
0.61
0.59
0.75
0.92
0.93
0.93
0.91
0.92
0.84
0.93
0.94
0.94
0.92
0.93
0.78
0.95
0.95
0.95
0.94
0.94
0.93
0.91
0.90
0.91
0.91
0.90
0.94
0.94
0.94
0.92
0.93
0.83
0.78
0.75
0.73
0.93
0.93
0.94
0.93
0.93
0.87
0.86
0.94
0.94
0.94
0.94
0.94
0.94
0.94
0.94
0.94
0.94
0.93
0.93
0.93
0.92
0.92
0.86
0.77
0.77
0.77
0.78
0.51
0.75
0.93
0.93
0.92
0.91
0.92
0.86
0.82
0.84
0.93
0.93
0.93
0.93
0.92
0.91
0.89
0.87
0.87
0.93
0.93
0.94
0.93
0.94
0.94
0.94
0.94
0.93
0.95
0.94
0.94
0.93
0.94
0.79
0.76
0.71
0.56
0.51
0.66
0.94
0.94
0.93
0.92
0.91
0.72
0.72
0.93
0.93
0.93
0.92
0.92
0.85
0.85
0.91
0.91
0.90
0.89
0.88
0.87
0.83
0.83
0.83
0.83
0.73
0.80
0.89
0.89
0.88
0.88
0.86
0.85
0.81
0.81
0.84
0.84
0.83
0.81
0.77
0.76
0.76
0.74
0.72
0.71
0.70
0.77
0.76
0.76
0.73
0.74
0.69
0.73
0.71
0.71
0.68
0.73
0.72
0.72
0.68
0.68
0.66
