0.85
0.85
0.85
0.82
0.84
0.84
0.85
0.82
0.82
0.75
0.70
0.75
0.88
0.89
0.89
0.87
0.88
0.84
0.92
0.92
0.92
0.91
0.91
0.88
0.86
0.85
0.85
0.94
0.94
0.94
0.94
0.94
0.93
0.92
0.92
0.92
0.92
0.91
0.95
0.95
0.95
0.94
0.94
0.95
0.95
0.95
0.94
0.94
0.95
0.95
0.95
0.95
0.94
0.94
0.93
0.93
0.92
0.92
0.90
0.92
0.94
0.93
0.93
0.92
0.92
0.79
0.94
0.93
0.93
0.92
0.92
0.83
0.84
0.95
0.95
0.95
0.95
0.95
0.96
0.96
0.96
0.95
0.95
0.89
0.89
0.95
0.95
0.95
0.95
0.94
0.92
0.91
0.88
0.94
0.93
0.93
0.91
0.92
0.92
0.92
0.91
0.91
0.83
0.87
0.95
0.95
0.95
0.93
0.95
0.83
0.79
0.76
0.64
0.59
0.70
0.95
0.95
0.95
0.94
0.95
0.92
0.90
