0.94
0.94
0.94
0.92
0.94
0.81
0.76
0.72
0.70
0.95
0.95
0.95
0.95
0.94
0.94
0.94
0.94
0.94
0.93
0.92
0.92
0.91
0.92
0.92
0.92
0.91
0.91
0.93
0.93
0.93
0.92
0.92
0.90
0.90
0.84
0.94
0.94
0.93
0.93
0.92
0.90
0.90
0.91
0.91
0.90
0.90
0.89
0.89
0.86
0.86
0.86
0.87
0.80
0.86
0.90
0.90
0.89
0.88
0.88
0.84
0.79
0.78
0.78
0.76
0.91
0.91
0.91
0.90
0.90
0.87
0.85
0.85
0.90
0.90
0.90
0.87
0.89
0.72
0.72
0.69
0.92
0.92
0.92
0.90
0.90
0.82
0.78
0.77
0.75
0.93
0.94
0.93
0.92
0.92
0.87
0.80
0.79
0.91
0.91
0.90
0.89
0.88
0.82
0.74
0.74
0.91
0.91
0.91
0.89
0.94
0.94
0.94
0.91
0.92
0.78
0.93
0.94
0.93
0.92
0.92
0.78
0.78
0.74
