0.97
0.97
0.97
0.97
0.97
0.94
0.91
0.90
0.97
0.97
0.97
0.97
0.96
0.96
0.94
0.94
0.93
0.93
0.92
0.96
0.96
0.96
0.96
0.96
0.90
0.85
0.83
0.81
0.97
0.97
0.97
0.97
0.97
0.92
0.79
0.78
0.98
0.98
0.98
0.97
0.97
0.96
0.92
0.92
0.91
0.94
0.96
0.94
0.95
0.95
0.97
0.97
0.97
0.97
0.97
0.89
0.97
0.97
0.97
0.96
0.97
0.96
0.93
0.93
0.93
0.92
0.91
0.97
0.97
0.97
0.97
0.97
0.97
0.97
0.97
0.97
0.97
0.95
0.95
0.96
0.96
0.96
0.96
0.96
0.88
0.96
0.96
0.96
0.96
0.96
0.97
0.97
0.96
0.96
0.95
0.95
0.95
0.93
0.96
0.96
0.95
0.95
0.94
0.94
0.92
0.91
0.94
0.94
0.94
0.93
0.94
0.94
0.94
0.94
0.93
0.94
0.93
0.92
0.92
0.91
0.91
0.80
0.91
0.91
0.92
0.90
0.91
0.82
0.74
0.71
0.74
0.70
0.93
0.93
0.94
0.93
0.93
0.92
0.94
0.94
0.94
0.92
0.93
0.83
0.72
0.72
0.93
0.93
0.93
0.92
0.93
0.79
0.79
0.93
0.93
0.93
0.92
0.93
0.95
0.95
0.95
0.94
0.94
0.93
0.90
0.90
0.90
0.91
0.95
0.95
0.94
0.94
0.93
0.89
0.86
0.84
0.84
0.94
0.94
0.94
0.93
0.93
0.87
0.79
0.77
0.79
0.78
0.94
0.94
0.94
0.93
0.94
0.88
0.88
0.95
0.95
0.95
0.95
0.94
0.95
0.94
0.93
0.94
0.94
0.94
0.93
0.93
0.83
0.80
0.75
0.62
0.58
0.69
0.94
0.93
0.93
0.92
0.92
0.77
0.78
