0.94
0.94
0.94
0.93
0.93
0.90
0.88
0.88
0.94
0.94
0.94
0.93
0.93
0.94
0.93
0.93
0.93
0.93
0.94
0.94
0.94
0.92
0.94
0.81
0.76
0.72
0.55
0.50
0.68
0.95
0.95
0.95
0.94
0.94
0.94
0.92
0.92
0.91
0.91
0.91
0.95
0.95
0.95
0.94
0.95
0.88
0.83
0.80
0.67
0.63
0.75
0.95
0.95
0.95
0.94
0.94
0.78
0.95
0.95
0.95
0.95
0.95
0.93
0.89
0.89
0.88
0.88
0.86
0.96
0.96
0.96
0.96
0.96
0.94
0.94
0.92
0.96
0.96
0.96
0.95
0.95
0.95
0.95
0.95
0.94
0.94
0.85
0.79
0.73
0.96
0.96
0.96
0.95
0.95
0.92
0.87
0.88
0.87
0.96
0.96
0.96
0.96
0.95
0.93
0.90
0.89
0.96
0.96
0.96
0.94
0.95
0.95
0.95
0.94
0.93
0.89
0.89
0.94
0.94
0.94
0.93
0.93
0.85
0.92
0.92
0.91
0.90
0.89
0.80
0.77
0.70
0.92
0.92
0.92
0.89
0.91
0.76
0.71
0.60
0.67
0.94
0.94
0.94
0.93
0.94
0.89
0.86
0.87
0.95
0.95
0.94
0.95
0.93
0.92
0.91
0.89
