0.96
0.96
0.96
0.95
0.95
0.89
0.82
0.83
0.97
0.97
0.98
0.97
0.98
0.98
0.98
0.98
0.97
0.98
0.97
0.97
0.96
0.96
0.96
0.93
0.95
0.75
0.66
0.66
0.95
0.95
0.96
0.96
0.98
0.98
0.98
0.98
0.98
0.97
0.96
0.96
0.97
0.97
0.96
0.97
0.96
0.94
0.94
0.94
0.93
0.94
0.89
0.88
0.87
0.95
0.96
0.96
0.95
0.96
0.92
0.93
0.97
0.98
0.97
0.98
0.97
0.97
0.97
0.97
0.96
0.96
0.95
0.95
0.94
0.92
0.92
0.94
0.95
0.95
0.94
0.95
0.89
0.88
0.86
0.97
0.97
0.97
0.97
0.97
0.95
0.93
0.93
0.93
0.98
0.98
0.98
0.97
0.97
0.97
0.97
0.95
0.96
0.85
0.80
0.78
0.73
0.67
0.72
0.97
0.97
0.98
0.95
0.97
0.81
0.75
0.67
0.67
0.98
0.98
0.98
0.98
0.98
0.96
0.93
0.92
0.98
0.98
0.98
0.98
0.98
0.96
0.94
0.94
0.98
0.98
0.98
0.98
0.98
0.98
0.98
0.97
0.98
0.98
0.98
0.98
0.98
0.97
0.95
0.94
0.95
0.95
0.98
0.98
0.98
0.98
0.97
0.97
0.97
0.97
0.97
0.97
0.96
0.95
0.94
0.94
0.97
0.97
0.96
0.96
0.96
0.84
0.87
0.96
0.96
0.94
0.96
0.92
0.94
0.94
0.92
0.94
0.94
0.93
0.92
0.91
