0.95
0.95
0.95
0.95
0.95
0.94
0.92
0.92
0.96
0.96
0.96
0.96
0.95
0.92
0.87
0.88
0.88
0.90
0.92
0.90
0.91
0.90
0.96
0.96
0.96
0.96
0.96
0.94
0.90
0.90
0.97
0.97
0.97
0.96
0.96
0.95
0.95
0.96
0.96
0.96
0.96
0.95
0.95
0.94
0.95
0.95
0.94
0.94
0.93
0.92
0.88
0.88
0.88
0.89
0.95
0.95
0.94
0.95
0.91
0.94
0.91
0.91
0.91
0.93
0.92
0.91
0.91
0.89
0.93
0.93
0.94
0.92
0.93
0.86
0.84
0.83
0.94
0.94
0.94
0.93
0.94
0.89
0.83
0.83
0.93
0.93
0.94
0.91
0.93
0.81
0.76
0.72
0.60
0.55
0.68
0.94
0.94
0.95
0.93
0.94
0.88
0.88
0.85
0.95
0.95
0.95
0.95
0.95
0.94
0.94
0.92
0.95
0.95
0.95
0.93
0.94
0.75
0.94
0.94
0.94
0.93
0.94
0.94
0.94
0.94
0.94
0.94
0.90
0.91
0.94
0.94
0.94
0.93
0.93
0.94
0.94
0.94
0.93
0.93
0.89
0.85
0.81
0.80
0.94
0.93
0.93
0.91
0.92
0.83
0.79
0.73
0.69
0.94
0.93
0.92
0.93
0.90
0.92
0.89
0.88
0.94
0.93
0.93
0.91
0.93
0.93
0.93
0.91
0.92
0.81
0.79
0.70
0.93
0.93
0.94
0.92
0.93
0.87
0.94
0.94
0.94
0.93
0.93
0.91
0.91
0.84
0.95
0.95
0.94
0.94
0.94
0.90
0.88
0.90
0.95
0.95
0.95
0.93
0.94
0.83
0.76
0.75
0.96
0.96
0.96
0.95
0.95
0.92
0.92
0.96
0.96
0.95
0.95
0.95
0.93
0.93
0.95
0.95
0.95
0.94
0.94
0.90
0.90
0.95
0.95
0.94
0.94
0.93
0.87
0.89
0.94
0.94
0.93
0.92
0.92
0.84
0.76
0.76
0.95
0.95
0.94
0.93
0.93
0.89
0.86
0.88
0.94
0.94
0.94
0.92
0.92
0.84
0.80
0.77
0.69
0.64
0.73
0.94
0.94
0.94
0.94
0.93
0.91
0.86
0.87
0.86
0.87
0.94
0.94
0.94
0.93
0.94
0.94
0.94
0.94
0.93
0.92
0.90
0.89
0.95
0.95
0.95
0.95
0.94
0.90
0.91
0.95
0.95
0.95
0.93
0.94
0.77
0.96
0.96
0.96
0.95
0.96
0.96
0.96
0.96
0.96
0.96
0.96
0.96
0.96
0.94
0.95
0.75
0.97
0.97
0.97
0.96
0.97
0.92
0.92
0.97
0.97
0.97
0.97
0.97
0.97
0.96
0.97
0.97
0.97
0.96
0.96
0.93
0.97
0.97
0.97
0.96
0.96
0.97
0.97
0.97
0.96
0.96
0.95
0.92
0.92
0.97
0.97
0.96
0.96
0.95
0.96
0.94
0.94
0.96
0.96
0.96
0.95
0.96
0.89
0.85
0.85
0.84
0.96
0.96
0.96
0.95
0.95
0.96
0.96
0.95
0.95
0.94
0.92
0.91
0.95
0.95
0.94
0.93
0.93
0.83
0.77
0.74
0.62
0.56
0.70
0.95
0.94
0.94
0.92
0.93
0.84
0.79
0.82
0.94
0.94
0.94
0.93
0.94
0.94
0.94
0.93
0.94
0.90
0.88
0.86
0.82
0.80
0.83
0.95
0.95
0.94
0.94
0.92
0.91
0.91
0.89
