0.97
0.97
0.97
0.96
0.97
0.86
0.82
0.75
0.76
0.97
0.97
0.97
0.97
0.97
0.96
0.96
0.98
0.98
0.98
0.98
0.98
0.96
0.94
0.94
0.98
0.98
0.98
0.98
0.97
0.96
0.96
0.97
0.97
0.97
0.96
0.96
0.96
0.96
0.95
0.95
0.91
0.89
0.87
0.96
0.96
0.96
0.96
0.97
0.97
0.97
0.97
0.97
0.96
0.94
0.95
0.93
0.93
0.91
0.93
0.98
0.98
0.98
0.97
0.98
0.96
0.96
0.97
0.97
0.98
0.97
0.97
0.96
0.96
0.97
0.97
0.97
0.97
0.97
0.96
0.96
0.94
0.97
0.97
0.97
0.97
0.97
0.96
0.96
0.97
0.97
0.97
0.97
0.97
0.96
0.96
0.95
0.97
0.97
0.97
0.96
0.96
0.95
0.95
0.97
0.97
0.97
0.97
0.97
0.95
0.94
0.96
0.96
0.96
0.95
0.95
0.86
0.96
0.97
0.96
0.96
0.96
0.95
0.94
0.93
0.93
0.96
0.96
0.96
0.96
0.97
0.97
0.97
0.97
0.97
0.93
0.91
0.91
0.90
0.97
0.97
0.97
0.97
0.97
0.93
0.89
0.88
0.82
0.78
0.83
0.97
0.97
0.97
0.96
0.97
0.83
0.72
0.72
0.67
0.63
0.45
0.70
0.96
0.96
0.96
0.96
0.95
0.95
0.93
0.93
0.92
