0.90
0.90
0.90
0.89
0.89
0.82
0.84
0.91
0.91
0.92
0.90
0.91
0.87
0.86
0.84
0.93
0.93
0.93
0.92
0.92
0.92
0.92
0.92
0.90
0.91
0.82
0.76
0.74
0.70
0.91
0.91
0.91
0.90
0.91
0.88
0.86
0.86
0.94
0.94
0.94
0.93
0.94
0.86
0.79
0.74
0.81
0.94
0.94
0.94
0.93
0.93
0.94
0.93
0.93
0.92
0.92
0.85
0.79
0.71
0.65
0.94
0.94
0.94
0.92
0.94
0.82
0.73
0.74
0.94
0.94
0.94
0.93
0.93
0.86
0.79
0.79
0.74
0.94
0.94
0.94
0.94
0.93
0.90
0.85
0.84
0.83
0.83
0.94
0.94
0.94
0.94
0.93
0.91
0.87
0.87
0.94
0.94
0.94
0.92
0.93
0.82
0.75
0.65
0.74
0.94
0.94
0.94
0.94
0.94
0.90
0.86
0.82
0.79
0.94
0.93
0.93
0.92
0.92
0.86
0.79
0.78
0.74
0.94
0.94
0.94
0.92
0.93
0.83
0.74
0.75
0.94
0.94
0.94
0.93
0.93
0.87
0.82
0.82
0.78
0.94
0.94
0.94
0.93
0.93
0.90
0.86
0.86
0.75
0.70
0.82
0.94
0.94
0.94
0.94
0.93
0.92
0.88
0.88
0.94
0.94
0.94
0.93
0.94
0.84
0.75
0.75
0.94
0.94
0.94
0.93
0.93
0.87
0.81
0.79
0.62
0.56
0.74
0.94
0.94
0.94
0.93
0.93
0.89
0.85
0.88
0.94
0.94
0.94
0.93
0.93
0.84
0.73
0.76
0.76
0.80
0.87
0.81
0.84
0.82
0.94
0.95
0.94
0.94
0.94
0.91
0.90
0.88
0.95
0.95
0.95
0.94
0.94
0.88
0.82
0.86
0.95
0.95
0.94
0.94
0.94
0.86
0.85
0.94
0.94
0.94
0.93
0.93
0.82
0.75
0.66
0.75
0.95
0.95
0.95
0.94
0.96
0.96
0.95
0.95
0.95
0.90
0.85
0.84
0.74
0.69
0.79
0.95
0.95
0.95
0.95
0.94
0.93
0.91
0.91
0.90
0.91
0.89
0.95
0.95
0.95
0.94
0.94
0.90
0.85
0.86
0.84
0.95
0.95
0.95
0.95
0.95
0.91
0.86
0.83
0.81
0.95
0.95
0.95
0.94
0.94
0.95
0.95
0.95
0.94
0.94
0.91
0.90
0.95
0.95
0.94
0.94
0.94
0.80
0.95
0.95
0.94
0.94
0.94
0.94
0.94
0.93
0.93
0.92
0.90
0.86
0.85
0.84
0.94
0.94
0.93
0.93
0.93
0.88
0.83
0.85
0.83
0.94
0.94
0.93
0.93
0.93
0.93
0.93
0.93
0.93
0.92
0.87
0.81
0.81
