0.57
0.61
0.60
0.51
0.55
0.48
0.52
0.43
0.80
0.81
0.83
0.76
0.80
0.68
0.62
0.65
0.88
0.89
0.88
0.86
0.87
0.81
0.79
0.74
0.69
0.92
0.92
0.93
0.91
0.92
0.84
0.80
0.72
0.63
0.93
0.93
0.94
0.92
0.93
0.88
0.89
0.94
0.94
0.94
0.94
0.94
0.92
0.91
0.89
0.94
0.95
0.94
0.94
0.94
0.91
0.87
0.86
0.87
0.87
0.81
0.86
0.95
0.95
0.94
0.95
0.93
0.95
0.94
0.94
0.93
0.93
0.93
0.93
0.93
0.92
0.92
0.91
0.82
0.82
0.78
0.91
0.91
0.90
0.90
0.89
0.86
0.89
0.89
0.89
0.87
0.87
0.80
0.81
0.90
0.90
0.91
0.90
0.92
0.93
0.93
0.92
0.92
0.90
0.89
0.88
0.93
0.93
0.93
0.91
0.92
0.80
0.94
0.94
0.95
0.93
0.94
0.94
0.95
0.95
0.94
0.95
0.91
0.89
0.87
0.81
0.79
0.85
0.95
0.95
0.95
0.94
0.95
0.86
0.96
0.96
0.97
0.96
0.96
0.95
0.93
0.93
0.92
0.96
0.97
0.97
0.96
0.96
0.93
0.91
0.86
0.97
0.97
0.97
0.97
0.97
0.97
0.97
0.97
0.97
0.97
0.95
0.93
0.92
0.92
0.97
0.97
0.97
0.96
0.97
0.97
0.97
0.97
0.96
0.94
0.87
0.88
0.88
0.88
0.93
0.90
0.91
0.90
0.97
0.96
0.96
0.96
0.96
0.96
0.95
0.95
0.94
0.94
0.91
0.89
0.85
0.96
0.96
0.96
0.95
0.95
0.89
0.82
0.82
0.81
0.96
0.96
0.95
0.95
0.94
0.92
0.92
0.90
0.94
0.94
0.92
0.94
0.90
0.93
0.91
0.91
0.90
0.90
0.89
0.87
0.89
0.88
0.87
0.84
0.84
0.75
0.71
0.68
0.64
0.90
0.90
0.90
0.89
0.92
0.93
0.93
0.92
0.92
0.89
0.84
0.86
0.88
0.88
0.88
0.85
0.86
0.86
0.94
0.94
0.94
0.93
0.94
0.86
0.80
0.79
0.95
0.96
0.95
0.95
0.95
0.93
0.93
0.95
0.95
0.95
0.95
0.95
0.92
0.87
0.87
0.88
0.87
0.81
0.86
0.96
0.96
0.95
0.95
0.94
0.93
0.94
0.94
0.94
0.94
0.93
0.91
0.91
0.90
0.87
0.88
0.87
0.87
0.85
0.84
0.72
0.71
0.69
0.88
0.88
0.89
0.86
0.88
0.78
0.75
0.72
0.70
0.90
0.91
0.89
0.88
0.86
0.75
0.77
0.89
0.89
0.88
0.87
0.85
0.81
0.75
0.73
0.76
0.76
0.92
0.93
0.93
0.92
