0.95
0.95
0.94
0.95
0.94
0.95
0.94
0.93
0.93
0.93
0.91
0.93
0.94
0.94
0.94
0.94
0.94
0.92
0.91
0.96
0.96
0.95
0.95
0.94
0.96
0.96
0.96
0.95
0.96
0.93
0.92
0.91
0.91
0.97
0.97
0.96
0.95
0.96
0.87
0.82
0.82
0.81
0.96
0.96
0.96
0.97
0.96
0.96
0.96
0.96
0.95
0.95
0.93
0.95
0.96
0.96
0.96
0.95
0.96
0.88
0.84
0.85
0.83
0.96
0.96
0.96
0.96
0.96
0.91
0.90
0.97
0.97
0.97
0.96
0.96
0.92
0.91
0.96
0.96
0.96
0.96
0.95
0.94
0.95
0.96
0.95
0.95
0.94
0.93
0.83
0.76
0.76
0.72
0.95
0.95
0.95
0.95
0.94
0.94
0.94
0.92
0.96
0.96
0.96
0.95
0.96
0.96
0.96
0.96
0.96
0.94
0.92
0.91
0.91
0.90
0.88
0.90
0.96
0.96
0.96
0.96
0.95
0.94
0.93
0.91
0.96
0.96
0.96
0.96
0.95
0.95
0.92
0.92
0.95
0.95
0.96
0.95
0.97
0.97
0.97
0.95
0.96
0.75
0.76
0.71
0.97
0.97
0.97
0.97
0.97
0.92
0.89
0.90
0.97
0.97
0.97
0.97
0.97
0.96
0.95
0.93
0.89
0.88
0.92
0.96
0.96
0.96
0.96
0.95
0.95
0.95
0.94
