0.91
0.90
0.90
0.88
0.89
0.84
0.81
0.81
0.89
0.89
0.89
0.87
0.88
0.90
0.90
0.90
0.89
0.89
0.81
0.86
0.92
0.93
0.93
0.92
0.93
0.90
0.90
0.95
0.95
0.95
0.94
0.95
0.91
0.96
0.96
0.96
0.96
0.96
0.94
0.90
0.90
0.96
0.96
0.96
0.95
0.95
0.92
0.86
0.86
0.95
0.95
0.95
0.94
0.95
0.90
0.86
0.86
0.96
0.96
0.96
0.95
0.96
0.97
0.96
0.96
0.96
0.96
0.95
0.92
0.92
0.96
0.96
0.96
0.95
0.95
0.95
0.96
0.95
0.95
0.93
0.90
0.89
0.89
0.89
0.84
0.87
0.96
0.96
0.96
0.96
0.96
0.94
0.94
0.92
0.96
0.96
0.96
0.95
0.95
0.90
0.86
0.82
0.77
0.96
0.96
0.95
0.95
0.95
0.90
0.84
0.86
0.95
0.95
0.95
0.94
0.93
0.91
0.86
0.86
0.95
0.95
0.95
0.95
0.93
0.93
0.90
0.90
0.95
0.95
0.95
0.94
0.94
0.96
0.95
0.95
0.94
0.93
0.91
0.90
0.95
0.94
0.94
0.93
0.93
0.88
0.83
0.87
0.95
0.95
0.95
0.95
0.94
0.93
0.89
0.89
0.95
0.95
0.95
0.94
0.95
0.76
0.95
0.95
0.94
0.95
0.92
0.94
0.91
0.91
0.91
0.91
0.85
0.90
