0.79
0.79
0.80
0.76
0.77
0.70
0.68
0.62
0.56
0.85
0.86
0.85
0.83
0.84
0.76
0.73
0.70
0.75
0.84
0.84
0.83
0.81
0.80
0.77
0.72
0.73
0.81
0.81
0.80
0.79
0.77
0.75
0.72
0.74
0.72
0.72
0.79
0.80
0.78
0.76
0.74
0.69
0.67
0.68
0.65
0.77
0.76
0.75
0.74
0.72
0.68
0.66
0.63
0.60
0.72
0.71
0.71
0.67
0.67
0.62
0.65
0.64
0.65
0.60
0.61
0.58
0.53
0.53
0.53
0.47
0.50
0.44
0.40
0.41
0.40
0.43
0.38
0.48
0.49
0.48
0.44
0.47
0.39
0.39
0.45
0.46
0.45
0.40
0.42
0.37
0.40
0.44
0.41
0.36
0.39
0.35
0.31
0.37
0.39
0.39
0.39
0.33
0.36
0.31
0.36
0.41
0.41
0.41
0.36
0.39
0.38
0.38
0.38
0.33
0.36
0.31
0.36
0.38
0.39
0.38
0.34
0.37
0.34
0.43
0.43
0.43
0.39
0.42
0.34
0.34
0.40
0.39
0.40
0.36
0.39
0.32
0.32
0.44
0.43
0.44
0.41
0.43
0.37
0.38
0.38
0.37
0.38
0.34
0.37
0.31
0.36
0.30
0.40
0.36
0.37
0.37
0.33
0.36
0.32
0.31
0.24
0.27
0.25
0.23
0.23
0.23
0.19
0.21
0.31
0.33
0.32
0.28
0.30
0.27
0.21
0.20
0.47
0.46
0.48
0.45
0.55
0.53
0.56
0.50
0.53
0.46
0.49
0.65
0.65
0.66
0.61
0.65
0.49
0.51
0.65
0.66
0.66
0.61
0.64
0.57
0.53
0.56
0.53
0.54
0.50
0.75
0.75
0.76
0.73
0.75
0.69
0.68
0.61
0.58
0.74
0.76
0.76
0.70
0.74
0.64
0.63
0.53
0.63
0.79
0.80
0.79
0.78
0.77
0.76
0.73
0.74
0.76
0.76
0.67
0.73
