0.30
0.37
0.31
0.30
0.32
0.24
0.35
0.39
0.36
0.34
0.36
0.31
0.39
0.41
0.39
0.37
0.38
0.34
0.31
0.41
0.43
0.42
0.40
0.41
0.40
0.37
0.39
0.46
0.46
0.46
0.44
0.45
0.40
0.37
0.45
0.45
0.45
0.43
0.44
0.41
0.42
0.42
0.43
0.42
0.41
0.41
0.40
0.47
0.37
0.46
0.46
0.46
0.45
0.45
0.44
0.42
0.50
0.44
0.40
0.43
0.43
0.43
0.42
0.42
0.40
0.36
0.38
0.42
0.42
0.42
0.41
0.40
0.39
0.41
0.41
0.33
0.29
0.39
0.41
0.41
0.41
0.40
0.40
0.39
0.42
0.37
0.37
0.43
0.42
0.43
0.42
0.42
0.39
0.39
0.39
0.37
0.37
0.35
0.39
0.32
0.33
0.37
0.37
0.36
0.34
0.35
0.32
0.29
0.31
0.41
0.41
0.41
0.39
0.40
0.38
0.39
0.34
0.39
0.39
0.39
0.37
0.37
0.36
0.31
0.34
0.34
0.35
0.33
0.37
0.38
0.37
0.35
0.35
0.33
0.30
0.31
0.30
0.32
0.30
0.38
0.41
0.38
0.37
0.38
0.37
0.34
0.36
0.24
0.23
0.22
0.20
0.20
0.20
0.41
0.41
0.41
0.40
0.40
0.36
0.37
0.37
0.37
0.37
0.35
0.35
0.33
0.37
0.32
0.28
0.24
0.30
0.36
0.37
0.36
0.34
0.35
0.32
0.29
0.31
0.28
0.30
0.17
0.29
