0.94
0.95
0.94
0.94
0.92
0.95
0.95
0.94
0.94
0.92
0.89
0.81
0.81
0.83
0.84
0.93
0.93
0.91
0.91
0.87
0.85
0.86
0.92
0.93
0.93
0.92
0.93
0.93
0.94
0.94
0.93
0.93
0.89
0.89
0.93
0.94
0.94
0.93
0.93
0.90
0.88
0.89
0.95
0.95
0.95
0.93
0.94
0.80
0.75
0.68
0.62
0.96
0.96
0.96
0.95
0.95
0.95
0.95
0.95
0.95
0.94
0.92
0.90
0.88
0.89
0.96
0.96
0.95
0.94
0.94
0.82
0.96
0.96
0.96
0.94
0.96
0.85
0.80
0.80
0.78
0.97
0.97
0.97
0.97
0.97
0.96
0.95
0.97
0.97
0.97
0.96
0.97
0.84
0.76
0.77
0.72
0.97
0.97
0.97
0.96
0.97
0.93
0.89
0.89
0.97
0.97
0.97
0.97
0.97
0.98
0.97
0.97
0.97
0.97
0.93
0.87
0.84
0.87
0.97
0.97
0.97
0.97
0.97
0.94
0.90
0.90
0.96
0.97
0.97
0.96
0.96
0.92
0.85
0.85
0.97
0.97
0.97
0.97
0.97
0.96
0.95
0.94
0.98
0.98
0.98
0.97
0.97
0.97
0.97
0.97
0.97
0.97
0.93
0.92
0.97
0.97
0.97
0.97
0.97
0.81
0.98
0.98
0.98
0.97
0.97
0.95
0.95
0.98
0.98
0.97
0.97
0.97
0.94
0.90
0.90
0.89
0.97
0.97
0.97
0.97
0.97
0.97
0.97
0.97
0.96
0.97
0.80
0.81
0.73
0.98
0.98
0.97
0.97
0.97
0.97
0.97
0.97
0.97
0.97
0.95
0.92
0.90
0.86
0.97
0.97
0.97
0.97
0.97
0.97
0.97
0.97
0.97
0.97
0.97
0.97
0.97
0.97
0.96
0.94
0.91
0.90
0.96
0.96
0.96
0.95
0.96
0.88
0.80
0.81
0.77
0.96
0.96
0.96
0.95
0.95
0.91
0.91
0.96
0.96
0.96
0.95
0.97
0.97
0.97
0.97
0.97
0.97
0.98
0.98
0.97
0.97
0.94
0.87
0.87
0.87
0.83
0.90
0.87
0.89
0.87
0.98
0.98
0.98
0.98
0.98
0.96
0.96
0.98
0.98
0.98
0.98
0.98
0.95
0.95
0.98
0.98
0.98
0.98
0.98
0.96
0.92
0.90
0.91
0.92
0.98
0.98
0.98
0.98
0.97
0.97
0.94
0.94
0.93
0.91
0.89
0.92
0.98
0.97
0.97
0.97
0.96
0.91
0.97
0.97
0.97
0.97
0.97
0.93
0.91
