0.89
0.89
0.90
0.88
0.89
0.85
0.83
0.83
0.91
0.91
0.91
0.91
0.90
0.91
0.90
0.89
0.89
0.89
0.88
0.88
0.84
0.81
0.81
0.90
0.90
0.90
0.90
0.90
0.88
0.87
0.87
0.87
0.87
0.88
0.86
0.87
0.80
0.77
0.74
0.70
0.89
0.89
0.90
0.90
0.92
0.93
0.93
0.92
0.93
0.93
0.93
0.92
0.92
0.91
0.92
0.91
0.91
0.90
0.90
0.90
0.89
0.89
0.87
0.84
0.84
0.83
0.84
0.81
0.93
0.93
0.93
0.93
0.93
0.92
0.92
0.91
0.93
0.93
0.93
0.92
0.92
0.91
0.91
0.94
0.94
0.94
0.93
0.93
0.89
0.85
0.86
0.84
0.95
0.95
0.95
0.95
0.95
0.93
0.90
0.90
0.89
0.90
0.94
0.94
0.94
0.94
0.92
0.94
0.93
0.93
0.92
0.92
0.93
0.93
0.92
0.92
0.92
0.91
0.91
0.91
0.92
0.92
0.92
0.91
0.91
0.88
0.87
0.87
0.91
0.91
0.90
0.90
0.89
0.90
0.89
0.88
0.88
0.88
0.87
