0.98
0.98
0.98
0.97
0.98
0.98
0.98
0.97
0.98
0.90
0.92
0.98
0.98
0.98
0.98
0.98
0.98
0.98
0.98
0.98
0.98
0.98
0.98
0.98
0.97
0.97
0.96
0.98
0.98
0.98
0.98
0.97
0.98
0.98
0.97
0.98
0.97
0.97
0.97
0.97
0.94
0.97
0.97
0.97
0.97
0.96
0.95
0.91
0.90
0.90
0.91
0.98
0.98
0.97
0.98
0.96
0.98
0.97
0.97
0.98
0.98
0.98
0.97
0.97
0.91
0.84
0.80
0.86
0.98
0.98
0.98
0.98
0.97
0.98
0.98
0.97
0.97
0.97
0.97
0.97
0.96
0.94
0.90
0.90
0.92
0.96
0.96
0.96
0.95
0.96
0.90
0.96
0.95
0.95
0.94
0.93
0.89
0.85
0.84
0.93
0.93
0.94
0.93
0.93
0.93
0.93
0.93
0.94
0.93
0.91
0.92
0.85
0.80
0.80
0.92
0.93
0.92
0.93
0.91
0.94
0.93
0.94
