0.86
0.86
0.86
0.84
0.84
0.83
0.80
0.80
0.85
0.85
0.85
0.85
0.84
0.83
0.81
0.81
0.81
0.81
0.77
0.85
0.85
0.86
0.83
0.85
0.78
0.72
0.72
0.87
0.87
0.87
0.86
0.86
0.82
0.85
0.86
0.85
0.85
0.83
0.83
0.78
0.75
0.67
0.62
0.83
0.83
0.83
0.81
0.81
0.71
0.84
0.84
0.84
0.83
0.82
0.80
0.77
0.77
0.76
0.77
0.72
0.86
0.86
0.86
0.85
0.84
0.83
0.79
0.80
0.81
0.79
0.78
0.78
0.78
0.78
0.85
0.85
0.85
0.83
0.83
0.81
0.81
0.86
0.86
0.86
0.84
0.85
0.76
0.73
0.70
0.66
0.87
0.87
0.86
0.86
0.85
0.85
0.82
0.82
0.86
0.86
0.85
0.84
0.84
0.83
0.83
0.82
0.81
0.81
0.79
0.78
0.75
0.69
0.71
0.87
0.87
0.88
0.84
0.87
0.76
0.74
0.67
0.56
0.52
0.65
0.91
0.92
0.92
0.90
0.91
0.81
0.80
0.77
0.93
0.93
0.93
0.93
0.93
0.91
0.89
0.89
