0.92
0.92
0.93
0.91
0.92
0.87
0.83
0.83
0.82
0.83
0.74
0.80
0.94
0.94
0.94
0.93
0.94
0.95
0.95
0.94
0.94
0.93
0.93
0.94
0.94
0.93
0.92
0.95
0.95
0.95
0.94
0.94
0.89
0.86
0.87
0.96
0.96
0.95
0.95
0.95
0.85
0.85
0.81
0.95
0.95
0.95
0.95
0.94
0.92
0.89
0.89
0.89
0.89
0.88
0.95
0.95
0.95
0.95
0.95
0.95
0.95
0.95
0.94
0.94
0.94
0.94
0.93
0.93
0.77
0.95
0.95
0.94
0.94
0.93
0.94
0.93
0.92
0.92
0.92
0.92
0.93
0.93
0.93
0.92
0.92
0.89
0.89
0.86
0.94
0.93
0.93
0.92
0.92
0.85
0.80
0.72
0.78
0.92
0.92
0.92
0.91
0.91
0.87
0.84
0.86
0.92
0.92
0.92
0.92
0.91
0.90
0.88
0.89
0.93
0.93
0.93
0.92
0.93
0.88
0.87
0.94
0.94
0.94
0.93
0.93
0.91
0.85
0.85
0.85
0.85
0.95
0.95
0.94
0.94
0.93
0.92
0.91
0.94
0.94
0.94
0.92
0.93
0.83
0.79
0.76
0.73
0.94
0.94
0.94
0.93
0.93
0.91
0.90
0.93
0.93
0.94
0.92
0.93
0.88
0.82
0.83
0.81
0.82
0.69
0.79
0.94
0.94
0.95
0.94
0.95
0.91
0.88
0.88
0.88
0.88
0.86
0.96
0.96
0.96
0.96
0.96
0.90
0.90
0.97
0.97
0.97
0.96
0.96
0.94
0.96
0.96
0.96
0.95
0.96
0.90
0.85
0.80
0.76
