0.98
0.98
0.98
0.98
0.98
0.96
0.94
0.93
0.93
0.99
0.99
0.99
0.99
0.99
0.99
0.99
0.99
0.99
0.99
0.98
0.98
0.97
0.99
0.99
0.99
0.98
0.98
0.88
0.79
0.71
0.73
0.99
0.99
0.99
0.99
0.98
0.98
0.98
0.97
0.95
0.95
0.97
0.99
0.99
0.99
0.99
0.99
0.99
0.99
0.99
0.98
0.99
0.96
0.91
0.93
0.90
0.99
0.99
0.99
0.99
0.99
0.99
0.99
0.99
0.99
0.99
0.99
0.98
0.98
0.98
0.98
0.97
0.98
0.99
0.99
0.99
0.99
0.98
0.98
0.96
0.95
0.91
0.90
0.93
0.98
0.98
0.98
0.98
0.98
0.98
0.98
0.98
0.99
0.98
0.98
0.98
0.98
0.98
0.98
0.98
0.98
0.99
0.99
0.99
0.99
0.99
0.99
0.99
0.99
0.99
0.99
0.98
0.98
0.98
0.99
0.99
0.99
0.99
0.99
0.99
0.99
0.99
0.99
0.99
0.98
0.98
0.97
0.99
0.99
0.99
0.99
0.99
0.98
0.96
0.95
0.99
0.98
0.98
0.98
0.98
0.98
0.97
0.95
0.97
0.97
0.97
0.96
0.96
0.89
0.79
0.77
0.78
0.79
0.97
0.97
0.96
0.96
0.94
0.95
0.94
0.93
0.93
0.91
0.92
0.80
0.76
0.68
0.64
0.96
0.96
0.96
0.96
0.96
0.95
0.94
0.93
0.91
0.96
0.96
0.96
0.96
0.96
0.98
0.98
0.98
0.98
0.98
0.96
0.95
0.95
0.98
0.98
0.98
0.98
0.98
0.98
0.97
0.98
0.99
0.99
0.98
0.98
0.97
0.98
0.98
0.99
0.98
0.98
0.97
0.96
0.95
0.99
0.99
0.99
0.99
0.99
0.98
0.98
0.97
0.98
0.98
0.99
0.98
0.98
0.90
0.84
0.87
0.81
0.99
0.99
0.99
0.98
0.99
0.99
0.99
0.99
0.99
0.99
0.99
0.98
0.98
0.98
0.98
0.98
0.99
0.99
0.99
0.99
0.98
0.98
0.98
0.97
0.98
0.98
0.98
0.98
0.98
0.97
0.95
0.94
0.93
0.98
0.98
0.98
0.98
0.98
0.98
0.98
0.98
0.99
0.97
0.98
0.98
0.98
0.98
0.94
0.92
0.94
0.94
0.94
0.98
0.98
0.98
0.97
0.97
0.96
0.96
0.95
0.97
0.97
0.97
0.95
0.96
0.91
0.90
0.90
0.98
0.98
0.98
0.98
0.97
0.95
0.92
0.91
0.93
0.98
0.98
0.99
0.98
0.99
0.99
0.99
0.99
0.99
0.98
0.98
0.99
0.99
0.99
0.99
0.99
0.98
0.98
