0.97
0.97
0.97
0.97
0.97
0.96
0.96
0.96
0.96
0.95
0.90
0.78
0.78
0.79
0.71
0.85
0.77
0.83
0.78
0.96
0.96
0.96
0.96
0.96
0.96
0.96
0.96
0.96
0.95
0.94
0.93
0.93
0.93
0.90
0.92
0.96
0.96
0.96
0.96
0.95
0.96
0.96
0.95
0.95
0.95
0.93
0.88
0.87
0.95
0.95
0.95
0.95
0.94
0.93
0.88
0.88
0.89
0.90
0.95
0.95
0.95
0.94
0.93
0.87
0.76
0.74
0.77
0.78
0.95
0.95
0.94
0.94
0.93
0.90
0.86
0.85
0.93
0.93
0.93
0.90
0.92
0.79
0.74
0.72
0.93
0.93
0.93
0.90
0.91
0.80
0.72
0.71
0.95
0.95
0.95
0.94
0.94
0.92
0.91
0.88
0.94
0.94
0.94
0.92
0.93
0.83
0.78
0.72
0.77
0.93
0.94
0.94
0.93
0.94
0.95
0.95
0.95
0.94
0.95
0.90
0.87
0.82
0.77
0.95
0.95
0.95
0.95
0.95
0.94
0.94
0.94
0.93
0.93
0.89
0.86
0.84
0.83
0.94
0.94
0.94
0.93
0.94
0.88
0.85
0.86
0.95
0.95
0.95
0.95
0.95
0.95
0.93
0.93
0.93
0.93
0.92
0.95
0.95
0.95
0.94
0.94
0.89
0.89
0.93
0.93
0.93
0.92
0.93
0.81
0.76
0.67
0.59
0.94
0.94
0.94
0.93
0.94
0.95
0.95
0.95
0.95
0.94
0.93
0.90
0.90
0.94
0.94
0.93
0.93
0.92
0.92
0.89
0.89
0.88
0.88
0.86
0.92
0.92
0.92
0.90
0.91
0.84
0.80
0.71
0.63
