0.93
0.93
0.93
0.92
0.94
0.94
0.94
0.93
0.93
0.86
0.76
0.76
0.93
0.93
0.94
0.92
0.93
0.82
0.77
0.73
0.59
0.54
0.69
0.93
0.93
0.92
0.92
0.91
0.93
0.93
0.92
0.92
0.91
0.88
0.86
0.84
0.84
0.92
0.92
0.92
0.92
0.92
0.90
0.89
0.92
0.91
0.90
0.90
0.87
0.87
0.82
0.82
0.90
0.90
0.90
0.89
0.89
0.83
0.80
0.76
0.73
0.90
0.90
0.90
0.89
0.90
0.87
0.87
0.91
0.92
0.92
0.91
0.93
0.93
0.93
0.92
0.92
0.91
0.89
0.89
0.89
0.89
0.85
0.88
0.94
0.95
0.95
0.94
0.94
0.89
0.88
0.95
0.95
0.95
0.94
0.94
0.90
0.89
0.85
0.73
0.72
0.81
0.95
0.95
0.95
0.95
0.95
0.90
0.79
0.79
0.95
0.95
0.95
0.94
0.95
0.87
0.82
0.78
0.62
0.57
0.72
0.95
0.95
0.95
0.94
0.95
0.89
0.83
0.78
