0.89
0.89
0.89
0.88
0.88
0.80
0.79
0.90
0.90
0.90
0.88
0.88
0.81
0.73
0.73
0.90
0.90
0.90
0.89
0.89
0.84
0.84
0.89
0.89
0.89
0.88
0.88
0.82
0.84
0.88
0.88
0.88
0.87
0.86
0.82
0.76
0.76
0.89
0.89
0.88
0.88
0.87
0.88
0.85
0.85
0.85
0.86
0.82
0.84
0.88
0.88
0.87
0.87
0.85
0.85
0.83
0.81
0.81
0.87
0.86
0.85
0.84
0.83
0.78
0.76
0.69
0.58
0.55
0.70
0.83
0.82
0.80
0.80
0.74
0.76
0.72
0.73
0.73
0.72
0.72
0.67
0.68
0.62
0.60
0.60
0.55
0.70
0.71
0.71
0.65
0.68
0.60
0.59
0.63
0.70
0.73
0.71
0.65
0.68
0.58
0.52
0.56
0.80
0.80
0.80
0.74
0.76
0.66
0.59
0.60
0.82
0.82
0.82
0.80
0.81
0.76
0.71
0.72
0.86
0.86
0.86
0.85
0.84
0.84
0.81
0.82
0.86
0.86
0.86
0.84
0.85
0.80
0.83
0.85
0.85
0.85
0.83
0.84
0.79
0.76
0.73
0.70
0.85
0.85
0.85
0.82
0.84
0.74
0.71
0.62
0.56
0.87
0.87
0.87
0.86
0.86
0.83
0.81
0.80
0.79
0.88
0.88
0.88
0.87
0.87
0.82
0.79
0.73
0.68
0.88
0.87
0.87
0.85
0.86
0.79
0.72
0.73
0.87
0.87
0.88
0.85
0.87
0.79
0.76
0.71
0.60
0.57
0.68
0.90
0.90
0.90
0.88
0.88
0.78
0.78
0.90
0.90
0.90
0.89
0.89
0.85
0.83
0.77
0.71
0.88
0.88
0.88
0.86
0.87
0.76
0.72
0.63
0.56
0.90
0.90
0.90
0.90
0.88
0.87
0.86
0.85
0.90
0.90
0.89
0.89
0.87
0.86
0.82
0.82
0.84
0.83
0.89
0.89
0.88
0.87
0.86
0.82
0.80
0.78
0.77
0.88
0.87
0.87
0.86
0.84
0.82
0.79
0.80
0.84
0.85
0.83
0.79
0.78
0.68
0.64
0.68
0.60
0.83
0.83
0.83
0.80
0.79
0.74
0.70
0.62
0.53
0.86
0.86
0.86
0.83
0.84
0.78
0.76
0.70
0.58
0.55
0.70
