0.67
0.78
0.78
0.70
0.75
0.66
0.88
0.73
0.75
0.80
0.82
0.73
0.81
0.64
0.79
0.85
0.85
0.81
0.84
0.82
0.76
0.82
0.85
0.93
0.94
0.96
0.90
0.96
0.81
0.78
0.77
0.97
0.98
0.98
0.97
0.98
0.94
0.94
0.91
0.98
0.98
0.99
0.98
0.99
0.95
0.95
0.99
0.99
0.99
0.99
0.99
0.98
0.98
0.99
0.99
0.99
0.99
0.99
0.99
0.99
0.99
0.99
0.99
0.98
0.98
0.99
0.99
0.99
0.99
0.99
0.98
0.99
0.99
0.98
0.98
0.98
0.98
0.98
0.97
0.99
0.99
0.98
0.98
0.98
0.96
0.91
0.91
0.98
0.98
0.98
0.98
0.98
0.96
0.99
0.98
0.98
0.98
0.98
0.98
0.98
0.98
0.98
0.98
0.97
0.97
0.96
0.98
0.98
0.98
0.98
0.98
0.96
0.94
0.94
0.92
0.92
0.91
0.98
0.98
0.98
0.98
0.98
0.96
0.99
0.99
0.99
0.98
0.98
0.93
0.84
0.84
0.77
0.68
0.77
0.99
0.99
0.99
0.99
0.99
0.98
0.98
0.98
0.98
0.98
0.99
0.98
0.99
0.99
0.99
0.98
0.99
0.95
0.89
0.91
0.88
0.99
0.99
0.99
0.99
0.99
0.97
0.94
0.93
0.92
0.99
0.99
0.99
0.99
0.99
0.97
0.97
0.94
0.99
0.99
0.99
0.99
0.99
0.98
0.97
0.96
0.95
0.99
0.99
0.99
0.99
0.99
0.99
0.99
0.99
0.98
0.98
0.95
0.95
0.98
0.98
0.98
0.98
0.98
0.96
0.94
0.94
0.99
0.99
0.99
0.98
0.98
0.98
0.97
0.97
0.96
0.99
0.99
0.99
0.99
0.98
