0.95
0.95
0.94
0.94
0.94
0.94
0.92
0.92
0.91
0.91
0.87
0.90
0.94
0.94
0.94
0.93
0.93
0.91
0.86
0.86
0.88
0.89
0.89
0.85
0.87
0.86
0.94
0.94
0.94
0.93
0.93
0.89
0.82
0.82
0.93
0.93
0.93
0.92
0.93
0.87
0.84
0.79
0.63
0.61
0.77
0.94
0.94
0.93
0.93
0.93
0.92
0.91
0.89
0.90
0.93
0.93
0.93
0.92
0.92
0.88
0.88
0.85
0.93
0.93
0.92
0.92
0.91
0.91
0.88
0.88
0.91
0.90
0.90
0.89
0.89
0.81
0.73
0.72
0.90
0.90
0.90
0.89
0.88
0.86
0.88
0.88
0.88
0.87
0.87
0.88
0.87
0.87
0.86
0.85
0.82
0.80
0.81
0.89
0.89
0.88
0.87
0.91
0.91
0.92
0.89
0.91
0.79
0.75
0.72
0.70
0.91
0.92
0.92
0.91
0.91
0.89
0.88
0.91
0.92
0.92
0.91
0.91
0.86
0.80
0.81
0.83
0.84
0.85
0.81
0.83
0.82
0.92
0.92
0.93
0.91
0.92
0.81
0.69
0.69
0.93
0.93
0.93
0.93
0.93
0.93
0.93
0.93
0.92
0.93
0.94
0.94
0.93
0.93
0.92
0.90
0.89
0.79
0.79
0.88
0.93
0.93
0.93
0.92
0.93
0.83
0.83
0.94
0.94
0.94
0.94
0.94
0.92
0.92
0.94
0.94
0.94
0.93
0.93
0.90
0.90
0.94
0.94
0.94
0.93
0.93
0.92
0.92
0.93
0.93
0.93
0.92
0.92
0.85
0.84
0.92
0.92
0.92
0.91
0.90
0.86
0.91
0.91
0.90
0.90
0.89
0.88
0.88
