0.56
0.56
0.58
0.51
0.57
0.47
0.50
0.40
0.30
0.26
0.39
0.69
0.69
0.69
0.64
0.67
0.59
0.54
0.58
0.56
0.58
0.50
0.71
0.72
0.73
0.69
0.72
0.62
0.62
0.73
0.73
0.76
0.71
0.75
0.70
0.67
0.69
0.74
0.75
0.76
0.73
0.77
0.75
0.76
0.78
0.74
0.79
0.70
0.69
0.62
0.59
0.75
0.77
0.77
0.72
0.76
0.69
0.68
0.72
0.68
0.80
0.82
0.81
0.78
0.78
0.76
0.76
0.76
0.74
0.73
0.80
0.80
0.80
0.78
0.79
0.74
0.72
0.65
0.61
0.56
0.65
0.80
0.82
0.83
0.79
0.83
0.74
0.83
0.84
0.84
0.82
0.83
0.82
0.83
0.82
0.80
0.80
0.76
0.73
0.71
0.70
0.68
0.82
0.82
0.83
0.80
0.82
0.72
0.84
0.86
0.86
0.84
0.85
0.80
0.78
0.81
0.79
0.84
0.88
0.84
0.84
0.80
0.79
0.75
0.80
0.83
0.80
0.82
0.82
0.82
0.82
0.85
0.85
0.85
0.83
0.84
0.71
0.84
0.85
0.85
0.82
0.83
0.74
