0.98
0.98
0.98
0.98
0.98
0.91
0.86
0.77
0.98
0.98
0.98
0.98
0.98
0.97
0.94
0.93
0.93
0.99
0.99
0.99
0.99
0.99
0.98
0.98
0.98
0.99
0.99
0.98
0.99
0.98
0.98
0.98
0.98
0.97
0.97
0.97
0.97
0.97
0.98
0.98
0.98
0.98
0.98
0.98
0.98
0.98
0.98
0.98
0.98
0.97
0.97
0.97
0.96
0.96
0.96
0.96
0.95
0.95
0.96
0.97
0.97
0.96
0.96
0.93
0.92
0.92
0.97
0.98
0.97
0.98
0.97
0.98
0.97
0.97
0.97
0.97
0.98
0.97
0.98
0.96
0.96
0.98
0.98
0.98
0.98
0.98
0.98
0.98
0.98
0.99
0.98
0.98
0.98
0.98
0.97
0.99
0.99
0.99
0.99
0.99
0.99
0.99
0.98
0.98
0.81
0.71
0.71
