0.81
0.83
0.84
0.79
0.82
0.72
0.71
0.64
0.87
0.88
0.87
0.85
0.85
0.76
0.67
0.68
0.89
0.90
0.89
0.88
0.86
0.83
0.83
0.74
0.89
0.89
0.89
0.87
0.88
0.81
0.77
0.69
0.62
0.89
0.89
0.89
0.87
0.88
0.82
0.81
0.89
0.89
0.89
0.88
0.88
0.90
0.90
0.90
0.89
0.90
0.84
0.80
0.78
0.76
0.90
0.90
0.90
0.89
0.89
0.87
0.84
0.84
0.83
0.84
0.81
0.90
0.90
0.90
0.89
0.89
0.84
0.82
0.78
0.76
0.91
0.91
0.91
0.89
0.90
0.83
0.79
0.72
0.53
0.49
0.70
0.92
0.92
0.92
0.91
0.91
0.90
0.87
0.87
0.92
0.92
0.92
0.92
0.91
0.91
0.89
0.89
0.88
0.89
0.88
0.92
0.92
0.92
0.91
0.91
0.82
0.77
0.70
0.50
0.45
0.68
0.91
0.91
0.91
0.90
0.90
0.83
0.78
0.70
0.74
0.92
0.92
0.92
0.91
0.91
0.92
0.92
0.92
0.91
0.90
0.92
0.92
0.92
0.91
0.93
0.93
0.92
0.92
0.91
0.91
0.88
0.88
0.91
0.90
0.90
0.89
0.88
0.83
0.78
0.79
0.87
0.87
0.86
0.84
0.83
0.68
0.69
0.85
0.85
0.85
0.83
0.84
0.77
0.72
0.73
0.83
0.83
0.83
0.80
0.82
0.73
0.69
0.61
0.55
0.84
0.84
0.84
0.82
0.82
0.76
0.70
0.71
0.87
0.87
0.87
0.85
0.86
0.80
0.77
0.76
0.88
0.88
0.88
0.85
0.87
0.78
0.71
0.71
0.89
0.89
0.90
0.88
0.89
0.81
0.78
0.70
0.64
0.90
0.90
0.91
0.89
0.91
0.83
0.79
0.74
0.59
0.56
0.71
0.92
0.93
0.93
0.92
0.92
0.88
0.87
0.93
0.93
0.93
0.92
0.93
0.81
0.93
0.93
0.93
0.92
0.93
0.87
0.83
0.85
0.94
0.94
0.94
0.93
0.94
0.92
0.90
0.90
0.89
0.89
0.88
