0.95
0.95
0.96
0.95
0.95
0.92
0.91
0.95
0.95
0.95
0.93
0.95
0.84
0.80
0.80
0.77
0.95
0.95
0.95
0.94
0.94
0.96
0.95
0.96
0.95
0.95
0.91
0.88
0.89
0.96
0.96
0.97
0.96
0.96
0.97
0.97
0.97
0.96
0.96
0.94
0.94
0.96
0.96
0.96
0.95
0.95
0.94
0.91
0.91
0.93
0.93
0.92
0.93
0.90
0.92
0.91
0.91
0.90
0.91
0.91
0.90
0.89
0.88
0.88
0.86
0.87
0.82
0.82
0.82
0.80
0.80
0.78
0.75
0.69
0.62
0.60
0.68
0.83
0.83
0.83
0.82
0.81
0.79
0.78
0.77
0.83
0.83
0.82
0.82
0.79
0.84
0.83
0.83
0.75
0.74
0.74
0.72
0.71
0.69
0.66
0.66
0.62
0.63
0.53
0.60
0.71
0.71
0.71
0.69
0.69
0.65
0.74
0.73
0.74
0.72
0.72
0.74
0.74
0.76
0.73
0.75
0.70
0.69
0.70
0.79
0.80
0.81
0.78
0.81
0.76
0.74
0.73
0.68
0.82
0.83
0.84
0.81
0.83
0.75
0.72
0.63
0.70
0.83
0.83
0.84
0.81
0.83
0.75
0.69
0.70
0.85
0.86
0.87
0.84
0.86
0.80
0.89
0.90
0.90
0.89
0.90
0.85
0.88
0.90
0.91
0.92
0.90
0.92
0.87
0.86
0.84
0.91
0.92
0.93
0.91
0.92
0.87
0.88
0.82
0.94
0.94
0.94
0.93
0.94
0.93
0.96
0.96
0.96
0.95
0.96
0.88
0.84
0.79
0.77
0.95
0.96
0.96
0.95
0.96
0.92
0.89
0.88
0.86
0.96
0.96
0.96
0.96
0.96
0.97
0.97
0.97
0.97
0.96
0.97
0.95
0.95
0.95
0.95
0.95
0.97
0.97
0.96
0.96
0.96
0.94
0.93
0.93
0.96
0.96
0.96
0.96
0.95
0.96
0.96
0.95
0.95
0.93
0.92
0.93
0.86
0.93
0.93
0.93
0.91
0.93
0.83
0.79
0.75
0.67
0.61
0.70
0.92
0.92
0.92
0.90
0.91
0.77
0.92
0.92
0.92
0.91
0.94
0.94
0.95
0.94
0.95
0.95
0.96
0.93
0.95
0.80
0.76
0.73
0.64
0.58
0.68
