0.90
0.91
0.92
0.90
0.92
0.89
0.89
0.89
0.93
0.94
0.94
0.93
0.93
0.94
0.94
0.93
0.93
0.93
0.92
0.92
0.94
0.95
0.95
0.94
0.94
0.94
0.93
0.93
0.94
0.94
0.94
0.92
0.93
0.81
0.84
0.95
0.95
0.95
0.94
0.95
0.96
0.96
0.96
0.95
0.95
0.93
0.91
0.90
0.86
0.84
0.87
0.96
0.96
0.95
0.96
0.94
0.95
0.93
0.93
0.96
0.96
0.96
0.94
0.95
0.87
0.83
0.77
0.76
0.96
0.96
0.95
0.96
0.94
0.95
0.93
0.93
0.94
0.95
0.95
0.94
0.95
0.93
0.91
0.90
0.95
0.95
0.95
0.95
0.94
0.95
0.94
0.94
0.94
0.95
0.94
0.94
0.92
0.94
0.95
0.94
0.93
0.93
0.86
0.90
0.78
0.92
0.93
0.94
0.91
0.94
0.85
0.82
0.81
0.83
0.94
0.95
0.95
0.94
0.95
0.95
0.94
0.93
0.94
0.85
0.78
0.78
0.94
0.94
0.94
0.92
0.94
0.82
0.81
0.71
0.94
0.95
0.95
0.94
0.95
0.95
0.95
0.95
0.95
0.94
0.95
0.94
0.94
0.94
0.94
0.92
0.93
0.94
0.94
0.94
0.94
0.93
0.91
0.90
0.88
0.87
0.93
0.93
0.93
0.91
0.92
0.83
0.83
0.74
0.94
0.93
0.93
0.90
0.91
0.75
0.93
0.92
0.91
0.91
0.90
0.84
0.92
0.92
0.91
0.90
0.90
0.84
0.86
0.76
0.91
0.91
0.89
0.89
0.87
0.85
0.89
0.80
0.89
0.89
0.88
0.86
0.86
0.74
0.76
0.88
0.88
0.87
0.87
0.86
0.83
0.81
0.84
0.84
0.86
0.86
0.85
0.82
0.82
0.72
0.71
0.84
0.84
0.84
0.82
0.82
0.79
0.76
0.77
0.81
0.82
0.83
0.80
0.82
0.79
0.79
0.82
0.82
0.83
0.80
0.82
0.78
0.78
