0.94
0.94
0.94
0.93
0.93
0.86
0.95
0.95
0.96
0.95
0.95
0.94
0.92
0.92
0.96
0.96
0.96
0.95
0.96
0.92
0.92
0.97
0.97
0.97
0.97
0.97
0.95
0.94
0.90
0.97
0.97
0.97
0.97
0.97
0.93
0.93
0.88
0.97
0.97
0.97
0.96
0.97
0.92
0.87
0.85
0.84
0.97
0.97
0.98
0.97
0.98
0.98
0.98
0.98
0.98
0.97
0.97
0.98
0.98
0.98
0.97
0.97
0.92
0.86
0.84
0.72
0.65
0.77
0.97
0.97
0.97
0.97
0.97
0.96
0.94
0.93
0.98
0.98
0.98
0.98
0.98
0.97
0.95
0.95
0.98
0.98
0.98
0.97
0.97
0.96
0.96
0.97
0.97
0.97
0.96
0.96
0.94
0.91
0.89
0.88
0.97
0.97
0.97
0.96
0.96
0.94
0.89
0.87
0.87
0.88
0.97
0.97
0.96
0.96
0.95
0.95
0.97
0.97
0.97
0.96
0.97
0.97
0.97
0.97
0.97
0.95
0.95
0.93
0.97
0.97
0.97
0.96
0.97
0.98
0.98
0.98
0.98
0.98
0.97
0.95
0.95
0.98
0.98
0.98
0.98
0.98
0.96
0.93
0.93
0.98
0.98
0.98
0.97
0.98
0.94
0.90
0.88
0.87
0.98
0.98
0.98
0.98
0.98
0.96
0.96
0.98
0.98
0.98
0.98
0.98
0.98
0.96
0.96
0.98
0.98
0.98
0.98
0.98
0.94
0.89
0.86
0.75
0.70
0.79
0.98
0.98
0.98
0.98
0.98
0.97
0.97
0.94
