0.33
0.38
0.35
0.30
0.34
0.30
0.49
0.30
0.40
0.41
0.40
0.36
0.38
0.30
0.33
0.43
0.47
0.44
0.40
0.42
0.38
0.37
0.45
0.34
0.37
0.54
0.56
0.55
0.49
0.53
0.44
0.60
0.60
0.61
0.53
0.58
0.49
0.51
0.80
0.81
0.82
0.77
0.80
0.75
0.86
0.87
0.87
0.85
0.86
0.83
0.80
0.81
0.80
0.81
0.77
0.88
0.89
0.87
0.88
0.84
0.88
0.86
0.87
0.86
0.85
0.84
0.83
0.82
0.74
0.70
0.60
0.66
0.82
0.82
0.83
0.80
0.81
0.73
0.66
0.61
0.62
0.59
0.85
0.85
0.85
0.84
0.84
0.86
0.86
0.83
0.85
0.79
0.86
0.85
0.85
0.81
0.80
0.78
0.78
0.73
0.71
0.67
0.66
0.67
0.59
0.62
0.54
0.58
0.57
0.58
0.50
0.54
0.45
0.54
0.54
0.54
0.48
0.51
0.45
0.45
0.45
