0.98
0.98
0.98
0.98
0.98
0.97
0.96
0.92
0.99
0.99
0.99
0.99
0.99
0.98
0.98
0.98
0.98
0.98
0.98
0.98
0.98
0.98
0.97
0.96
0.96
0.96
0.95
0.95
0.93
0.94
0.97
0.97
0.97
0.96
0.97
0.88
0.83
0.79
0.84
0.98
0.98
0.98
0.98
0.97
0.98
0.98
0.97
0.97
0.97
0.97
0.97
0.94
0.94
0.91
0.97
0.97
0.96
0.96
0.96
0.95
0.95
0.95
0.95
0.94
0.95
0.93
0.92
0.94
0.94
0.94
0.93
0.94
0.89
0.84
0.84
0.83
0.83
0.81
0.94
0.94
0.94
0.94
0.94
0.92
0.92
0.94
0.94
0.94
0.94
0.94
0.93
0.93
0.91
0.94
0.94
0.95
0.93
0.94
0.80
0.94
0.94
0.95
0.94
0.94
0.94
0.93
0.93
0.93
0.91
0.91
0.90
0.86
0.85
0.87
0.94
0.94
0.94
0.93
0.94
0.90
0.86
0.86
0.95
0.95
0.95
0.94
0.94
0.92
0.94
0.89
0.95
0.95
0.94
0.94
0.93
0.87
0.94
0.94
0.93
0.92
0.91
0.86
0.83
0.81
0.75
0.72
0.77
0.95
0.95
0.95
0.94
0.94
0.82
0.95
0.95
0.95
0.95
0.94
0.94
0.94
0.93
0.94
0.93
0.91
0.92
0.88
0.89
0.87
0.87
0.91
0.89
0.87
0.84
0.81
0.77
0.71
0.75
0.90
0.90
0.90
0.87
0.93
0.94
0.93
0.93
0.91
0.93
0.91
0.91
0.91
0.91
0.89
0.90
0.93
0.93
0.93
0.91
0.93
0.84
0.81
0.80
0.78
