0.92
0.92
0.90
0.90
0.88
0.93
0.93
0.93
0.94
0.92
0.94
0.85
0.83
0.79
0.80
0.96
0.96
0.95
0.95
0.94
0.89
0.91
0.96
0.96
0.96
0.97
0.96
0.97
0.96
0.96
0.96
0.95
0.93
0.95
0.97
0.97
0.97
0.96
0.95
0.95
0.97
0.97
0.97
0.97
0.96
0.96
0.95
0.95
0.94
0.94
0.94
0.97
0.97
0.97
0.96
0.96
0.90
0.89
0.87
0.96
0.96
0.96
0.95
0.95
0.89
0.96
0.96
0.96
0.96
0.96
0.95
0.94
0.94
0.96
0.96
0.96
0.94
0.96
0.81
0.75
0.78
0.72
0.97
0.97
0.97
0.97
0.97
0.95
0.95
0.95
0.96
0.97
0.97
0.96
0.96
0.94
0.94
0.96
0.96
0.96
0.96
0.95
0.93
0.92
0.91
0.96
0.96
0.96
0.94
0.95
0.81
0.75
0.77
0.72
0.95
0.96
0.96
0.94
0.95
0.88
0.88
0.87
0.97
0.97
0.96
0.96
0.96
0.97
0.97
0.97
0.95
0.96
0.84
0.78
0.73
0.75
0.96
0.96
0.95
0.95
0.95
0.87
0.81
0.81
0.76
0.69
0.77
0.96
0.96
0.95
0.95
0.94
0.93
0.91
0.88
0.89
0.96
0.96
0.95
0.94
0.92
0.88
0.88
0.85
0.96
0.96
0.96
0.95
0.95
0.87
0.96
0.96
0.97
0.95
0.96
0.91
0.93
0.96
0.96
0.96
0.95
0.96
0.90
0.86
0.86
0.81
0.77
0.82
0.96
0.96
0.97
0.96
0.97
0.96
0.97
0.97
0.96
0.97
0.95
0.95
0.93
0.97
0.97
0.97
0.97
0.97
0.95
0.93
0.93
0.93
0.97
0.97
0.97
0.97
0.97
0.86
0.97
0.97
0.97
0.97
0.97
0.95
0.95
0.94
0.97
0.97
0.97
0.96
0.96
0.89
0.84
0.81
0.86
0.97
0.97
0.97
0.97
0.97
0.95
0.93
0.92
0.90
0.97
0.97
0.97
0.97
0.97
