0.74
0.82
0.76
0.66
0.65
0.56
0.66
0.60
0.74
0.81
0.74
0.64
0.76
0.81
0.73
0.68
0.64
0.57
0.66
0.76
0.65
0.59
0.57
0.49
0.51
0.82
0.67
0.73
0.65
0.60
0.57
0.52
0.51
0.62
0.55
0.57
0.68
0.56
0.51
0.50
0.38
0.32
0.37
0.42
0.52
0.40
0.38
0.37
0.35
0.40
0.57
0.42
0.43
0.43
0.53
0.44
0.41
0.42
0.38
0.42
0.54
0.40
0.43
0.40
0.47
0.39
0.37
0.38
0.35
0.38
0.53
0.38
0.41
0.41
0.48
0.42
0.39
0.41
0.37
0.40
0.48
0.37
0.41
0.41
0.48
0.41
0.39
0.40
0.38
0.39
0.49
0.37
0.41
0.48
0.53
0.49
0.45
0.48
0.43
0.43
0.48
0.40
0.42
0.50
0.54
0.52
0.46
0.51
0.44
0.53
0.41
0.61
0.63
0.61
0.56
0.58
0.51
0.53
0.47
0.42
0.67
0.68
0.69
0.61
0.66
0.53
0.55
0.76
0.78
0.79
0.71
0.77
0.64
0.62
0.68
0.81
0.83
0.83
0.79
0.81
0.68
0.73
0.84
0.85
0.87
0.82
0.86
0.76
0.73
0.74
0.70
0.85
0.87
0.85
0.84
0.83
0.82
0.80
0.82
0.85
0.81
0.80
0.82
0.81
0.81
0.89
0.90
0.90
0.90
0.90
0.90
0.88
0.89
0.89
0.90
0.91
0.89
0.91
0.85
0.83
0.83
0.94
0.94
0.94
0.93
0.94
0.94
0.96
0.96
0.96
0.95
0.96
0.94
0.92
0.92
0.97
0.97
0.97
0.97
0.96
0.96
0.94
0.94
0.93
0.93
0.93
0.96
0.96
0.96
0.96
0.95
0.95
0.91
0.91
0.91
0.92
0.97
0.97
0.97
0.97
0.96
0.94
0.94
0.96
0.96
0.96
0.96
0.95
0.95
0.92
0.93
0.92
0.93
0.96
0.96
0.95
0.96
0.94
0.94
0.95
0.95
0.94
0.93
0.94
0.91
0.93
0.92
0.91
0.94
0.94
0.92
0.93
0.91
0.91
0.92
0.86
0.95
0.93
0.92
0.93
0.86
0.89
0.92
0.91
0.91
0.91
0.90
0.89
0.89
0.88
0.93
0.93
0.92
0.91
0.93
0.93
0.93
0.90
0.91
0.81
0.75
0.73
0.73
0.71
0.94
0.94
0.95
0.93
0.94
0.86
0.79
0.80
0.95
0.95
0.96
0.94
0.95
0.91
0.90
0.96
0.96
0.96
0.96
0.96
0.95
0.93
0.93
0.95
0.95
0.95
0.94
0.95
0.95
0.95
0.93
0.94
0.86
0.82
0.84
0.81
0.95
0.96
0.96
0.95
0.96
0.93
0.93
0.95
0.95
0.95
0.94
0.94
0.92
0.91
0.93
0.93
0.93
0.92
0.92
0.89
0.88
0.89
0.92
0.92
0.92
0.91
0.91
0.89
0.86
0.86
