0.83
0.84
0.84
0.82
0.83
0.82
0.81
0.86
0.86
0.87
0.85
0.87
0.83
0.83
0.88
0.88
0.89
0.87
0.89
0.80
0.89
0.89
0.89
0.86
0.89
0.77
0.70
0.76
0.88
0.88
0.89
0.86
0.88
0.79
0.73
0.74
0.90
0.91
0.91
0.89
0.91
0.81
0.82
0.92
0.92
0.92
0.91
0.91
0.90
0.90
0.89
0.90
0.90
0.90
0.87
0.89
0.78
0.74
0.72
0.69
0.90
0.90
0.90
0.88
0.90
0.84
0.79
0.79
0.92
0.92
0.92
0.91
0.91
0.88
0.88
0.92
0.92
0.92
0.91
0.90
0.88
0.86
0.87
0.90
0.90
0.90
0.88
0.89
0.80
0.74
0.79
0.91
0.91
0.91
0.91
0.91
0.90
0.89
0.87
0.84
0.84
0.86
0.90
0.90
0.89
0.90
0.87
0.89
0.88
0.87
0.88
0.88
0.87
0.86
0.85
0.80
0.78
0.77
0.86
0.85
0.86
0.84
0.84
0.80
0.77
0.78
0.82
0.82
0.82
0.80
0.81
0.77
0.76
0.83
0.83
0.83
0.82
0.82
0.82
0.82
0.82
0.87
0.87
0.86
0.86
0.84
0.84
0.83
0.83
0.81
0.80
0.81
0.80
0.81
0.78
0.78
0.72
0.65
0.65
0.87
0.87
0.88
0.87
0.90
0.91
0.91
0.90
0.91
0.89
0.87
0.87
0.87
0.87
0.86
0.92
0.92
0.92
0.91
0.91
0.86
0.85
0.83
0.93
0.92
0.92
0.90
0.90
0.80
0.71
0.71
0.89
0.88
0.87
0.86
0.85
0.78
0.73
0.76
0.85
0.85
0.85
0.84
0.89
0.90
0.89
0.88
0.88
0.87
0.83
0.84
0.85
0.85
0.79
0.85
0.90
0.90
0.88
0.89
0.86
0.87
0.86
0.87
0.86
0.85
0.84
0.83
0.78
0.74
0.67
0.55
0.51
0.67
0.86
0.87
0.88
0.86
0.88
0.85
0.88
0.88
0.89
0.87
0.88
0.82
0.82
0.89
0.89
0.90
0.87
0.89
0.77
0.73
0.70
0.65
0.89
0.90
0.90
0.89
0.90
0.87
0.86
0.85
0.85
0.91
0.91
0.91
0.90
0.91
0.91
0.91
0.91
0.90
0.90
0.86
0.84
0.81
0.79
0.92
0.92
0.92
0.91
0.91
0.92
0.92
0.92
0.92
0.91
0.92
0.90
0.90
0.91
0.90
0.90
0.88
0.89
0.79
0.72
0.70
0.71
0.70
0.90
0.90
0.90
0.88
0.89
0.80
0.76
0.75
0.72
0.90
0.90
0.89
0.89
0.88
0.86
0.89
0.82
0.89
0.89
0.88
0.88
0.86
0.88
0.86
0.86
