0.91
0.92
0.92
0.91
0.92
0.89
0.86
0.83
0.78
0.93
0.93
0.93
0.92
0.92
0.86
0.95
0.95
0.95
0.94
0.94
0.94
0.94
0.94
0.93
0.94
0.91
0.88
0.86
0.87
0.95
0.96
0.96
0.95
0.95
0.95
0.95
0.95
0.94
0.94
0.92
0.94
0.95
0.95
0.94
0.95
0.93
0.93
0.89
0.89
0.90
0.90
0.91
0.88
0.89
0.89
0.94
0.94
0.93
0.93
0.91
0.91
0.90
0.89
0.87
0.86
0.84
0.84
0.77
0.75
0.67
0.70
0.82
0.80
0.82
0.76
0.79
0.68
0.65
0.58
0.52
0.85
0.85
0.85
0.81
0.82
0.71
0.68
0.68
0.63
0.86
0.87
0.86
0.80
0.81
0.69
0.66
0.66
0.63
0.90
0.91
0.91
0.87
0.89
0.79
0.75
0.70
0.62
0.93
0.93
0.93
0.91
0.92
0.79
0.76
0.73
0.72
0.94
0.94
0.94
0.93
0.93
0.89
0.88
0.81
0.95
0.95
0.94
0.94
0.94
0.89
0.89
0.84
0.94
0.94
0.93
0.93
0.91
0.93
0.92
0.92
0.91
0.92
0.91
0.91
0.91
0.91
0.89
0.89
0.81
0.77
0.73
0.70
0.89
0.89
0.90
0.87
0.89
0.81
0.77
0.79
0.92
0.92
0.92
0.91
0.91
0.89
0.89
0.93
0.93
0.94
0.92
0.93
0.86
0.78
0.78
0.95
0.95
0.95
0.95
0.95
0.93
0.90
0.90
0.96
0.96
0.96
0.95
0.96
0.93
0.91
0.87
0.82
0.96
0.96
0.96
0.96
0.95
0.94
0.90
0.89
0.95
0.95
0.95
0.95
0.95
0.92
0.92
0.95
0.95
0.94
0.94
0.94
0.93
0.90
0.90
0.94
0.94
0.93
0.93
0.92
0.90
0.90
0.88
0.93
0.93
0.93
0.92
0.93
0.89
0.92
0.92
0.92
0.91
0.90
0.88
0.85
0.83
0.82
0.91
0.91
0.91
0.89
0.90
0.82
0.75
0.79
0.90
0.89
0.88
0.88
0.86
0.85
0.84
0.83
0.87
0.86
0.86
0.85
0.84
0.81
0.78
0.70
0.66
0.83
0.82
0.83
0.81
0.81
0.71
0.84
0.85
0.86
0.83
0.85
0.76
0.69
0.70
0.67
0.69
0.46
0.66
0.89
0.90
0.90
0.89
0.89
0.89
0.87
0.87
0.86
0.87
0.82
0.85
0.92
0.93
0.93
0.92
0.93
0.88
0.89
0.93
0.94
0.94
0.93
0.93
0.90
0.90
0.95
0.95
0.95
0.94
0.94
0.93
0.92
0.90
0.83
0.83
0.88
0.95
0.95
0.95
0.94
0.95
0.84
0.78
0.66
0.73
0.96
0.96
0.96
0.96
0.95
0.95
0.93
0.93
0.96
0.96
0.96
0.95
0.96
0.93
0.91
0.89
0.88
0.96
0.96
0.96
0.96
0.96
0.95
0.93
0.92
0.96
0.96
0.96
0.95
0.95
0.91
0.87
0.85
0.84
0.95
0.95
0.95
0.94
0.94
0.92
0.90
0.90
0.94
0.94
0.94
0.94
0.93
0.93
0.90
0.90
0.92
0.92
0.92
0.91
0.91
0.84
0.86
0.93
0.93
0.93
0.91
0.92
0.86
0.87
0.94
0.94
0.93
0.91
0.92
0.80
0.74
0.64
0.72
0.95
0.95
0.96
0.94
0.95
0.86
0.82
0.80
0.78
0.95
0.95
0.95
0.94
0.94
0.76
0.78
0.95
0.95
0.95
0.94
0.95
0.85
0.80
0.77
0.65
0.60
0.73
0.95
0.95
0.95
0.94
0.95
0.85
0.80
0.77
0.75
0.96
0.96
0.96
0.96
0.96
0.93
0.93
0.88
0.96
0.96
0.96
0.96
0.96
0.93
0.85
0.84
0.96
0.96
0.96
0.96
0.96
0.95
0.92
0.92
0.92
0.93
