0.96
0.96
0.96
0.95
0.95
0.91
0.91
0.86
0.96
0.95
0.95
0.94
0.93
0.92
0.92
0.93
0.91
0.92
0.86
0.86
0.93
0.93
0.92
0.91
0.91
0.88
0.87
0.93
0.93
0.93
0.90
0.92
0.77
0.72
0.69
0.66
0.95
0.95
0.95
0.94
0.94
0.93
0.91
0.89
0.83
0.82
0.87
0.94
0.94
0.94
0.92
0.93
0.79
0.74
0.67
0.61
0.95
0.95
0.96
0.94
0.95
0.90
0.84
0.84
0.84
0.84
0.73
0.82
0.97
0.97
0.97
0.96
0.96
0.77
0.96
0.96
0.96
0.96
0.96
0.95
0.95
0.96
0.97
0.96
0.96
0.96
0.95
0.91
0.91
0.92
0.94
0.95
0.93
0.93
0.93
0.96
0.96
0.96
0.96
0.96
0.93
0.93
0.89
0.96
0.96
0.96
0.96
0.96
0.96
0.96
0.95
0.95
0.95
0.95
0.95
0.94
0.91
0.94
0.94
0.94
0.93
0.93
0.91
0.90
0.89
