0.86
0.86
0.86
0.83
0.85
0.73
0.73
0.70
0.86
0.86
0.85
0.84
0.83
0.88
0.87
0.86
0.85
0.84
0.80
0.77
0.71
0.67
0.89
0.89
0.89
0.88
0.88
0.82
0.85
0.89
0.89
0.88
0.87
0.87
0.86
0.85
0.81
0.80
0.89
0.89
0.90
0.88
0.89
0.79
0.79
0.76
0.89
0.89
0.88
0.87
0.86
0.78
0.78
0.89
0.89
0.89
0.88
0.88
0.84
0.80
0.80
0.80
0.80
0.76
0.77
0.89
0.89
0.89
0.87
0.87
0.81
0.75
0.75
0.73
0.71
0.72
0.92
0.92
0.92
0.91
0.91
0.85
0.82
0.75
0.92
0.92
0.93
0.91
0.92
0.82
0.82
0.93
0.93
0.92
0.92
0.90
0.83
0.83
0.79
0.93
0.93
0.93
0.91
0.92
0.85
0.80
0.81
0.93
0.93
0.93
0.92
0.92
0.85
0.79
0.74
0.66
0.94
0.94
0.94
0.92
0.92
0.77
0.78
0.95
0.96
0.96
0.94
0.95
0.83
0.77
0.71
0.64
0.95
0.95
0.94
0.95
0.92
0.94
0.92
0.91
0.92
0.92
0.91
0.95
0.94
0.94
0.93
0.92
0.86
0.82
0.78
0.68
0.63
0.76
0.93
0.93
0.94
0.92
0.93
0.85
0.84
0.79
0.94
0.94
0.95
0.93
0.94
0.89
0.87
0.95
0.95
0.95
0.95
0.95
0.93
0.93
0.95
0.95
0.95
0.94
0.94
0.87
0.88
0.94
0.94
0.94
0.93
0.93
0.92
0.90
0.94
0.93
0.94
0.93
0.95
0.95
0.95
0.95
0.95
0.94
0.92
0.92
0.95
0.95
0.95
0.94
0.95
0.88
0.85
0.82
0.70
0.66
0.78
0.96
0.96
0.96
0.95
0.95
0.93
0.87
0.87
0.95
0.95
0.95
0.93
0.95
0.79
0.74
0.69
0.69
0.95
0.95
0.95
0.95
0.94
0.94
0.93
0.92
0.92
0.92
0.88
0.92
0.95
0.95
0.94
0.94
0.94
0.90
0.85
0.84
0.85
0.87
0.94
0.94
0.94
0.94
0.93
0.91
0.86
0.86
0.94
0.93
0.94
0.92
0.93
0.82
0.78
0.73
0.72
0.92
0.92
0.92
0.91
0.90
0.86
0.86
0.93
0.93
0.92
0.92
0.90
0.91
0.87
0.87
0.91
0.91
0.91
0.88
0.89
0.75
0.71
0.64
0.58
