0.95
0.96
0.95
0.95
0.95
0.95
0.94
0.93
0.93
0.93
0.93
0.96
0.96
0.95
0.95
0.94
0.93
0.91
0.89
0.96
0.95
0.95
0.95
0.94
0.94
0.93
0.92
0.96
0.95
0.95
0.94
0.94
0.88
0.79
0.79
0.95
0.95
0.95
0.94
0.95
0.95
0.95
0.95
0.95
0.94
0.93
0.90
0.91
0.92
0.92
0.92
0.90
0.91
0.91
0.96
0.96
0.96
0.96
0.95
0.95
0.93
0.92
0.93
0.93
0.96
0.96
0.96
0.95
0.95
0.88
0.78
0.83
0.96
0.96
0.96
0.96
0.96
0.93
0.93
0.96
0.96
0.96
0.96
0.96
0.90
0.85
0.77
0.68
0.96
0.96
0.96
0.96
0.96
0.95
0.95
0.96
0.96
0.96
0.95
0.95
0.85
0.80
0.95
0.95
0.95
0.95
0.94
0.93
0.91
0.89
0.79
0.78
0.87
0.94
0.94
0.94
0.93
0.93
0.87
0.78
0.79
0.94
0.94
0.93
0.93
0.92
0.92
0.90
0.90
0.94
0.94
0.94
0.93
0.94
0.88
0.85
0.81
0.69
0.66
0.78
0.94
0.95
0.95
0.94
0.95
0.89
0.86
0.82
0.84
0.95
0.95
0.95
0.94
0.95
0.82
0.82
0.96
0.96
0.96
0.95
0.95
0.86
0.84
0.96
0.96
0.96
0.96
0.96
0.92
0.92
0.85
0.96
0.96
0.96
0.95
0.96
0.72
0.96
0.96
0.96
0.96
0.95
0.94
0.94
0.95
0.95
0.94
0.94
0.92
0.93
0.91
0.90
0.93
0.93
0.92
0.90
0.92
0.92
0.91
0.88
0.89
0.70
0.68
0.67
0.92
0.94
0.93
0.92
0.92
0.85
0.79
0.80
0.93
0.93
0.92
0.90
0.90
0.74
0.67
0.94
0.95
0.95
0.93
0.94
0.81
0.76
0.95
0.95
0.94
0.93
0.93
0.86
0.85
0.94
0.94
0.95
0.94
0.94
0.94
0.94
0.93
0.93
0.91
0.87
0.87
0.87
0.87
0.82
0.85
0.93
0.93
0.92
0.93
0.90
0.91
0.91
0.91
0.90
0.90
0.87
0.87
0.74
0.70
0.59
0.66
0.86
0.85
0.84
0.80
0.78
0.73
0.70
0.70
0.67
0.87
0.87
0.87
0.84
0.85
0.76
0.71
0.72
0.91
0.91
0.91
0.90
0.90
0.87
0.84
0.84
0.84
0.84
0.80
0.82
0.91
0.92
0.91
0.90
0.90
0.84
0.86
0.92
0.92
0.92
0.90
0.91
0.82
0.75
0.68
