0.87
0.87
0.87
0.85
0.86
0.77
0.76
0.74
0.88
0.88
0.89
0.86
0.88
0.78
0.74
0.69
0.55
0.50
0.67
0.89
0.89
0.89
0.87
0.88
0.80
0.90
0.89
0.89
0.89
0.88
0.86
0.83
0.83
0.89
0.89
0.90
0.88
0.89
0.77
0.89
0.89
0.88
0.87
0.87
0.82
0.79
0.75
0.77
0.88
0.88
0.88
0.87
0.87
0.82
0.79
0.72
0.59
0.56
0.70
0.88
0.89
0.88
0.86
0.86
0.77
0.69
0.71
0.71
0.78
0.80
0.73
0.78
0.73
0.89
0.89
0.89
0.86
0.88
0.77
0.73
0.63
0.68
0.91
0.91
0.91
0.90
0.90
0.89
0.89
0.86
0.81
0.81
0.86
0.89
0.89
0.90
0.89
0.90
0.90
0.90
0.90
0.91
0.92
0.92
0.90
0.92
0.80
0.72
0.73
0.94
0.94
0.94
0.93
0.94
0.94
0.94
0.94
0.93
0.93
0.79
0.94
0.94
0.94
0.93
0.94
0.91
0.88
0.88
0.95
0.95
0.95
0.95
0.95
0.92
0.94
0.94
0.94
0.93
0.93
0.87
0.93
0.93
0.93
0.92
0.92
0.87
0.88
0.94
0.94
0.94
0.94
0.94
0.91
0.91
0.88
0.94
0.94
0.94
0.94
0.93
0.94
0.93
0.93
0.93
0.92
0.92
0.91
0.90
0.77
0.91
0.91
0.91
0.90
0.90
0.88
0.85
0.85
0.92
0.92
0.91
0.91
0.89
0.91
0.89
0.89
0.90
0.90
0.90
0.88
0.91
0.91
0.91
0.90
0.90
0.90
0.90
0.90
0.89
0.90
0.85
0.83
0.92
0.92
0.92
0.89
0.90
0.74
0.93
0.94
0.94
0.93
0.93
0.95
0.95
0.95
0.94
0.94
0.94
0.92
0.92
0.92
0.92
0.91
0.95
0.95
0.94
0.94
0.93
0.92
0.92
0.87
0.94
0.93
0.93
0.92
0.92
0.92
0.91
0.90
0.90
0.79
0.90
0.90
0.89
0.88
0.87
0.81
0.78
0.69
0.88
0.87
0.87
0.86
0.86
0.85
0.85
0.85
0.83
0.84
0.80
0.80
0.87
0.87
0.87
0.86
0.87
0.88
0.88
0.85
0.87
0.77
0.71
0.69
0.67
0.64
0.88
0.88
0.89
0.87
0.89
0.81
0.81
0.90
0.90
0.90
0.89
0.90
0.90
0.90
0.90
0.89
0.90
0.85
0.83
0.83
0.90
0.90
0.91
0.89
0.90
0.85
0.80
0.81
0.80
0.81
0.76
0.91
0.91
0.91
0.89
0.90
0.74
0.74
0.91
0.90
0.90
0.89
0.90
0.86
0.82
0.82
0.91
0.91
0.91
0.89
0.90
0.82
0.78
0.81
0.90
0.90
0.91
0.89
0.90
0.86
0.84
0.85
