0.94
0.94
0.94
0.93
0.94
0.90
0.91
0.95
0.95
0.95
0.94
0.94
0.89
0.86
0.85
0.85
0.95
0.95
0.95
0.93
0.95
0.81
0.67
0.69
0.95
0.95
0.96
0.95
0.95
0.91
0.88
0.87
0.87
0.96
0.96
0.96
0.96
0.96
0.95
0.95
0.93
0.96
0.96
0.96
0.95
0.95
0.90
0.80
0.79
0.95
0.95
0.95
0.94
0.95
0.82
0.76
0.70
0.68
0.96
0.96
0.96
0.96
0.95
0.95
0.93
0.93
0.94
0.94
0.95
0.93
0.93
0.93
0.96
0.95
0.95
0.94
0.94
0.83
0.76
0.72
0.56
0.51
0.67
0.95
0.95
0.95
0.94
0.94
0.88
0.82
0.74
0.66
0.95
0.94
0.94
0.94
0.93
0.90
0.86
0.84
0.83
0.94
0.94
0.95
0.94
0.96
0.96
0.96
0.96
0.96
0.95
0.95
0.96
0.96
0.96
0.95
0.96
0.91
0.86
0.78
0.69
0.97
0.97
0.97
0.96
0.97
0.92
0.88
0.85
0.74
0.70
0.81
0.98
0.98
0.98
0.97
0.97
0.95
0.95
0.98
0.98
0.98
0.98
0.98
0.97
0.94
0.94
0.98
0.98
0.98
0.98
0.98
0.97
0.97
0.98
0.98
0.98
0.98
0.98
0.97
0.95
0.95
0.97
0.97
0.97
0.97
0.97
0.96
0.96
