0.73
0.75
0.76
0.68
0.73
0.75
0.78
0.76
0.70
0.72
0.62
0.61
0.73
0.83
0.84
0.85
0.82
0.84
0.77
0.75
0.86
0.87
0.89
0.85
0.88
0.90
0.91
0.92
0.88
0.92
0.76
0.71
0.72
0.66
0.92
0.92
0.93
0.90
0.92
0.79
0.70
0.70
0.93
0.93
0.94
0.92
0.93
0.85
0.81
0.78
0.81
0.94
0.94
0.94
0.93
0.94
0.91
0.87
0.87
0.95
0.95
0.95
0.94
0.95
0.88
0.88
0.95
0.96
0.96
0.95
0.96
0.85
0.79
0.75
0.96
0.96
0.96
0.96
0.96
0.96
0.96
0.96
0.95
0.96
0.89
0.82
0.82
0.97
0.97
0.97
0.96
0.97
0.87
0.79
0.77
0.76
0.97
0.97
0.97
0.97
0.97
0.96
0.93
0.93
0.97
0.97
0.97
0.97
0.97
0.97
0.97
0.96
0.97
0.88
0.81
0.75
0.67
0.97
0.97
0.97
0.96
0.96
0.93
0.90
0.89
0.89
0.97
0.97
0.96
0.96
0.96
0.96
0.95
0.94
0.96
0.96
0.96
0.95
0.95
0.96
0.95
0.95
0.94
0.94
0.72
0.72
0.95
0.95
0.94
0.94
0.93
0.89
0.82
0.80
0.82
0.83
0.93
0.93
0.93
0.92
0.94
0.94
0.94
0.94
0.93
0.91
0.86
0.87
0.89
0.91
0.91
0.88
0.90
0.89
0.95
0.95
0.95
0.94
0.95
0.90
0.90
0.85
0.96
0.96
0.96
0.96
0.95
0.93
0.86
0.86
0.95
0.95
0.95
0.94
0.94
0.89
0.79
0.78
0.93
0.92
0.90
0.91
0.87
0.78
0.83
0.90
0.88
0.87
0.83
0.86
0.86
0.85
0.81
0.85
0.84
0.85
0.82
0.84
0.74
0.71
0.65
0.53
0.49
0.63
0.86
0.86
0.85
0.83
0.81
0.76
0.86
0.86
0.87
0.84
0.86
0.76
0.70
0.70
0.88
0.89
0.90
0.89
0.92
0.93
0.93
0.92
0.93
0.85
0.85
0.92
0.93
0.93
0.90
0.92
0.79
0.69
0.66
0.92
0.93
0.93
0.92
0.93
0.89
0.84
0.85
0.84
0.85
0.94
0.95
0.95
0.94
0.95
0.90
0.87
0.85
0.84
