0.92
0.92
0.91
0.88
0.92
0.92
0.92
0.90
0.90
0.82
0.79
0.73
0.60
0.55
0.71
0.93
0.93
0.93
0.92
0.92
0.92
0.90
0.90
0.90
0.90
0.87
0.88
0.93
0.92
0.92
0.90
0.91
0.78
0.74
0.70
0.68
0.92
0.92
0.92
0.89
0.90
0.76
0.72
0.61
0.67
0.92
0.92
0.92
0.91
0.90
0.87
0.86
0.83
0.91
0.91
0.91
0.89
0.89
0.73
0.73
0.91
0.90
0.90
0.88
0.88
0.76
0.91
0.90
0.90
0.89
0.88
0.79
0.90
0.90
0.89
0.90
0.87
0.90
0.88
0.88
0.88
0.88
0.85
0.87
0.89
0.89
0.89
0.87
0.87
0.76
0.71
0.68
0.65
0.90
0.90
0.90
0.89
0.90
0.84
0.91
0.91
0.91
0.89
0.90
0.84
0.81
0.78
0.77
0.91
0.91
0.91
0.89
0.90
0.77
0.72
0.67
0.64
0.91
0.91
0.92
0.89
0.91
0.77
0.71
0.62
0.55
0.92
0.93
0.93
0.92
0.92
0.91
0.90
0.90
0.89
0.90
0.88
0.93
0.93
0.93
0.92
0.92
0.87
0.84
0.80
0.68
0.67
0.76
0.92
0.92
0.92
0.90
0.91
0.78
0.73
0.67
0.65
0.92
0.92
0.92
0.91
0.91
0.80
0.75
0.70
0.68
0.93
0.93
0.93
0.93
0.93
0.90
0.84
0.84
0.93
0.93
0.93
0.92
0.92
0.84
0.78
0.69
0.60
0.92
0.91
0.92
0.90
0.91
0.81
0.76
0.71
0.67
0.92
0.92
0.92
0.90
0.91
0.81
0.75
0.67
0.47
0.41
0.66
0.93
0.93
0.93
0.92
0.92
0.91
0.91
0.89
