0.40
0.42
0.40
0.33
0.36
0.31
0.24
0.26
0.26
0.30
0.24
0.61
0.60
0.61
0.55
0.57
0.51
0.68
0.68
0.68
0.64
0.65
0.59
0.59
0.59
0.52
0.79
0.79
0.80
0.76
0.77
0.71
0.66
0.68
0.64
0.68
0.59
0.81
0.81
0.81
0.80
0.86
0.86
0.87
0.86
0.90
0.90
0.91
0.89
0.90
0.86
0.83
0.82
0.79
0.93
0.93
0.93
0.92
0.93
0.88
0.81
0.81
0.94
0.95
0.95
0.94
0.94
0.95
0.95
0.95
0.95
0.94
0.95
0.94
0.94
0.93
0.93
0.93
0.95
0.95
0.94
0.94
0.93
0.90
0.90
0.94
0.94
0.93
0.93
0.92
0.89
0.83
0.82
0.85
0.85
0.92
0.92
0.92
0.91
0.91
0.87
0.82
0.80
0.78
0.93
0.94
0.93
0.92
0.92
0.82
0.72
0.72
0.94
0.94
0.94
0.93
0.94
0.86
0.82
0.79
0.66
0.62
0.75
0.95
0.95
0.95
0.93
0.94
0.84
0.81
0.77
0.64
0.60
0.73
0.95
0.95
0.95
0.95
0.95
0.91
0.83
0.83
0.94
0.94
0.94
0.93
0.93
0.88
0.85
0.82
0.70
0.68
0.79
0.94
0.94
0.93
0.93
0.92
0.86
0.75
0.74
0.92
0.92
0.91
0.91
0.91
0.88
0.87
0.90
0.90
0.89
0.89
0.88
0.88
0.86
0.84
0.84
0.88
0.87
0.87
0.86
0.86
0.82
0.77
0.77
0.86
0.86
0.86
0.86
0.85
0.86
0.84
0.84
0.83
0.83
0.81
0.83
0.83
0.82
0.82
0.81
0.81
0.80
0.78
0.79
0.78
0.79
0.77
0.77
0.72
0.68
0.59
0.49
0.45
0.60
0.80
0.79
0.80
0.78
0.79
0.75
0.73
0.73
0.82
0.82
0.82
0.82
0.84
0.85
0.85
0.83
0.84
0.81
0.79
0.81
0.77
0.75
