0.94
0.94
0.94
0.93
0.92
0.88
0.84
0.85
0.85
0.94
0.95
0.95
0.94
0.94
0.86
0.95
0.95
0.95
0.95
0.94
0.92
0.92
0.88
0.95
0.95
0.95
0.94
0.94
0.86
0.80
0.73
0.63
0.95
0.95
0.94
0.94
0.93
0.92
0.88
0.87
0.94
0.94
0.94
0.92
0.93
0.78
0.73
0.65
0.57
0.92
0.92
0.92
0.91
0.90
0.78
0.92
0.91
0.91
0.91
0.89
0.86
0.81
0.81
0.91
0.91
0.91
0.89
0.90
0.80
0.71
0.71
0.91
0.91
0.89
0.89
0.87
0.83
0.82
0.90
0.90
0.89
0.88
0.87
0.87
0.85
0.83
0.78
0.73
0.63
0.63
0.84
0.83
0.82
0.80
0.76
0.82
0.82
0.83
0.79
0.79
0.69
0.87
0.87
0.88
0.85
0.86
0.77
0.73
0.65
0.58
0.89
0.90
0.90
0.89
0.89
0.85
0.85
0.91
0.91
0.91
0.89
0.90
0.79
0.74
0.66
0.58
0.92
0.92
0.93
0.91
0.92
0.83
0.79
0.75
0.73
0.92
0.93
0.93
0.92
0.92
0.87
0.87
0.83
0.94
0.94
0.94
0.92
0.93
0.74
0.94
0.94
0.94
0.93
0.93
0.90
0.88
0.86
0.75
0.75
0.84
0.94
0.94
0.94
0.93
0.94
0.83
0.77
0.73
0.71
0.95
0.95
0.94
0.94
0.93
0.93
0.90
0.90
0.90
0.90
0.89
0.95
0.94
0.94
0.93
0.94
0.80
0.74
0.70
0.69
0.94
0.93
0.93
0.92
0.91
0.84
0.75
0.74
0.91
0.91
0.91
0.90
0.90
0.82
0.83
0.91
0.91
0.91
0.89
0.89
0.82
0.77
0.82
0.92
0.92
0.92
0.91
0.95
0.95
0.95
0.94
0.94
0.89
0.86
0.81
0.75
0.95
0.95
0.95
0.94
0.94
0.92
0.88
0.88
0.95
0.94
0.94
0.93
0.94
0.75
0.93
0.93
0.92
0.91
0.91
0.88
0.83
0.83
0.81
0.78
0.72
0.79
