0.91
0.91
0.90
0.89
0.88
0.86
0.83
0.81
0.88
0.89
0.88
0.87
0.87
0.85
0.81
0.82
0.82
0.82
0.81
0.88
0.88
0.89
0.86
0.87
0.81
0.79
0.78
0.76
0.90
0.90
0.90
0.88
0.87
0.88
0.87
0.86
0.85
0.84
0.81
0.82
0.83
0.83
0.74
0.82
0.86
0.86
0.86
0.85
0.85
0.82
0.85
0.78
0.89
0.89
0.89
0.88
0.87
0.83
0.81
0.79
0.75
0.89
0.89
0.87
0.88
0.84
0.87
0.86
0.85
0.85
0.83
0.81
0.76
0.76
0.83
0.83
0.81
0.80
0.78
0.77
0.76
0.76
0.84
0.84
0.85
0.82
0.83
0.73
0.73
0.71
0.78
0.79
0.79
0.75
0.78
0.69
0.65
0.67
0.81
0.82
0.81
0.78
0.79
0.71
0.65
0.68
0.67
0.65
0.66
0.82
0.81
0.81
0.78
0.79
0.81
0.81
0.81
0.79
0.80
0.75
0.72
0.86
0.86
0.86
0.85
0.84
0.83
0.82
0.76
0.71
0.70
0.76
0.81
0.81
0.80
0.77
0.78
0.71
0.68
0.62
0.56
0.81
0.80
0.80
0.78
0.78
0.71
0.71
0.69
0.81
0.80
0.81
0.79
0.79
0.82
0.81
0.80
0.79
0.78
0.70
0.70
0.79
0.78
0.78
0.76
0.75
0.70
0.68
0.59
0.49
0.45
0.62
0.79
0.77
0.78
0.75
0.75
0.70
0.66
0.67
