0.96
0.96
0.96
0.96
0.96
0.94
0.94
0.90
0.96
0.95
0.95
0.94
0.94
0.82
0.94
0.94
0.94
0.94
0.93
0.92
0.91
0.91
0.89
0.90
0.78
0.74
0.66
0.59
0.91
0.92
0.92
0.91
0.92
0.87
0.85
0.85
0.92
0.93
0.92
0.91
0.92
0.88
0.82
0.84
0.84
0.84
0.91
0.91
0.91
0.90
0.93
0.93
0.94
0.92
0.93
0.84
0.77
0.81
0.95
0.95
0.95
0.95
0.95
0.93
0.94
0.94
0.94
0.94
0.93
0.93
0.90
0.90
0.90
0.90
0.89
0.94
0.94
0.94
0.93
0.94
0.87
0.84
0.80
0.66
0.63
0.74
0.95
0.96
0.96
0.95
0.95
0.93
0.93
0.96
0.96
0.96
0.96
0.95
0.94
0.91
0.90
0.95
0.94
0.94
0.93
0.93
0.84
0.79
0.77
0.76
0.94
0.94
0.94
0.93
0.93
0.89
0.94
0.94
0.94
0.93
0.96
0.96
0.96
0.94
0.95
0.88
0.82
0.80
0.67
0.60
0.75
0.97
0.97
0.97
0.96
0.96
0.97
0.97
0.97
0.96
0.96
0.92
0.92
0.97
0.97
0.97
0.97
0.97
0.96
0.96
0.96
0.96
0.96
0.96
0.95
0.94
0.94
0.94
0.93
