0.95
0.95
0.95
0.95
0.95
0.91
0.87
0.88
0.95
0.95
0.95
0.93
0.94
0.80
0.75
0.67
0.61
0.95
0.96
0.96
0.95
0.96
0.89
0.84
0.87
0.96
0.96
0.96
0.95
0.96
0.96
0.96
0.96
0.96
0.95
0.95
0.93
0.92
0.95
0.95
0.95
0.94
0.94
0.74
0.96
0.95
0.95
0.94
0.95
0.79
0.72
0.69
0.67
0.95
0.95
0.95
0.94
0.93
0.93
0.92
0.93
0.91
0.92
0.90
0.90
0.93
0.93
0.92
0.92
0.91
0.87
0.81
0.81
0.81
0.82
0.94
0.93
0.92
0.92
0.90
0.88
0.85
0.81
0.77
0.91
0.90
0.89
0.89
0.86
0.87
0.87
0.79
0.87
0.86
0.86
0.84
0.84
0.77
0.86
0.86
0.86
0.85
0.85
0.83
0.79
0.80
0.84
0.84
0.85
0.82
0.84
0.78
0.75
0.75
0.86
0.86
0.86
0.85
0.85
0.80
0.77
0.77
0.84
0.84
0.84
0.82
0.83
0.77
0.73
0.65
0.69
0.84
0.84
0.85
0.83
0.85
0.89
0.89
0.89
0.89
0.89
0.87
0.87
0.89
0.88
0.88
0.87
0.87
0.76
0.86
0.86
0.86
0.85
0.86
0.80
0.79
0.77
0.88
0.89
0.89
0.88
0.89
0.86
0.84
0.84
0.93
0.93
0.92
0.92
0.92
0.90
0.90
0.91
0.91
0.90
0.89
0.89
0.90
0.90
0.90
0.88
0.90
0.81
0.77
0.68
0.61
0.92
0.92
0.92
0.92
0.91
0.90
0.90
0.92
0.91
0.90
0.90
0.89
0.84
0.81
0.78
0.77
0.89
0.88
0.88
0.86
0.86
0.80
0.75
0.72
0.69
0.87
0.87
0.87
0.86
0.85
0.85
0.85
0.83
0.88
0.87
0.86
0.87
0.84
0.89
0.88
0.88
0.87
0.87
0.87
0.84
0.83
0.82
0.82
0.79
0.77
0.74
0.66
0.62
0.80
0.79
0.78
0.77
0.74
0.73
0.70
0.71
0.74
0.72
0.72
0.70
0.67
0.66
