0.96
0.96
0.95
0.95
0.94
0.94
0.94
0.94
0.93
0.92
0.92
0.86
0.94
0.94
0.94
0.93
0.94
0.90
0.95
0.95
0.95
0.94
0.95
0.90
0.86
0.88
0.95
0.95
0.95
0.93
0.95
0.80
0.73
0.68
0.64
0.95
0.96
0.96
0.95
0.96
0.94
0.92
0.90
0.87
0.97
0.97
0.97
0.96
0.96
0.78
0.96
0.96
0.96
0.96
0.96
0.96
0.96
0.96
0.96
0.96
0.94
0.91
0.91
0.91
0.90
0.89
0.97
0.97
0.97
0.97
0.97
0.95
0.91
0.91
0.97
0.97
0.97
0.96
0.96
0.85
0.78
0.71
0.66
0.96
0.96
0.96
0.96
0.95
0.90
0.95
0.95
0.95
0.94
0.93
0.89
0.82
0.82
0.95
0.95
0.96
0.95
0.97
0.97
0.97
0.97
0.96
0.96
0.97
0.97
0.97
0.97
0.97
0.95
0.93
0.92
0.97
0.97
0.97
0.97
0.97
0.96
0.94
0.92
0.87
0.87
0.91
0.97
0.97
0.97
0.97
0.97
0.95
0.94
0.97
0.97
0.97
0.96
0.96
0.95
0.95
0.93
0.96
0.96
0.96
0.96
0.95
0.95
0.93
0.92
0.95
0.95
0.94
0.94
0.93
0.93
0.89
0.89
0.88
0.89
0.81
0.87
0.94
0.94
0.94
0.93
0.93
0.86
0.81
0.75
0.68
0.95
0.95
0.94
0.93
0.93
0.80
0.84
0.95
0.94
0.94
0.92
0.93
0.83
0.80
0.78
0.78
