0.77
0.78
0.80
0.74
0.78
0.69
0.67
0.70
0.79
0.80
0.80
0.76
0.78
0.73
0.73
0.84
0.86
0.88
0.83
0.86
0.81
0.77
0.77
0.87
0.89
0.90
0.86
0.90
0.81
0.81
0.90
0.91
0.92
0.88
0.92
0.77
0.71
0.76
0.93
0.93
0.94
0.92
0.93
0.90
0.93
0.94
0.94
0.92
0.93
0.84
0.77
0.78
0.79
0.81
0.86
0.82
0.84
0.82
0.94
0.95
0.96
0.94
0.95
0.88
0.86
0.85
0.96
0.96
0.97
0.96
0.97
0.96
0.95
0.93
0.90
0.89
0.93
0.97
0.97
0.97
0.97
0.97
0.95
0.93
0.93
0.92
0.93
0.97
0.97
0.97
0.97
0.97
0.94
0.91
0.91
0.91
0.98
0.98
0.98
0.98
0.98
0.97
0.96
0.94
0.91
0.90
0.94
0.98
0.98
0.98
0.98
0.98
0.97
0.97
0.94
0.98
0.98
0.98
0.98
0.98
0.96
0.92
0.92
0.92
0.98
0.98
0.98
0.98
0.98
0.98
0.97
0.97
0.96
0.96
0.96
0.98
0.98
0.98
0.98
0.98
0.98
0.98
0.98
0.99
0.99
0.99
0.99
0.98
0.98
0.98
0.98
0.98
0.98
0.98
0.98
0.97
0.96
0.95
0.95
0.97
0.97
0.97
0.96
0.98
0.98
0.98
0.98
0.97
0.97
0.96
0.96
0.95
0.94
0.95
0.97
0.97
0.97
0.97
0.96
0.95
0.94
0.93
0.98
0.98
0.97
0.96
0.97
0.98
0.98
0.97
0.98
0.97
0.97
0.97
0.98
0.98
0.97
0.97
0.96
0.95
0.93
0.92
0.98
0.98
0.98
0.97
0.98
0.90
0.85
0.83
0.88
0.98
0.98
0.98
0.98
0.98
0.98
0.98
0.98
0.98
0.98
0.98
0.98
0.98
0.97
0.97
0.97
0.98
0.98
0.98
0.98
0.98
