0.93
0.93
0.94
0.93
0.93
0.91
0.91
0.90
0.96
0.96
0.96
0.96
0.96
0.89
0.87
0.79
0.95
0.95
0.95
0.94
0.94
0.93
0.94
0.94
0.93
0.93
0.93
0.91
0.92
0.96
0.96
0.96
0.95
0.95
0.92
0.92
0.97
0.96
0.96
0.96
0.96
0.89
0.85
0.76
0.95
0.95
0.95
0.94
0.94
0.91
0.91
0.88
0.96
0.96
0.95
0.95
0.95
0.91
0.83
0.83
0.96
0.96
0.95
0.95
0.94
0.95
0.95
0.95
0.93
0.93
0.83
0.77
0.70
0.76
0.94
0.94
0.94
0.93
0.93
0.83
0.95
0.95
0.94
0.94
0.93
0.92
0.89
0.90
0.90
0.90
0.89
0.95
0.95
0.93
0.91
0.94
0.94
0.94
0.92
0.94
0.86
0.82
0.77
0.74
0.94
0.95
0.93
0.92
0.91
0.92
0.92
0.89
0.88
0.86
0.71
0.70
0.69
