0.92
0.92
0.92
0.90
0.92
0.75
0.75
0.92
0.92
0.92
0.91
0.91
0.85
0.85
0.81
0.91
0.91
0.91
0.89
0.89
0.76
0.75
0.91
0.92
0.92
0.91
0.91
0.89
0.88
0.87
0.92
0.91
0.91
0.90
0.90
0.83
0.80
0.74
0.67
0.91
0.91
0.92
0.90
0.91
0.86
0.83
0.83
0.93
0.93
0.93
0.92
0.93
0.87
0.83
0.83
0.93
0.93
0.93
0.93
0.93
0.93
0.93
0.93
0.92
0.91
0.87
0.85
0.83
0.92
0.92
0.92
0.90
0.90
0.74
0.74
0.90
0.89
0.89
0.88
0.86
0.76
0.88
0.87
0.84
0.85
0.80
0.75
0.75
0.83
0.84
0.84
0.82
0.85
0.86
0.86
0.82
0.84
0.72
0.86
0.87
0.87
0.87
0.90
0.91
0.91
0.90
0.90
0.85
0.81
0.82
0.82
0.82
0.72
0.80
0.92
0.92
0.92
0.90
0.91
0.92
0.92
0.93
0.90
0.92
0.74
0.74
0.94
0.94
0.94
0.92
0.93
0.87
0.85
0.83
0.84
0.93
0.93
0.93
0.91
0.93
0.83
0.79
0.75
0.62
0.59
0.71
0.94
0.95
0.95
0.94
0.94
0.89
0.94
0.94
0.94
0.93
0.93
0.86
0.85
0.80
0.94
0.94
0.94
0.93
0.94
0.90
0.86
0.87
0.94
0.94
0.94
0.94
0.94
0.89
0.85
0.82
0.81
0.94
0.94
0.94
0.94
0.94
0.94
0.94
0.94
0.94
0.94
0.93
0.92
0.90
0.94
0.94
0.94
0.93
0.93
0.78
0.94
0.94
0.93
0.93
0.93
0.90
0.84
0.84
0.84
0.85
0.81
0.94
0.94
0.94
0.93
0.93
0.93
0.91
0.90
0.95
0.95
0.94
0.94
0.94
0.90
0.87
0.84
0.83
0.94
0.94
0.94
0.93
0.93
0.84
0.78
0.68
0.59
0.93
0.93
0.93
0.91
0.92
0.79
0.73
0.67
0.50
0.45
0.65
0.95
0.95
0.94
0.94
0.94
0.92
0.89
0.88
0.95
0.95
0.95
0.94
0.94
0.84
0.77
0.68
0.59
0.94
0.94
0.94
0.93
0.93
0.88
0.84
0.80
0.79
0.94
0.94
0.94
0.94
0.93
0.92
0.89
0.89
0.89
0.89
0.83
0.88
0.95
0.95
0.95
0.94
0.94
0.91
0.87
0.88
