0.83
0.83
0.85
0.81
0.84
0.74
0.71
0.63
0.84
0.84
0.85
0.83
0.84
0.86
0.87
0.88
0.86
0.88
0.82
0.83
0.87
0.89
0.89
0.88
0.88
0.88
0.86
0.86
0.87
0.88
0.89
0.90
0.91
0.89
0.92
0.88
0.88
0.91
0.92
0.92
0.90
0.91
0.84
0.84
0.80
0.92
0.92
0.89
0.91
0.87
0.88
0.88
0.88
0.87
0.87
0.85
0.85
0.83
0.88
0.88
0.88
0.86
0.87
0.85
0.85
0.86
0.84
0.85
0.81
0.88
0.89
0.89
0.87
0.89
0.83
0.90
0.91
0.90
0.90
0.89
0.91
0.90
0.90
0.89
0.86
0.86
0.86
0.85
0.85
0.82
0.80
0.77
0.74
0.85
0.84
0.85
0.83
0.84
0.88
0.89
0.89
0.88
0.88
0.88
0.88
0.87
0.89
0.89
0.88
0.87
0.87
0.84
0.81
0.77
0.74
0.83
0.82
0.82
0.81
0.81
0.77
0.75
0.69
0.66
0.63
0.68
