0.89
0.89
0.89
0.88
0.87
0.84
0.80
0.80
0.91
0.92
0.92
0.90
0.91
0.86
0.81
0.82
0.94
0.94
0.94
0.92
0.94
0.85
0.81
0.77
0.63
0.58
0.74
0.95
0.95
0.95
0.95
0.95
0.93
0.93
0.90
0.94
0.94
0.95
0.94
0.94
0.94
0.93
0.93
0.93
0.92
0.92
0.91
0.91
0.90
0.90
0.90
0.87
0.87
0.87
0.86
0.86
0.83
0.80
0.81
0.87
0.87
0.86
0.86
0.83
0.90
0.80
0.79
0.79
0.76
0.78
0.78
0.78
0.77
0.76
0.73
0.70
0.69
0.80
0.80
0.81
0.79
0.79
0.77
0.76
0.75
0.80
0.81
0.82
0.78
0.80
0.71
0.68
0.60
0.47
0.42
0.61
0.81
0.82
0.83
0.79
0.83
0.71
0.66
0.58
0.86
0.87
0.87
0.86
0.87
0.84
0.82
0.83
0.90
0.90
0.90
0.89
0.88
0.89
0.89
0.89
0.89
0.85
0.87
0.73
0.70
0.64
0.51
0.46
0.63
0.88
0.88
0.88
0.86
0.87
0.76
0.71
0.64
0.91
0.90
0.90
0.89
0.88
0.87
0.85
0.82
0.79
0.90
0.90
0.90
0.89
0.92
0.92
0.90
0.91
0.87
0.86
0.86
0.88
0.87
0.86
0.83
0.83
0.74
0.66
0.66
0.90
0.90
0.91
0.89
0.90
0.81
0.92
0.92
0.92
0.91
0.90
0.88
0.82
0.83
0.85
0.86
0.70
0.85
0.94
0.94
0.94
0.93
0.93
0.90
0.89
0.95
0.95
0.96
0.94
0.95
0.78
0.96
0.96
0.96
0.96
0.96
0.93
0.88
0.87
0.95
0.95
0.95
0.95
0.95
0.93
0.91
0.90
0.90
0.90
0.89
0.94
0.94
0.93
0.92
0.92
0.77
0.78
0.74
0.93
0.93
0.91
0.92
0.89
0.93
0.91
0.91
0.91
0.91
0.91
0.89
0.88
0.87
0.85
0.85
0.77
0.74
0.68
0.58
0.54
0.65
0.85
0.84
0.84
0.82
0.81
0.74
0.81
0.81
0.82
0.80
0.83
0.83
0.84
0.81
0.83
0.73
0.68
0.61
0.86
0.87
0.87
0.85
0.87
0.90
0.91
0.91
0.89
0.90
0.92
0.92
0.92
0.91
0.92
0.85
0.85
0.93
0.94
0.94
0.92
0.93
0.87
0.85
0.81
0.75
0.95
0.95
0.94
0.94
0.93
0.93
0.91
0.91
0.91
0.91
0.88
0.90
