0.90
0.90
0.91
0.89
0.91
0.86
0.85
0.93
0.93
0.93
0.92
0.92
0.83
0.83
0.95
0.95
0.96
0.95
0.95
0.92
0.92
0.96
0.96
0.96
0.96
0.96
0.94
0.90
0.89
0.97
0.97
0.97
0.96
0.96
0.93
0.81
0.80
0.96
0.96
0.96
0.96
0.96
0.96
0.96
0.95
0.95
0.95
0.95
0.94
0.94
0.93
0.92
0.90
0.89
0.94
0.94
0.93
0.94
0.92
0.90
0.90
0.92
0.91
0.91
0.89
0.89
0.84
0.80
0.75
0.70
0.91
0.90
0.90
0.89
0.92
0.92
0.93
0.90
0.93
0.80
0.75
0.68
0.62
0.94
0.94
0.94
0.93
0.94
0.95
0.95
0.95
0.94
0.95
0.90
0.88
0.88
0.95
0.95
0.95
0.94
0.94
0.88
0.79
0.79
0.95
0.95
0.95
0.94
0.94
0.87
0.81
0.76
0.94
0.94
0.94
0.93
0.93
