0.94
0.94
0.93
0.93
0.92
0.90
0.84
0.84
0.93
0.93
0.93
0.92
0.93
0.94
0.94
0.93
0.94
0.89
0.88
0.95
0.95
0.95
0.95
0.95
0.94
0.93
0.96
0.96
0.96
0.95
0.95
0.96
0.96
0.96
0.94
0.96
0.81
0.76
0.71
0.56
0.51
0.67
0.96
0.96
0.96
0.95
0.96
0.84
0.85
0.96
0.96
0.96
0.96
0.96
0.94
0.90
0.90
0.90
0.90
0.88
0.96
0.96
0.95
0.95
0.94
0.94
0.90
0.90
0.94
0.94
0.93
0.93
0.92
0.90
0.86
0.86
0.85
0.86
0.84
0.92
0.92
0.91
0.89
0.90
0.89
0.89
0.88
0.88
0.85
0.84
0.77
0.72
0.87
0.87
0.86
0.85
0.84
0.83
0.81
0.85
0.84
0.83
0.82
0.80
0.77
0.75
0.67
0.77
0.77
0.76
0.71
0.69
0.66
0.62
0.65
0.61
0.63
0.41
0.60
0.75
0.74
0.76
0.70
0.71
0.66
0.69
0.81
0.81
0.81
0.79
0.79
0.74
0.71
0.70
0.66
0.82
0.82
0.82
0.80
0.80
0.73
0.73
0.83
0.83
0.83
0.80
0.82
0.72
0.68
0.65
0.61
0.86
0.86
0.86
0.85
0.85
0.81
0.79
0.79
0.89
0.89
0.89
0.88
0.88
0.85
0.84
0.82
0.89
0.89
0.89
0.87
0.88
0.78
0.80
0.91
0.91
0.92
0.90
0.91
0.84
0.84
0.93
0.93
0.93
0.92
0.93
0.91
0.88
0.88
0.95
0.95
0.95
0.94
0.94
0.84
0.77
0.67
0.75
0.96
0.96
0.96
0.95
0.95
0.93
0.91
0.96
0.96
0.96
0.96
0.96
0.91
0.78
0.76
0.96
0.96
0.96
0.96
0.96
0.95
0.93
0.92
0.96
0.96
0.96
0.95
0.96
0.93
0.90
0.88
0.87
0.95
0.95
0.95
0.95
0.94
0.94
0.92
0.92
0.92
0.92
0.91
0.94
0.94
0.93
0.93
0.92
0.91
0.89
0.87
0.87
0.92
0.92
0.91
0.90
0.90
0.86
0.82
0.83
0.91
0.91
0.91
0.90
0.93
0.93
0.93
0.92
0.93
0.88
0.85
0.80
0.74
0.94
0.94
0.94
0.93
0.94
0.86
0.81
0.76
0.81
0.96
0.96
0.96
0.95
0.95
0.96
0.96
0.96
0.95
0.95
0.91
0.79
0.79
0.81
0.80
0.48
0.80
0.95
0.95
0.95
0.95
0.94
0.93
0.88
0.88
0.94
0.94
0.93
0.93
0.92
0.92
0.91
0.91
0.90
0.86
0.86
0.89
0.88
0.88
0.87
0.87
0.81
0.74
0.75
0.87
0.87
0.86
0.85
0.83
0.79
0.72
0.74
0.77
0.80
0.80
0.74
0.77
0.76
0.83
0.82
0.82
0.81
0.80
0.83
0.82
0.83
0.81
0.81
0.82
0.80
0.80
0.80
0.79
0.79
0.78
0.77
0.81
0.81
0.82
0.80
0.85
0.85
0.85
0.83
0.84
0.76
0.75
0.86
0.87
0.87
0.86
0.86
0.84
0.82
0.83
0.81
0.82
0.78
0.90
0.90
0.91
0.89
0.91
0.82
0.93
0.93
0.93
0.92
0.93
0.88
0.88
0.84
0.95
0.95
0.95
0.94
0.95
0.88
0.78
0.80
