0.55
0.54
0.55
0.51
0.53
0.42
0.45
0.61
0.60
0.62
0.58
0.59
0.56
0.53
0.54
0.52
0.52
0.51
0.54
0.67
0.66
0.67
0.64
0.65
0.61
0.57
0.52
0.53
0.49
0.75
0.74
0.75
0.73
0.73
0.67
0.80
0.80
0.80
0.79
0.79
0.77
0.74
0.74
0.73
0.74
0.69
0.82
0.83
0.83
0.81
0.82
0.75
0.70
0.70
0.86
0.86
0.86
0.85
0.85
0.79
0.78
0.86
0.86
0.86
0.84
0.86
0.80
0.76
0.75
0.75
0.72
0.87
0.87
0.86
0.86
0.85
0.85
0.82
0.83
0.84
0.83
0.84
0.85
0.85
0.85
0.84
0.84
0.81
0.81
0.84
0.84
0.84
0.82
0.83
0.77
0.72
0.73
0.84
0.84
0.85
0.83
0.84
0.78
0.87
0.87
0.87
0.86
0.86
0.88
0.88
0.88
0.86
0.86
0.81
0.77
0.80
0.89
0.89
0.88
0.87
0.85
0.77
0.76
0.74
0.87
0.87
0.86
0.85
0.85
0.79
0.77
0.71
0.62
0.59
0.70
0.84
0.84
0.84
0.81
0.81
0.72
0.71
0.83
0.83
0.83
0.81
0.82
0.77
0.73
0.73
0.86
0.86
0.86
0.85
0.84
0.82
0.82
0.82
0.86
0.86
0.87
0.84
0.86
0.79
0.77
0.70
0.63
0.87
0.87
0.86
0.85
0.84
0.79
0.79
0.77
0.84
0.84
0.84
0.83
0.83
0.76
0.76
0.73
0.80
0.81
0.80
0.78
0.76
0.72
0.66
0.68
0.68
0.74
0.74
0.71
0.73
0.72
0.78
0.77
0.77
0.74
0.74
0.70
0.67
0.65
0.62
0.77
0.76
0.76
0.74
0.73
0.69
0.63
0.64
0.79
0.79
0.80
0.78
0.78
0.73
0.70
0.68
0.67
0.65
0.82
0.82
0.82
0.80
0.80
0.74
0.71
0.63
0.56
0.83
0.83
0.83
0.82
0.82
0.81
0.79
0.79
0.78
0.78
0.75
0.75
0.83
0.83
0.84
0.82
0.83
0.77
0.77
0.75
0.84
0.84
0.84
0.83
0.82
0.81
0.78
0.79
0.80
0.80
0.80
0.78
0.77
0.72
0.70
0.63
0.55
0.80
0.80
0.81
0.77
0.79
0.72
0.67
0.68
0.83
0.83
0.83
0.81
0.80
0.80
0.80
0.85
0.85
0.85
0.83
0.84
0.75
0.71
0.63
0.55
0.84
0.84
0.83
0.81
0.81
0.76
0.73
0.64
0.52
0.49
0.64
0.81
0.80
0.80
0.78
0.76
0.70
0.70
0.69
0.74
0.73
0.73
0.68
0.67
0.64
0.62
0.47
0.37
0.34
0.58
0.69
0.68
0.68
0.62
0.65
0.57
0.53
0.53
0.49
0.48
0.79
0.78
0.79
0.76
0.75
0.70
0.64
0.57
0.59
0.55
0.83
0.83
0.84
0.81
0.82
0.77
0.73
0.70
0.69
0.66
0.85
0.87
0.86
0.85
0.83
0.79
0.73
0.76
0.79
0.81
0.81
0.77
0.78
0.78
0.85
0.85
0.85
0.83
0.84
0.77
0.75
0.71
0.68
0.85
0.85
0.85
0.84
0.83
0.75
0.75
0.83
0.83
0.83
0.81
0.82
0.76
0.76
0.83
0.83
0.82
0.81
0.80
0.79
0.79
0.79
0.78
0.77
0.72
0.72
0.76
0.75
0.75
0.73
0.72
0.69
0.67
0.59
0.52
0.48
0.62
0.67
0.65
0.66
0.63
0.62
0.60
0.59
0.59
