0.45
0.47
0.45
0.39
0.42
0.36
0.29
0.31
0.59
0.58
0.59
0.51
0.55
0.48
0.50
0.42
0.31
0.27
0.42
0.71
0.71
0.73
0.67
0.70
0.62
0.62
0.62
0.53
0.83
0.84
0.85
0.82
0.84
0.80
0.79
0.88
0.88
0.89
0.87
0.88
0.86
0.84
0.84
0.84
0.84
0.82
0.93
0.93
0.94
0.93
0.94
0.91
0.88
0.86
0.87
0.94
0.95
0.95
0.94
0.95
0.91
0.91
0.96
0.96
0.97
0.96
0.96
0.94
0.94
0.97
0.97
0.96
0.96
0.96
0.94
0.91
0.91
0.95
0.95
0.94
0.94
0.93
0.89
0.89
0.94
0.94
0.93
0.93
0.92
0.92
0.91
0.88
0.84
0.84
0.86
0.92
0.91
0.90
0.87
0.86
0.86
0.86
0.83
0.84
0.76
0.84
0.84
0.86
0.82
0.84
0.79
0.78
0.75
0.90
0.91
0.90
0.90
0.88
0.88
0.85
0.85
0.86
0.86
0.83
0.85
0.88
0.88
0.87
0.85
0.85
0.75
0.71
0.63
0.90
0.90
0.90
0.88
0.93
0.93
0.94
0.93
0.95
0.95
0.95
0.94
0.95
0.90
0.84
0.85
0.86
0.88
0.95
0.95
0.95
0.95
0.94
0.93
0.93
0.91
0.94
0.94
0.93
0.92
0.92
0.84
0.80
0.73
0.67
0.92
0.92
0.92
0.90
0.91
0.85
0.81
0.83
0.95
0.95
0.95
0.94
0.95
0.96
0.95
0.95
0.95
0.91
0.84
0.85
0.87
0.82
0.86
0.83
0.84
0.83
0.95
0.95
0.95
0.95
0.94
0.91
0.85
0.83
0.86
0.88
0.95
0.95
0.95
0.95
0.94
0.93
0.90
0.90
0.91
0.91
0.85
0.89
0.95
0.95
0.95
0.94
0.94
