0.42
0.42
0.42
0.40
0.42
0.40
0.45
0.52
0.52
0.52
0.49
0.52
0.49
0.50
0.56
0.47
0.50
0.47
0.43
0.45
0.42
0.44
0.50
0.48
0.49
0.48
0.46
0.47
0.45
0.43
0.46
0.52
0.52
0.52
0.48
0.49
0.46
0.48
0.53
0.50
0.53
0.50
0.48
0.49
0.49
0.48
0.49
0.45
0.47
0.33
0.46
0.49
0.48
0.49
0.45
0.47
0.43
0.46
0.51
0.52
0.51
0.48
0.50
0.48
0.50
0.43
0.40
0.49
0.50
0.49
0.43
0.46
0.41
0.46
0.47
0.42
0.53
0.54
0.53
0.47
0.50
0.45
0.49
0.39
0.51
0.55
0.56
0.55
0.51
0.53
0.50
0.47
0.49
0.62
0.62
0.62
0.58
0.61
0.52
0.56
0.64
0.64
0.65
0.61
0.66
0.59
0.59
0.59
0.54
0.63
0.63
0.63
0.59
0.61
0.57
0.61
0.62
0.60
0.57
0.59
0.54
0.57
0.58
0.58
0.55
0.58
0.47
0.49
0.49
0.57
0.58
0.58
0.56
0.59
0.54
0.55
0.53
0.49
0.57
0.57
0.57
0.53
0.56
0.51
0.52
0.51
0.49
0.51
0.47
0.43
0.45
0.54
0.55
0.55
0.52
0.56
0.48
0.44
0.57
0.57
0.57
0.55
0.58
0.53
0.55
0.56
0.53
0.51
0.51
0.51
0.48
0.50
0.46
0.48
0.45
0.55
0.51
0.52
0.51
0.49
0.51
0.48
0.43
0.48
0.54
0.54
0.55
0.52
0.55
0.51
0.53
0.48
0.42
0.39
0.53
0.52
0.52
0.52
0.50
0.52
0.48
0.50
0.53
0.50
0.47
0.48
0.46
0.45
0.46
0.43
0.42
0.43
0.48
0.49
0.48
0.47
0.48
0.46
0.49
0.41
0.54
0.54
0.54
0.52
0.54
0.51
0.52
0.53
0.50
0.50
0.50
0.50
0.47
0.49
0.43
0.41
0.47
0.46
0.47
0.46
0.53
0.54
0.54
0.52
0.54
0.51
0.54
0.50
0.38
0.34
0.50
