0.94
0.94
0.94
0.93
0.95
0.95
0.95
0.95
0.95
0.95
0.95
0.95
0.94
0.94
0.88
0.86
0.79
0.73
0.94
0.94
0.95
0.93
0.94
0.79
0.68
0.64
0.95
0.95
0.95
0.94
0.94
0.89
0.81
0.81
0.95
0.95
0.94
0.94
0.93
0.94
0.94
0.93
0.94
0.93
0.93
0.92
0.92
0.82
0.71
0.68
0.70
0.69
0.93
0.93
0.92
0.91
0.91
0.75
0.91
0.91
0.91
0.90
0.89
0.86
0.81
0.81
0.91
0.90
0.90
0.89
0.89
0.86
0.84
0.80
0.73
0.72
0.77
0.91
0.91
0.91
0.90
0.90
0.87
0.86
0.82
0.78
0.91
0.91
0.91
0.89
0.89
0.79
0.74
0.71
0.68
0.89
0.88
0.89
0.86
0.87
0.78
0.74
0.67
0.70
0.89
0.89
0.89
0.89
0.89
0.87
0.85
0.86
0.85
0.85
0.83
0.91
0.91
0.91
0.90
0.90
0.89
0.87
0.87
0.91
0.90
0.89
0.88
0.87
0.78
0.73
0.66
0.59
0.88
0.87
0.86
0.85
0.84
0.80
0.77
0.74
0.72
0.88
0.88
0.89
0.86
0.88
0.79
0.76
0.73
0.70
0.91
0.92
0.92
0.90
0.91
0.83
0.82
0.92
0.92
0.92
0.91
0.91
0.91
0.92
0.89
0.91
0.72
0.92
0.92
0.92
0.91
0.92
0.90
0.87
0.87
0.87
0.87
0.85
0.93
0.93
0.94
0.92
0.93
0.89
0.84
0.85
0.85
0.85
0.82
0.94
0.94
0.94
0.92
0.93
0.83
0.78
0.74
0.60
0.55
0.70
0.94
0.94
0.94
0.91
0.93
0.80
0.75
0.67
0.72
0.94
0.94
0.94
0.93
0.94
0.90
0.86
0.86
0.94
0.94
0.94
0.93
0.94
0.90
0.84
0.84
0.85
0.85
0.74
0.82
0.94
0.94
0.94
0.92
0.93
0.78
0.78
0.94
0.94
0.94
0.93
0.93
0.91
0.88
0.88
0.94
0.94
0.93
0.92
0.93
0.93
0.93
0.93
0.92
0.92
0.92
0.90
0.93
0.93
0.93
0.92
0.92
0.86
0.92
0.92
0.92
0.90
0.91
0.78
0.78
0.74
0.94
0.93
0.93
0.92
0.93
0.80
0.74
0.66
0.60
0.94
0.93
0.93
0.92
0.92
0.88
0.86
0.84
0.84
0.93
0.92
0.92
0.91
0.91
0.82
0.82
0.77
