0.58
0.60
0.61
0.52
0.57
0.50
0.51
0.47
0.77
0.77
0.78
0.73
0.75
0.68
0.79
0.79
0.80
0.76
0.78
0.70
0.64
0.65
0.78
0.78
0.78
0.75
0.77
0.69
0.66
0.62
0.60
0.79
0.78
0.79
0.77
0.79
0.70
0.72
0.81
0.81
0.81
0.79
0.80
0.76
0.75
0.82
0.82
0.82
0.80
0.81
0.74
0.70
0.62
0.50
0.46
0.63
0.80
0.80
0.81
0.78
0.80
0.72
0.68
0.68
0.82
0.82
0.82
0.80
0.81
0.73
0.69
0.60
0.65
0.85
0.85
0.85
0.83
0.84
0.76
0.72
0.63
0.48
0.44
0.63
0.84
0.84
0.85
0.83
0.84
0.77
0.74
0.69
0.66
0.84
0.84
0.85
0.82
0.84
0.75
0.68
0.69
0.87
0.87
0.87
0.86
0.87
0.82
0.81
0.78
0.89
0.89
0.89
0.87
0.88
0.78
0.73
0.69
0.65
0.88
0.88
0.89
0.87
0.88
0.90
0.90
0.91
0.89
0.90
0.86
0.84
0.81
0.82
0.92
0.92
0.92
0.90
0.91
0.85
0.82
0.77
0.61
0.59
0.73
0.92
0.91
0.92
0.89
0.91
0.77
0.71
0.58
0.65
0.92
0.92
0.92
0.91
0.92
0.87
0.87
0.94
0.94
0.94
0.93
0.93
0.93
0.91
0.91
0.91
0.91
0.87
0.90
0.94
0.94
0.94
0.93
0.93
0.89
0.85
0.85
0.93
0.93
0.93
0.92
0.93
0.86
0.83
0.80
0.79
0.94
0.94
0.94
0.93
0.93
0.90
0.88
0.82
0.94
0.94
0.94
0.93
0.93
0.85
0.82
0.78
0.65
0.61
0.72
0.94
0.94
0.94
0.92
0.93
0.82
0.83
0.93
0.93
0.93
0.93
0.93
0.90
0.86
0.86
0.86
0.86
0.80
0.84
0.94
0.94
0.94
0.94
0.92
0.93
0.91
0.91
0.91
0.91
0.90
0.94
0.93
0.93
0.92
0.92
0.84
0.86
0.93
0.92
0.92
0.91
0.90
0.82
0.80
0.92
0.91
0.90
0.90
0.88
0.85
0.78
0.78
0.91
0.91
0.91
0.89
0.93
0.93
0.93
0.92
0.91
0.86
0.86
0.92
0.92
0.91
0.90
0.88
0.80
0.74
0.74
0.73
0.92
0.91
0.91
0.89
0.93
0.93
0.93
0.91
0.92
0.76
0.75
0.95
0.95
0.94
0.94
0.93
0.92
0.91
0.88
0.94
0.94
0.94
0.93
0.94
0.94
0.94
0.93
0.93
0.94
0.94
0.94
0.93
0.93
0.76
0.76
0.93
0.93
0.92
0.93
0.91
0.92
0.90
0.89
0.90
0.90
0.89
0.91
0.91
0.90
0.89
0.88
0.83
0.77
0.78
0.85
0.85
0.84
0.82
0.81
0.75
0.71
0.68
0.64
0.87
0.87
0.88
0.86
