0.82
0.80
0.80
0.79
0.75
0.76
0.74
0.72
0.70
0.64
0.67
0.62
0.62
0.62
0.55
0.58
0.50
0.45
0.48
0.45
0.48
0.38
0.44
0.56
0.54
0.56
0.50
0.54
0.55
0.54
0.55
0.50
0.52
0.45
0.42
0.53
0.53
0.53
0.48
0.51
0.41
0.39
0.53
0.52
0.52
0.48
0.50
0.44
0.53
0.54
0.54
0.49
0.52
0.41
0.43
0.55
0.54
0.54
0.49
0.52
0.45
0.38
0.40
0.37
0.43
0.30
0.34
0.60
0.58
0.61
0.57
0.66
0.66
0.67
0.58
0.61
0.53
0.47
0.50
0.44
0.47
0.43
0.81
0.81
0.83
0.81
0.87
0.88
0.88
0.86
0.88
0.84
0.80
0.82
0.79
0.77
0.88
0.89
0.89
0.87
0.88
0.85
0.84
0.88
0.89
0.89
0.87
0.89
0.83
0.78
0.78
0.90
0.91
0.91
0.90
0.91
0.89
0.87
0.87
0.86
0.87
0.82
0.85
0.93
0.94
0.93
0.93
0.93
0.93
0.91
0.91
0.90
0.90
0.87
0.90
0.93
0.93
0.93
0.92
0.93
0.86
0.81
0.84
0.93
0.93
0.93
0.92
0.93
0.88
0.83
0.85
0.94
0.94
0.94
0.94
0.94
0.93
0.93
0.95
0.95
0.95
0.95
0.94
0.93
0.93
0.91
0.94
0.94
0.94
0.93
0.93
0.90
0.88
0.84
0.78
0.93
0.93
0.93
0.92
0.92
0.89
0.90
0.94
0.94
0.93
0.93
0.92
0.92
0.92
0.88
0.93
0.93
0.93
0.92
0.91
0.88
0.85
0.82
0.70
0.68
0.79
0.90
0.90
0.89
0.88
0.91
0.91
0.90
0.90
0.88
0.87
0.83
0.81
0.79
0.89
0.89
0.89
0.89
0.88
0.88
0.88
0.88
0.86
0.88
0.79
0.82
0.90
0.90
0.89
0.89
0.89
0.87
0.87
0.89
0.88
0.88
0.86
0.87
0.77
0.72
0.67
0.64
0.91
0.90
0.90
0.88
0.88
0.75
0.76
0.91
0.91
0.91
0.90
0.91
0.87
0.85
0.85
0.92
0.92
0.92
0.91
0.91
0.91
0.91
0.89
0.90
0.84
0.80
0.74
0.53
0.49
0.72
0.91
0.91
0.91
0.89
0.90
0.84
0.80
0.76
0.73
0.92
0.92
0.92
0.92
0.93
0.93
0.92
0.92
0.92
0.91
0.88
0.88
0.92
0.92
0.92
0.91
0.92
0.87
0.85
0.79
0.72
0.93
0.93
0.93
0.91
0.92
0.73
0.93
0.94
0.94
0.93
0.93
0.91
0.89
0.88
0.94
0.94
0.94
0.93
0.94
0.91
0.88
0.87
0.86
0.94
0.94
0.94
0.93
0.94
0.85
0.73
0.72
0.94
0.94
0.94
0.93
0.94
0.91
0.86
0.85
0.94
0.94
0.94
0.93
0.93
0.86
0.85
0.81
0.94
0.94
0.95
0.94
0.94
0.95
0.95
0.95
0.94
0.94
0.93
0.92
0.87
0.94
0.94
0.94
0.93
0.93
0.92
0.90
0.89
0.89
0.89
0.85
0.88
0.94
0.94
0.94
0.92
0.93
0.84
0.72
0.72
0.95
0.95
0.95
0.94
0.94
0.91
0.95
0.95
0.94
0.94
0.93
0.93
0.93
0.93
0.92
0.91
0.85
0.81
0.77
0.62
0.58
0.75
0.93
0.92
0.92
0.91
0.91
0.86
0.82
0.83
0.93
0.93
0.92
0.90
