0.93
0.93
0.93
0.92
0.93
0.87
0.81
0.81
0.80
0.81
0.62
0.78
0.94
0.94
0.94
0.94
0.93
0.93
0.90
0.90
0.91
0.91
0.91
0.89
0.90
0.89
0.94
0.94
0.94
0.93
0.94
0.83
0.78
0.74
0.60
0.55
0.70
0.94
0.94
0.94
0.93
0.94
0.82
0.71
0.67
0.67
0.65
0.94
0.94
0.94
0.93
0.94
0.90
0.86
0.83
0.85
0.94
0.95
0.94
0.94
0.93
0.92
0.88
0.89
0.90
0.90
0.90
0.88
0.89
0.88
0.94
0.94
0.94
0.93
0.93
0.89
0.86
0.82
0.78
0.94
0.94
0.94
0.93
0.94
0.83
0.77
0.67
0.75
0.94
0.94
0.93
0.93
0.93
0.93
0.93
0.93
0.92
0.92
0.89
0.93
0.93
0.93
0.92
0.92
0.89
0.85
0.85
0.85
0.86
0.83
0.93
0.92
0.92
0.92
0.91
0.91
0.90
0.90
0.92
0.91
0.90
0.90
0.89
0.87
0.82
0.82
0.90
0.89
0.89
0.88
0.88
0.84
0.81
0.81
0.91
0.91
0.90
0.89
0.91
0.91
0.92
0.91
0.91
0.87
