0.80
0.86
0.82
0.77
0.78
0.65
0.57
0.62
0.57
0.66
0.74
0.70
0.75
0.68
0.84
0.86
0.86
0.83
0.86
0.78
0.77
0.74
0.69
0.64
0.71
0.87
0.88
0.88
0.86
0.88
0.78
0.75
0.77
0.75
0.88
0.89
0.89
0.86
0.88
0.80
0.75
0.76
0.72
0.87
0.88
0.89
0.86
0.88
0.89
0.90
0.90
0.87
0.90
0.76
0.71
0.72
0.67
0.91
0.92
0.92
0.92
0.91
0.92
0.91
0.91
0.89
0.88
0.90
0.89
0.90
0.90
0.89
0.90
0.88
0.85
0.86
0.90
0.91
0.92
0.89
0.92
0.83
0.80
0.77
0.69
0.64
0.75
0.93
0.94
0.94
0.92
0.93
0.86
0.83
0.81
0.75
0.71
0.76
0.93
0.94
0.93
0.93
0.93
0.91
0.89
0.89
0.93
0.93
0.93
0.92
0.92
0.91
0.88
0.87
0.83
0.82
0.86
0.93
0.94
0.94
0.93
0.94
0.92
0.91
0.92
0.95
0.95
0.95
0.95
0.95
0.93
0.91
0.90
0.86
0.85
0.88
0.95
0.95
0.95
0.95
0.94
0.94
0.94
0.93
0.94
0.94
0.94
0.94
0.94
0.91
0.91
0.89
0.95
0.95
0.95
0.94
0.95
0.90
0.89
0.91
0.97
0.97
0.96
0.96
0.96
0.95
0.95
0.94
0.96
0.96
0.95
0.95
0.94
0.86
0.86
0.95
0.95
0.94
0.94
0.92
0.92
0.89
0.89
0.95
0.95
0.94
0.95
0.92
0.94
0.92
0.92
0.92
0.94
0.94
0.93
0.94
0.92
0.93
0.93
0.92
0.90
0.90
0.89
0.88
0.87
0.81
0.78
0.80
0.79
0.90
0.90
0.90
0.88
0.88
0.81
0.75
0.77
0.75
0.93
0.93
0.91
0.92
0.88
0.86
0.92
0.92
0.91
0.91
0.90
0.89
0.86
0.86
0.86
0.86
0.81
0.84
0.90
0.90
0.88
0.88
0.85
0.84
0.79
0.80
0.88
0.87
0.85
0.85
0.80
0.82
0.81
0.80
0.80
0.81
0.81
0.79
0.76
0.79
0.78
0.75
0.76
0.72
0.71
0.74
0.71
0.71
0.75
0.75
0.75
0.71
0.74
0.70
0.71
0.81
0.81
0.79
0.78
0.76
0.74
0.72
0.76
0.76
0.80
0.80
0.78
0.76
0.72
0.73
0.70
0.73
0.69
0.84
0.85
0.84
0.82
0.82
0.76
0.73
0.69
0.60
0.55
0.70
0.84
0.85
0.86
0.83
0.85
0.80
0.75
0.76
0.84
0.86
0.86
0.84
0.85
0.82
0.80
0.86
0.87
0.86
0.85
0.83
0.80
0.77
0.76
0.88
0.88
0.88
0.85
0.87
0.76
0.68
0.69
0.89
0.90
0.89
0.89
0.87
0.89
0.88
0.90
0.90
0.90
0.88
0.89
0.83
0.81
0.81
0.92
0.92
0.92
0.91
0.91
0.81
0.80
0.92
0.92
0.92
0.90
0.92
0.83
0.80
0.76
0.69
0.65
0.73
0.92
0.92
0.90
0.92
0.87
0.94
0.93
0.93
0.92
0.92
0.93
0.89
0.89
0.88
0.88
0.87
0.85
0.87
0.89
0.88
0.87
0.86
0.86
0.83
0.84
0.83
0.84
0.73
0.81
