0.59
0.64
0.61
0.55
0.60
0.64
0.59
0.54
0.55
0.52
0.62
0.64
0.62
0.58
0.59
0.59
0.59
0.58
0.53
0.54
0.49
0.46
0.48
0.44
0.47
0.42
0.59
0.59
0.60
0.55
0.58
0.53
0.54
0.64
0.65
0.65
0.58
0.62
0.53
0.54
0.45
0.71
0.71
0.72
0.66
0.69
0.58
0.59
0.74
0.77
0.77
0.71
0.74
0.64
0.67
0.57
0.80
0.82
0.83
0.77
0.83
0.70
0.66
0.71
0.82
0.84
0.86
0.80
0.86
0.71
0.68
0.68
0.64
0.85
0.86
0.87
0.82
0.87
0.73
0.69
0.61
0.59
0.87
0.89
0.89
0.87
0.89
0.81
0.77
0.78
0.76
0.76
0.63
0.73
0.87
0.89
0.90
0.87
0.90
0.81
0.80
0.90
0.91
0.91
0.89
0.91
0.86
0.88
0.87
0.90
0.90
0.91
0.87
0.90
0.73
0.91
0.91
0.92
0.89
0.92
0.78
0.77
0.74
0.92
0.93
0.93
0.92
0.91
0.89
0.84
0.86
0.88
0.88
0.88
0.87
0.87
0.87
0.93
0.93
0.93
0.91
0.93
0.85
0.83
0.85
0.91
0.92
0.93
0.88
0.93
0.75
0.68
0.68
0.93
0.94
0.94
0.93
0.94
0.91
0.89
0.89
0.94
0.94
0.93
0.93
0.92
0.90
0.86
0.84
0.85
0.93
0.93
0.94
0.91
0.94
0.78
0.72
0.71
0.92
0.93
0.93
0.91
0.93
0.94
0.94
0.94
0.94
0.93
0.92
0.91
0.90
0.93
0.93
0.92
0.93
0.91
0.91
0.89
0.89
0.89
0.94
0.94
0.94
0.92
0.93
0.84
0.79
0.79
0.75
0.93
0.93
0.93
0.93
0.92
0.90
0.89
0.88
0.94
0.94
0.92
0.94
0.89
0.92
0.88
0.88
0.88
0.93
0.92
0.91
0.90
0.88
0.83
0.78
0.75
0.70
0.63
0.72
0.91
0.90
0.87
0.86
0.82
0.82
0.78
0.73
0.73
0.88
0.88
0.85
0.83
0.79
0.73
0.68
0.65
0.86
0.86
0.86
0.79
0.82
0.69
0.60
0.62
0.84
0.84
0.80
0.78
0.74
0.66
0.85
0.85
0.85
0.83
0.87
0.88
0.86
0.85
0.84
0.82
0.77
0.78
0.89
0.89
0.90
0.87
0.89
0.83
0.90
0.91
0.91
0.90
0.91
0.87
0.84
0.85
0.84
0.84
0.82
0.90
0.90
0.91
0.87
0.90
0.75
0.70
0.68
0.63
0.90
0.91
0.92
0.88
0.92
0.77
0.72
0.71
0.66
0.92
0.93
0.93
0.92
0.93
0.90
0.88
0.88
0.93
0.93
0.92
0.93
0.91
0.91
0.88
0.88
0.88
0.88
0.84
0.87
0.91
0.91
0.91
0.87
0.90
0.73
0.69
0.64
0.53
0.47
0.61
0.91
0.91
0.92
0.90
0.92
0.86
0.85
0.85
0.92
0.93
0.92
0.92
0.90
0.92
0.92
0.91
0.90
0.89
0.88
0.84
0.84
0.83
0.84
0.78
0.81
0.89
0.89
0.89
0.87
0.88
0.78
0.81
0.90
0.91
0.90
0.90
0.89
0.87
0.90
0.81
0.91
0.90
0.89
0.90
0.86
0.87
0.86
0.88
0.87
0.86
0.85
0.83
0.79
0.73
0.73
0.87
0.86
0.87
0.84
0.85
0.78
0.72
0.70
0.69
0.66
0.87
0.87
0.88
0.85
0.86
0.78
0.73
0.64
0.60
0.88
0.90
0.91
0.87
0.90
0.83
0.80
0.81
0.77
0.78
0.90
0.91
0.92
0.91
0.92
0.92
0.93
0.90
0.92
0.84
0.80
0.81
0.78
0.92
0.92
0.93
0.91
0.92
0.86
0.84
0.80
0.81
0.93
0.94
0.95
0.92
0.94
0.85
0.80
0.80
0.94
0.95
0.95
0.95
0.94
0.95
0.94
0.94
0.93
0.93
0.91
0.93
