0.93
0.93
0.93
0.93
0.93
0.91
0.87
0.87
0.94
0.94
0.94
0.93
0.93
0.85
0.94
0.93
0.93
0.93
0.92
0.87
0.88
0.93
0.93
0.93
0.92
0.92
0.85
0.76
0.75
0.77
0.78
0.48
0.76
0.93
0.93
0.93
0.92
0.92
0.88
0.81
0.78
0.82
0.79
0.92
0.92
0.92
0.92
0.91
0.92
0.90
0.90
0.90
0.90
0.87
0.90
0.91
0.91
0.91
0.90
0.90
0.90
0.90
0.90
0.89
0.88
0.77
0.77
0.89
0.89
0.89
0.88
0.88
0.82
0.91
0.91
0.91
0.91
0.90
0.89
0.86
0.87
0.86
0.87
0.90
0.90
0.90
0.89
0.88
0.86
0.84
0.85
0.93
0.93
0.94
0.93
0.94
0.89
0.95
0.95
0.95
0.94
0.95
0.92
0.90
0.95
0.95
0.96
0.95
0.95
0.93
0.91
0.90
0.90
0.95
0.95
0.95
0.95
0.94
0.94
0.92
0.92
0.95
0.95
0.95
0.94
0.94
0.90
0.87
0.83
0.77
0.95
0.95
0.95
0.94
0.95
0.95
0.95
0.95
0.95
0.95
0.95
0.94
0.94
0.93
0.93
0.93
0.95
0.95
0.94
0.94
0.94
0.93
0.90
0.90
0.95
0.95
0.94
0.94
0.94
0.94
0.94
0.94
0.92
0.93
0.84
0.75
0.74
0.94
0.94
0.93
0.93
0.92
0.92
0.88
0.87
0.93
0.93
0.93
0.91
0.91
0.84
0.80
0.76
0.79
0.93
0.92
0.91
0.90
0.89
0.80
0.75
0.68
0.63
0.90
0.89
0.88
0.86
0.89
0.88
0.88
0.85
0.88
0.88
0.87
0.86
0.85
0.88
0.88
0.88
0.85
0.86
0.79
0.76
0.68
0.61
0.86
0.86
0.86
0.84
0.84
0.80
0.76
0.76
0.86
0.85
0.86
0.83
0.84
0.76
0.70
0.75
0.87
0.87
0.87
0.85
0.86
0.81
0.78
0.75
0.72
0.91
0.91
0.91
0.90
0.90
0.87
0.87
0.90
0.90
0.91
0.89
0.90
0.83
0.84
0.92
0.92
0.93
0.91
0.92
0.83
0.73
0.69
0.92
0.92
0.93
0.91
0.92
0.82
0.82
0.94
0.94
0.94
0.93
0.94
0.81
0.95
0.95
0.95
0.94
0.95
0.84
0.84
0.95
0.95
0.95
0.95
0.95
