97.99
97.99
97.99
97.99
97.99
97.99
97.99
97.99
97.99
98.82
98.82
98.82
98.82
98.82
98.82
98.82
98.82
98.90
98.90
98.90
98.90
98.90
98.90
98.90
98.90
98.90
98.90
98.90
98.90
98.90
98.90
98.90
98.90
98.90
98.91
98.91
98.91
98.91
98.91
98.77
98.77
98.77
98.77
98.77
98.77
98.77
98.77
98.77
98.57
98.57
98.57
98.57
98.57
98.57
98.45
98.45
98.45
98.45
98.45
98.45
98.45
98.45
98.45
98.45
98.45
97.28
97.28
97.28
97.28
97.28
97.28
95.32
95.32
95.32
95.32
95.32
95.32
95.32
95.32
95.32
96.52
96.52
96.52
96.52
96.52
96.52
96.52
96.52
97.99
97.99
97.99
97.99
97.99
97.99
97.99
97.99
97.99
97.99
97.99
96.55
96.55
96.55
96.55
97.60
97.60
97.60
97.60
97.60
97.60
97.60
97.60
95.50
95.50
95.50
95.50
95.50
95.50
95.50
95.50
95.50
95.50
95.50
95.50
95.57
95.57
95.57
95.57
95.57
95.57
95.57
95.57
97.42
97.42
97.42
97.42
97.42
97.42
97.42
97.42
97.42
97.63
97.63
97.63
97.63
97.63
97.63
97.63
97.63
97.63
97.63
97.63
98.69
98.69
98.69
98.69
98.69
98.69
98.69
98.76
98.76
98.76
98.76
98.90
98.90
98.90
98.90
98.90
98.90
98.90
98.90
98.93
98.93
98.93
98.93
98.93
98.93
98.93
98.93
98.89
98.89
98.89
98.89
98.89
98.89
98.89
98.82
98.82
98.82
98.82
98.82
98.82
98.82
98.70
98.70
98.70
98.70
98.70
98.70
98.70
98.01
98.01
98.01
98.01
98.01
95.47
95.47
95.47
95.47
95.47
95.47
95.47
95.47
95.47
