0.92
0.92
0.92
0.91
0.90
0.90
0.89
0.89
0.88
0.89
0.87
0.87
0.86
0.86
0.82
0.85
0.87
0.87
0.87
0.86
0.85
0.85
0.83
0.82
0.87
0.87
0.87
0.86
0.89
0.89
0.89
0.87
0.88
0.79
0.74
0.65
0.70
0.90
0.90
0.90
0.89
0.89
0.84
0.80
0.82
0.92
0.92
0.92
0.91
0.90
0.88
0.83
0.81
0.82
0.81
0.92
0.92
0.92
0.91
0.91
0.87
0.82
0.82
0.93
0.93
0.93
0.92
0.92
0.87
0.84
0.82
0.81
0.92
0.92
0.92
0.92
0.91
0.91
0.89
0.89
0.89
0.89
0.88
0.91
0.91
0.91
0.89
0.90
0.75
0.90
0.90
0.89
0.89
0.87
0.87
0.87
0.88
0.88
0.88
0.86
0.86
0.79
0.73
0.76
0.88
0.88
0.88
0.87
0.86
0.82
0.84
0.89
0.89
0.88
0.87
0.85
0.85
0.80
0.80
0.89
0.89
0.89
0.87
0.88
0.78
0.71
0.75
0.91
0.91
0.90
0.90
0.88
0.86
0.80
0.82
0.86
0.84
0.84
0.81
0.82
0.82
0.92
0.91
0.92
0.89
0.91
0.80
0.75
0.70
0.53
0.49
0.66
0.91
0.90
0.90
0.89
0.88
0.88
0.87
0.86
0.86
0.83
0.85
0.84
0.85
0.82
0.83
0.74
0.70
0.67
0.64
0.85
0.85
0.86
0.84
0.84
0.81
0.80
0.84
0.84
0.85
0.81
0.84
0.73
0.69
0.61
0.46
0.42
0.61
0.88
0.88
0.88
0.87
0.87
0.88
0.89
0.88
0.85
0.86
0.71
0.61
0.63
0.60
0.70
0.77
0.67
0.76
0.63
