95.47
95.47
95.47
95.47
97.99
97.99
97.99
97.99
97.99
97.99
97.99
97.99
97.99
98.77
98.77
98.77
98.77
98.77
98.77
98.77
98.77
98.77
98.77
98.77
98.77
98.79
98.79
98.79
98.79
98.79
98.79
98.79
98.79
98.79
98.79
98.79
98.92
98.92
98.92
98.92
98.92
98.92
98.92
98.89
98.89
98.89
98.89
98.89
98.89
98.89
98.89
98.89
98.89
98.89
98.89
98.89
98.89
98.88
98.88
98.88
98.88
98.88
98.88
98.66
98.66
98.66
98.66
98.66
98.14
98.14
98.14
98.14
98.14
98.22
98.22
98.22
98.22
98.22
98.20
98.20
98.20
98.20
98.20
98.20
98.41
98.41
98.41
98.41
98.41
98.41
98.41
98.69
98.69
98.69
98.69
98.80
98.80
98.80
98.80
98.80
98.80
98.80
98.80
98.80
98.83
98.83
98.83
98.83
98.83
98.83
98.83
98.83
98.83
98.89
98.89
98.89
98.89
98.89
98.89
98.89
98.88
98.88
98.88
98.88
98.88
98.88
98.88
98.88
98.88
98.88
98.88
98.88
98.90
98.90
98.90
98.90
98.90
98.90
98.92
98.92
98.92
98.92
98.92
98.92
98.92
98.92
98.90
98.90
98.90
98.90
98.90
98.86
98.86
98.86
98.86
98.86
98.86
98.86
98.86
98.87
98.87
98.87
98.87
98.87
98.87
98.87
98.86
98.86
98.86
98.86
98.86
98.86
98.86
98.86
98.71
98.71
98.71
98.71
98.71
98.53
98.53
98.53
98.53
98.53
98.53
98.53
98.53
98.33
98.33
98.33
98.33
98.33
98.27
98.27
98.27
98.27
98.27
98.27
98.27
98.27
97.72
97.72
97.72
97.72
97.53
97.53
97.53
97.53
97.53
97.53
97.53
97.53
96.67
96.67
96.67
96.67
96.67
96.23
96.23
96.23
96.23
96.23
96.23
96.23
95.99
95.99
95.99
95.99
97.70
97.70
97.70
97.70
97.70
97.70
97.70
97.70
97.70
97.70
97.70
98.73
98.73
98.73
98.73
98.73
98.73
98.73
98.73
98.73
98.73
98.73
98.73
98.73
98.73
98.76
98.76
98.76
98.76
98.76
98.76
98.76
98.76
98.76
98.92
98.92
98.92
98.92
98.92
98.92
98.92
98.90
98.90
98.90
98.90
98.90
98.90
98.90
98.90
98.90
98.90
98.90
98.91
98.91
98.91
98.91
98.91
98.86
98.86
98.86
98.86
98.86
98.86
98.72
98.72
98.72
98.72
98.72
98.72
98.72
98.72
98.29
98.29
98.29
98.29
98.29
98.29
98.29
98.29
98.45
98.45
98.45
98.45
98.45
98.45
98.45
98.45
98.37
98.37
98.37
98.37
98.37
98.37
98.37
98.29
98.29
98.29
98.29
98.29
98.29
98.29
98.29
98.29
98.52
98.52
98.52
98.52
98.52
98.52
98.52
98.69
98.69
98.69
98.69
98.69
98.69
98.69
98.69
98.55
98.55
98.55
98.55
98.55
98.55
98.55
98.55
98.55
98.42
98.42
98.42
98.42
98.42
98.42
98.42
98.42
98.42
98.70
98.70
98.70
98.70
98.70
98.62
98.62
98.62
98.62
98.62
98.62
98.62
98.62
98.62
98.62
98.62
98.24
98.24
98.24
98.24
98.24
98.24
