95.53
95.53
95.53
95.53
95.53
95.53
95.53
95.53
95.53
95.53
95.53
95.53
95.53
95.53
96.15
96.15
96.15
96.15
98.58
98.58
98.58
98.58
98.58
98.75
98.75
98.75
98.75
98.75
98.51
98.51
98.51
98.51
98.90
98.90
98.90
98.90
98.90
98.90
98.90
98.89
98.89
98.89
98.89
98.89
98.89
98.89
98.89
98.89
98.89
98.89
98.89
98.89
98.82
98.82
98.82
98.82
98.82
98.82
98.64
98.64
98.64
98.64
98.64
98.64
98.64
98.64
98.88
98.88
98.88
98.88
98.88
98.88
98.88
98.88
98.88
98.88
98.88
98.88
98.88
98.88
98.82
98.82
98.82
98.82
98.82
98.82
98.82
98.79
98.79
98.79
98.79
98.77
98.77
98.77
98.77
98.77
98.77
98.88
98.88
98.88
98.88
98.88
98.88
98.88
98.88
98.82
98.82
98.82
98.82
98.82
98.82
98.82
98.82
98.59
98.59
98.59
98.59
98.70
98.70
98.70
98.70
98.70
98.70
98.70
98.70
98.78
98.78
98.78
98.78
98.78
98.78
98.78
98.79
98.79
98.79
98.79
98.79
98.79
98.79
98.79
98.41
98.41
98.41
98.41
98.60
98.60
98.60
98.60
98.60
98.60
98.60
98.60
98.60
98.57
98.57
98.57
98.57
98.57
98.57
98.57
98.57
98.57
98.57
98.57
98.57
98.57
98.57
98.57
98.57
98.57
98.57
98.57
98.57
98.57
98.57
98.57
98.51
98.51
98.51
98.51
98.51
98.51
98.13
98.13
98.13
98.13
98.13
98.13
98.13
98.13
98.13
98.54
98.54
98.54
98.54
98.54
98.54
98.54
98.54
98.54
98.54
98.54
98.56
98.56
98.56
98.56
98.56
98.77
98.77
98.77
98.77
98.77
98.77
98.77
98.77
98.77
98.77
98.77
98.90
98.90
98.90
98.90
98.90
98.90
98.90
98.90
98.90
98.90
98.90
98.91
98.91
98.91
98.91
98.91
98.91
98.91
98.86
98.86
98.86
98.86
98.86
98.86
98.86
98.86
98.86
98.86
98.86
98.86
98.86
98.86
98.92
98.92
98.92
98.92
98.92
98.92
98.92
98.92
98.86
98.86
98.86
98.86
98.86
98.86
98.86
98.86
98.86
98.56
98.56
98.56
98.56
98.46
98.46
98.46
98.46
98.46
96.47
96.47
96.47
96.47
96.47
96.47
96.47
96.47
92.15
92.15
92.15
92.15
92.15
92.15
92.15
92.15
88.79
88.79
88.79
88.79
88.79
88.79
88.79
86.75
86.75
86.75
86.75
86.75
90.56
90.56
90.56
90.56
90.56
90.56
90.56
90.56
90.09
90.09
90.09
90.09
96.79
96.79
96.79
96.79
96.79
97.89
97.89
97.89
97.89
97.89
97.89
97.89
97.89
97.89
97.89
97.89
97.89
98.63
98.63
98.63
98.63
98.63
98.63
98.63
98.63
98.63
98.63
98.63
98.74
98.74
98.74
98.74
98.74
98.74
98.74
98.87
98.87
98.87
98.87
98.87
98.87
98.89
98.89
98.89
98.89
98.89
98.89
98.89
98.89
98.85
98.85
98.85
98.85
98.85
98.85
98.85
98.85
98.85
98.85
98.85
98.79
98.79
98.79
98.79
98.79
98.79
98.79
98.79
98.73
98.73
98.73
98.73
98.73
98.73
98.77
98.77
98.77
98.77
98.77
98.77
98.77
98.77
98.77
98.77
98.77
98.77
98.77
98.77
