0.82
0.81
0.82
0.80
0.80
0.75
0.71
0.72
0.83
0.83
0.84
0.81
0.83
0.73
0.70
0.61
0.64
0.86
0.86
0.86
0.86
0.85
0.86
0.86
0.84
0.86
0.86
0.87
0.85
0.86
0.81
0.81
0.89
0.89
0.89
0.88
0.88
0.88
0.87
0.89
0.89
0.89
0.88
0.88
0.87
0.86
0.84
0.91
0.91
0.91
0.90
0.90
0.90
0.89
0.89
0.89
0.89
0.85
0.89
0.89
0.89
0.89
0.88
0.87
0.87
0.86
0.90
0.90
0.90
0.89
0.89
0.85
0.83
0.82
0.90
0.89
0.88
0.89
0.86
0.86
0.83
0.82
0.82
0.88
0.87
0.87
0.85
0.85
0.79
0.73
0.69
0.71
0.67
0.88
0.88
0.88
0.87
0.87
0.84
0.82
0.75
0.71
0.87
0.87
0.87
0.86
0.86
0.84
0.82
0.78
0.72
0.73
0.76
0.87
0.86
0.86
0.86
0.85
0.85
0.82
0.82
0.84
0.84
0.83
0.83
0.82
0.81
0.79
0.79
0.78
0.78
0.76
0.74
0.84
0.84
0.84
0.82
0.82
0.78
0.75
0.68
0.57
0.56
0.67
0.81
0.81
0.81
0.79
0.79
0.74
0.70
0.70
0.77
0.77
0.76
0.73
0.73
0.68
0.63
0.63
0.72
0.71
0.72
0.71
0.80
0.79
0.80
0.77
0.78
0.71
0.68
0.66
0.63
0.79
0.81
0.79
0.75
0.75
0.65
0.57
0.59
0.52
0.60
0.60
0.56
0.64
0.50
0.82
0.82
0.83
0.80
0.81
0.73
0.66
0.68
0.85
0.85
0.85
0.84
0.83
0.84
0.81
0.82
0.83
0.82
0.83
0.81
0.81
0.78
0.77
0.82
0.81
0.81
0.80
0.79
0.76
0.73
0.74
0.80
0.79
0.78
0.77
0.74
0.74
0.72
0.62
0.71
0.70
0.69
0.66
0.65
0.62
0.61
0.61
0.55
0.56
0.50
0.52
0.54
0.55
0.54
0.55
0.50
0.53
0.44
0.45
0.43
0.53
0.52
0.53
0.49
0.50
0.46
0.47
0.42
0.32
0.27
0.42
0.50
0.49
0.50
0.45
0.48
0.38
0.40
0.49
0.47
0.49
0.45
0.47
0.43
0.39
0.41
0.46
0.46
0.47
0.43
0.44
0.41
0.43
0.40
0.30
0.26
0.35
0.47
0.46
0.47
0.44
0.45
0.42
0.46
0.46
0.41
