98.54
98.54
98.54
98.54
98.54
98.54
98.54
98.54
98.54
98.54
98.54
98.71
98.71
98.71
98.71
98.71
98.71
98.71
98.71
98.71
98.53
98.53
98.53
98.53
98.53
98.53
98.53
98.53
98.53
98.84
98.84
98.84
98.84
98.84
98.84
98.84
98.84
98.86
98.86
98.86
98.86
98.86
98.86
98.86
98.90
98.90
98.90
98.90
98.90
98.90
98.90
98.92
98.92
98.92
98.92
98.92
98.92
98.92
98.92
98.90
98.90
98.90
98.90
98.90
98.90
98.90
98.90
98.85
98.85
98.85
98.85
98.85
98.85
98.85
98.85
98.69
98.69
98.69
98.69
98.69
98.69
98.69
98.69
98.60
98.60
98.60
98.60
98.60
98.60
98.51
98.51
98.51
98.51
98.51
98.51
98.51
98.51
98.51
98.51
98.51
98.51
97.77
97.77
97.77
97.77
97.77
97.77
97.77
97.77
97.77
97.77
97.77
96.54
96.54
96.54
96.54
96.54
96.54
96.54
96.54
96.54
96.54
96.54
94.16
94.16
94.16
94.16
94.16
94.16
94.16
94.16
94.16
94.16
94.16
93.84
93.84
93.84
93.84
92.28
92.28
92.28
92.28
92.28
92.28
92.28
92.28
92.28
92.28
90.33
90.33
90.33
90.33
90.33
90.33
90.33
90.33
88.04
88.04
88.04
88.04
88.04
88.04
88.04
88.04
88.04
89.05
89.05
89.05
89.05
92.44
92.44
92.44
92.44
92.44
92.44
92.44
92.44
95.11
95.11
95.11
95.11
95.11
95.11
95.11
95.11
96.24
96.24
96.24
96.24
96.24
96.24
96.24
96.88
96.88
96.88
96.88
96.88
96.88
97.49
97.49
97.49
97.49
97.49
97.49
97.49
97.49
97.05
97.05
97.05
97.05
97.05
97.05
97.05
