98.42
98.42
98.42
98.42
98.42
98.42
98.42
98.34
98.34
98.34
98.34
98.34
98.34
97.78
97.78
97.78
97.78
97.78
97.78
97.78
97.78
98.46
98.46
98.46
98.46
98.46
98.46
98.46
98.46
97.80
97.80
97.80
97.80
97.80
97.80
97.80
97.80
97.80
97.80
97.80
97.98
97.98
97.98
97.98
97.98
97.98
97.98
97.98
98.62
98.62
98.62
98.62
98.62
98.62
98.62
98.62
98.62
98.62
98.62
98.25
98.25
98.25
98.25
98.25
98.25
98.25
97.42
97.42
97.42
97.42
97.42
97.42
97.42
97.42
97.42
96.00
96.00
96.00
96.00
96.00
96.00
96.53
96.53
96.53
96.53
96.53
96.53
96.53
96.53
96.53
98.10
98.10
98.10
98.10
98.10
98.10
98.10
98.10
98.10
98.10
98.10
97.92
97.92
97.92
97.92
97.92
97.92
97.92
97.92
97.92
97.92
97.92
98.11
98.11
98.11
98.11
98.11
98.11
98.59
98.59
98.59
98.59
98.59
98.59
98.59
98.24
98.24
98.24
98.24
98.24
98.24
98.24
98.24
97.92
97.92
97.92
97.92
97.92
97.92
97.92
97.92
97.92
97.39
97.39
97.39
97.39
97.39
97.39
97.39
97.39
97.39
95.62
95.62
95.62
95.62
95.62
95.62
95.62
94.93
94.93
94.93
94.93
94.93
94.93
94.93
94.93
96.57
96.57
96.57
96.57
96.57
96.57
96.57
96.57
96.57
96.57
96.57
96.57
93.74
93.74
93.74
93.74
93.74
93.74
93.74
90.08
90.08
90.08
90.08
90.08
90.08
90.08
90.08
90.88
90.88
90.88
90.88
92.91
92.91
92.91
92.91
92.91
92.91
92.91
92.91
92.91
93.32
93.32
93.32
93.32
95.58
95.58
95.58
95.58
95.58
95.58
95.58
95.58
97.57
97.57
97.57
97.57
97.57
97.57
97.57
97.57
97.57
97.57
97.57
96.86
96.86
96.86
96.86
96.86
96.86
96.86
96.86
