0.90
0.90
0.89
0.87
0.87
0.72
0.73
0.91
0.91
0.92
0.90
0.92
0.85
0.83
0.82
0.93
0.94
0.94
0.93
0.93
0.91
0.89
0.87
0.84
0.94
0.94
0.94
0.93
0.93
0.93
0.94
0.92
0.93
0.83
0.78
0.71
0.62
0.95
0.95
0.95
0.94
0.95
0.96
0.96
0.96
0.96
0.95
0.95
0.94
0.93
0.95
0.95
0.95
0.94
0.94
0.88
0.83
0.80
0.63
0.58
0.75
0.95
0.95
0.95
0.94
0.94
0.93
0.90
0.90
0.90
0.90
0.88
0.95
0.95
0.95
0.94
0.94
0.88
0.80
0.79
0.94
0.94
0.93
0.92
0.92
0.85
0.81
0.77
0.65
0.62
0.74
0.94
0.93
0.93
0.92
0.92
0.86
0.81
0.79
0.76
0.94
0.93
0.93
0.91
0.92
0.79
0.73
0.69
0.55
0.50
0.67
0.93
0.92
0.92
0.91
0.90
0.88
0.86
0.78
0.92
0.92
0.92
0.90
0.90
0.82
0.72
0.72
0.93
0.93
0.92
0.92
0.91
0.90
0.85
0.86
0.88
0.88
0.88
0.85
0.87
0.86
0.93
0.92
0.93
0.91
0.92
0.83
0.79
0.71
0.65
0.93
0.92
0.93
0.90
0.92
0.79
0.76
0.68
0.62
0.93
0.92
0.92
0.90
0.91
0.79
0.73
0.68
0.65
0.92
0.92
0.93
0.91
0.92
0.85
0.82
0.79
0.77
0.95
0.95
0.95
0.94
0.95
0.92
0.92
0.89
0.95
0.96
0.96
0.95
0.95
0.88
0.89
0.97
0.97
0.97
0.96
0.96
0.92
0.92
0.97
0.97
0.96
0.97
0.96
0.96
0.94
0.94
0.94
0.93
0.93
0.96
0.96
0.96
0.95
0.95
0.95
0.93
0.93
0.90
0.88
0.81
0.84
0.92
0.92
0.91
0.90
0.89
0.79
0.69
0.71
0.90
0.90
0.90
0.86
0.88
0.76
0.72
0.68
0.65
0.88
0.89
0.90
0.86
0.89
0.78
0.70
0.72
0.92
0.93
0.93
0.92
0.92
0.91
0.89
0.88
0.93
0.94
0.93
0.92
0.92
0.89
0.84
0.84
0.92
0.92
0.93
0.91
0.92
0.85
0.79
0.79
0.79
0.79
0.77
0.95
0.95
0.95
0.94
0.94
0.91
0.91
0.85
0.95
0.95
0.94
0.95
0.93
0.94
0.91
0.91
0.91
0.90
0.90
0.94
0.93
0.93
0.91
0.92
0.81
0.76
0.72
0.70
0.95
0.95
0.95
0.94
0.94
0.91
0.87
0.86
0.86
0.95
0.95
0.94
0.94
0.93
0.94
0.94
0.93
0.92
0.95
0.95
0.95
0.94
0.95
0.92
0.87
0.87
0.96
0.96
0.96
0.95
0.96
0.88
0.82
0.80
0.65
0.59
0.75
0.97
0.97
0.97
0.96
0.96
0.94
0.95
0.97
0.97
0.97
0.96
0.96
0.97
0.96
0.96
0.96
0.95
0.94
0.93
0.88
0.96
0.96
0.96
0.95
0.95
0.87
0.80
0.81
0.79
0.96
0.96
0.95
0.95
0.94
0.94
0.91
0.90
0.95
0.95
0.94
0.94
0.92
0.94
0.94
0.94
0.92
0.94
0.82
0.82
0.77
0.94
0.95
0.95
0.92
0.95
0.76
0.70
0.71
0.66
0.94
0.94
0.95
0.91
0.94
0.75
0.70
0.62
0.56
0.94
0.95
0.95
0.94
0.95
0.87
0.87
0.96
0.96
0.96
0.96
0.95
0.94
0.92
0.90
0.88
0.95
0.95
0.95
0.94
0.94
0.84
0.78
0.77
0.74
0.95
0.95
0.95
0.94
0.94
0.95
0.96
0.95
0.94
0.95
0.73
0.95
0.95
0.95
0.95
0.94
0.93
0.90
0.90
0.96
0.96
0.96
0.94
0.95
0.85
0.85
0.78
0.96
0.96
0.96
0.96
0.95
0.92
0.92
