98.38
98.38
98.38
98.38
98.38
98.38
98.38
98.38
98.38
98.38
98.38
98.00
98.00
98.00
98.00
98.00
98.00
98.00
98.00
98.00
98.00
98.00
98.31
98.31
98.31
98.31
98.31
98.31
98.31
98.25
98.25
98.25
98.25
98.25
98.06
98.06
98.06
98.06
98.06
98.06
98.06
98.06
98.06
98.38
98.38
98.38
98.38
98.38
98.38
98.38
98.38
98.06
98.06
98.06
98.06
98.06
98.06
98.06
98.06
97.38
97.38
97.38
97.38
97.38
97.38
97.38
97.38
97.38
95.88
95.88
95.88
95.88
95.88
95.88
95.88
95.88
95.88
95.88
95.88
95.88
95.88
95.88
95.88
95.88
95.88
92.81
92.81
92.81
92.81
92.81
92.81
92.81
92.81
92.81
92.81
92.81
96.44
96.44
96.44
96.44
96.44
96.44
96.44
96.06
96.06
96.06
96.06
96.06
96.06
96.06
96.06
96.25
96.25
96.25
96.25
96.25
96.25
96.25
96.69
96.69
96.69
96.69
97.44
97.44
97.44
97.44
97.44
97.44
97.44
97.44
98.38
98.38
98.38
98.38
98.69
98.69
98.69
98.69
98.69
98.69
98.69
98.69
98.75
98.75
98.75
98.75
98.75
98.75
98.75
98.75
98.75
98.75
98.75
98.75
98.75
98.69
98.69
98.69
98.69
98.69
98.69
98.81
98.81
98.81
98.81
98.81
98.81
98.81
98.81
98.62
98.62
98.62
98.62
98.62
98.62
98.62
98.62
98.50
98.50
98.50
98.50
98.50
98.50
98.50
98.50
98.62
98.62
98.62
98.62
98.62
98.56
98.56
98.56
98.56
98.56
98.06
98.06
98.06
98.06
98.06
98.06
98.06
98.06
98.06
98.06
98.06
98.25
98.25
98.25
98.25
98.25
98.25
98.25
98.25
98.25
98.31
98.31
98.31
98.31
98.31
98.31
98.31
98.31
98.31
98.75
98.75
98.75
98.75
98.75
98.75
98.75
98.75
98.81
98.81
98.81
98.81
98.81
98.81
98.81
98.38
98.38
98.38
98.38
98.38
98.38
98.38
98.38
98.38
98.56
98.56
98.56
98.56
98.56
98.56
98.81
98.81
98.81
98.81
98.81
98.81
98.81
98.81
98.81
98.81
98.81
98.81
98.81
98.81
98.81
98.81
98.81
98.81
98.81
98.81
98.81
98.81
98.75
98.75
98.75
98.75
98.75
98.88
98.88
98.88
98.88
98.88
98.88
98.88
98.88
98.88
98.88
98.88
98.88
98.88
98.88
98.88
98.81
98.81
98.81
98.81
98.81
98.81
98.81
98.81
98.62
98.62
98.62
98.62
98.62
98.62
98.62
98.75
98.75
98.75
98.75
98.75
98.75
98.75
98.75
98.75
98.75
98.75
98.69
98.69
98.69
98.69
98.69
98.69
98.69
98.69
98.69
98.69
98.69
98.69
97.44
97.44
97.44
97.44
97.44
95.81
95.81
95.81
95.81
95.81
95.81
95.81
94.12
94.12
94.12
94.12
97.25
97.25
97.25
97.25
97.25
97.25
97.25
97.25
97.25
97.25
94.12
94.12
94.12
94.12
94.12
94.12
94.12
94.12
