87.18
87.18
87.18
87.18
88.66
88.66
88.66
88.66
88.66
88.66
88.66
88.04
88.04
88.04
88.04
88.04
88.04
88.04
92.74
92.74
92.74
92.74
92.74
92.74
92.74
92.74
94.31
94.31
94.31
94.31
94.31
94.31
94.14
94.14
94.14
94.14
94.14
94.14
92.79
92.79
92.79
92.79
92.79
92.79
92.79
92.24
92.24
92.24
92.24
92.24
92.24
92.24
92.24
92.24
95.53
95.53
95.53
95.53
95.53
95.53
95.53
95.53
96.93
96.93
96.93
96.93
96.93
96.93
96.93
96.93
96.93
96.93
96.93
97.37
97.37
97.37
97.37
97.37
97.37
97.37
97.37
97.03
97.03
97.03
97.03
97.03
97.03
97.03
97.03
97.05
97.05
97.05
97.05
97.05
97.05
97.05
97.05
97.05
97.05
97.05
97.05
95.35
95.35
95.35
95.35
95.35
95.35
95.35
95.35
95.35
95.78
95.78
95.78
95.78
95.78
95.78
95.78
95.78
94.15
94.15
94.15
94.15
94.15
94.15
94.15
90.79
90.79
90.79
90.79
90.79
90.79
90.79
90.79
90.79
90.79
90.79
85.88
85.88
85.88
85.88
85.88
85.88
85.88
85.88
81.26
81.26
81.26
81.26
81.26
81.26
81.26
81.26
87.97
87.97
87.97
87.97
87.97
87.97
91.75
91.75
91.75
91.75
91.75
91.75
91.75
91.75
91.75
93.59
93.59
93.59
93.59
93.59
95.44
95.44
95.44
95.44
95.44
95.44
95.44
95.44
95.44
95.44
96.52
96.52
96.52
96.52
96.52
96.52
96.52
96.97
96.97
96.97
96.97
96.97
96.97
97.08
97.08
97.08
97.08
97.08
97.08
97.08
97.08
96.71
96.71
96.71
96.71
96.71
96.71
96.71
96.25
96.25
96.25
96.25
96.25
96.25
96.25
96.25
96.25
94.96
94.96
94.96
94.96
94.96
94.96
94.96
94.96
91.15
91.15
91.15
91.15
91.15
91.15
91.15
91.15
86.32
86.32
86.32
86.32
81.73
81.73
81.73
81.73
88.80
88.80
88.80
88.80
88.80
94.63
94.63
94.63
94.63
96.76
96.76
96.76
96.76
96.76
96.76
97.42
97.42
97.42
97.42
97.42
97.42
97.42
97.48
97.48
97.48
97.48
97.48
97.48
97.12
97.12
97.12
97.12
97.12
97.12
97.12
97.12
97.12
97.12
97.04
97.04
97.04
97.04
97.04
97.04
97.04
97.04
