0.96
0.96
0.96
0.96
0.96
0.94
0.91
0.90
0.96
0.96
0.96
0.95
0.95
0.93
0.93
0.96
0.96
0.96
0.96
0.95
0.95
0.93
0.93
0.95
0.94
0.93
0.94
0.91
0.92
0.87
0.87
0.93
0.93
0.93
0.92
0.92
0.88
0.86
0.86
0.91
0.91
0.90
0.89
0.89
0.88
0.88
0.92
0.92
0.92
0.90
0.91
0.83
0.78
0.72
0.76
0.92
0.93
0.93
0.92
0.93
0.93
0.94
0.91
0.93
0.84
0.76
0.77
0.95
0.95
0.95
0.95
0.95
0.96
0.96
0.95
0.96
0.95
0.95
0.95
0.95
0.95
0.94
0.93
0.93
0.71
0.95
0.95
0.95
0.94
0.96
0.96
0.95
0.95
0.93
0.94
0.91
0.90
0.94
0.94
0.94
0.92
0.95
0.94
0.93
0.94
0.91
0.91
0.91
0.92
0.91
0.90
0.88
0.88
0.77
0.74
0.69
0.57
0.52
0.64
0.92
0.92
0.91
0.91
0.89
0.92
0.92
0.91
0.89
0.90
0.80
0.75
0.74
0.70
0.94
0.94
0.94
0.93
0.94
0.86
0.83
0.81
0.72
0.69
0.77
0.94
0.94
0.95
0.94
0.94
0.94
0.93
0.93
0.92
0.87
0.87
0.93
0.93
0.93
0.92
0.92
0.89
0.85
0.85
0.85
0.86
0.79
0.83
0.93
0.94
0.93
0.93
0.93
0.93
0.91
0.91
0.90
0.91
0.93
0.93
0.92
0.93
0.91
0.91
0.89
0.88
0.92
0.92
0.91
0.91
0.89
0.90
0.88
0.87
0.92
0.91
0.90
0.89
0.89
0.83
0.79
0.73
0.76
0.90
0.89
0.90
0.89
0.91
0.92
0.92
0.91
0.91
0.86
0.83
0.82
0.81
0.90
0.91
0.92
0.90
0.91
0.86
0.85
0.91
0.92
0.91
0.91
0.90
0.89
0.86
0.86
0.90
0.89
0.89
0.86
0.87
0.74
0.69
0.65
0.62
0.91
0.91
0.92
0.91
0.94
0.94
0.94
0.94
0.94
0.93
0.90
0.90
0.94
0.94
0.94
0.92
0.93
0.80
0.80
0.95
0.95
0.95
0.94
0.94
0.90
0.84
0.83
0.83
0.84
0.94
0.94
0.94
0.93
0.93
0.89
0.88
0.94
0.93
0.92
0.92
0.89
0.85
0.84
0.93
0.93
0.92
0.91
0.90
0.87
0.82
0.84
0.94
0.94
0.94
0.94
0.95
0.96
0.95
0.95
0.94
0.95
0.94
0.94
0.93
0.93
0.93
0.95
0.95
0.96
0.94
0.95
0.88
0.80
0.79
0.82
0.82
0.96
0.96
0.96
0.96
0.96
0.95
0.92
0.92
0.96
0.96
0.96
0.95
0.95
0.94
0.91
0.90
0.96
0.96
0.96
0.96
0.95
0.95
0.94
0.95
0.95
0.94
0.94
0.92
0.93
0.92
0.91
0.91
0.90
0.86
0.87
0.90
0.90
0.90
0.89
0.88
0.87
0.86
0.90
0.89
0.89
0.87
0.88
0.78
0.72
0.75
0.90
0.90
0.88
0.88
0.85
0.84
0.78
0.78
0.87
0.87
0.85
0.84
0.83
0.76
0.75
0.85
0.84
0.84
0.81
