83.28
83.28
83.28
83.28
83.28
83.28
83.28
81.97
81.97
81.97
81.97
81.97
81.97
81.97
81.97
81.97
81.97
81.97
73.45
73.45
73.45
73.45
73.45
73.45
73.45
65.74
65.74
65.74
65.74
65.74
65.74
65.74
57.74
57.74
57.74
57.74
56.17
56.17
56.17
56.17
56.17
56.17
56.17
56.17
51.73
51.73
51.73
51.73
51.73
53.14
53.14
53.14
53.14
53.14
53.14
53.14
53.14
53.14
51.56
51.56
51.56
51.56
51.56
51.56
51.56
57.60
57.60
57.60
57.60
57.60
57.60
57.60
57.60
70.50
70.50
70.50
70.50
70.50
70.50
70.50
70.50
70.50
78.95
78.95
78.95
78.95
78.95
78.95
83.33
83.33
83.33
83.33
83.33
83.33
83.33
89.44
89.44
89.44
89.44
89.44
89.44
89.44
89.44
90.82
90.82
90.82
90.82
90.82
90.82
93.11
93.11
93.11
93.11
93.11
93.11
93.11
93.11
93.11
93.11
93.11
93.11
