98.84
98.84
98.84
98.84
98.84
98.84
98.84
98.84
98.71
98.71
98.71
98.71
98.71
98.74
98.74
98.74
98.74
98.74
98.74
98.74
98.74
98.83
98.83
98.83
98.83
98.83
98.83
98.83
98.83
98.83
98.83
98.83
98.83
98.81
98.81
98.81
98.81
98.81
98.81
98.81
98.81
98.82
98.82
98.82
98.82
98.82
98.82
98.82
98.82
98.75
98.75
98.75
98.75
98.75
98.75
98.75
98.75
98.75
98.68
98.68
98.68
98.68
98.68
98.68
98.68
98.68
98.68
98.65
98.65
98.65
98.65
98.65
98.65
98.65
98.65
98.80
98.80
98.80
98.80
98.80
98.80
98.80
98.80
98.80
98.80
98.80
98.61
98.61
98.61
98.61
98.61
98.61
98.61
98.61
98.57
98.57
98.57
98.57
98.57
98.57
98.57
98.57
98.67
98.67
98.67
98.67
98.67
98.67
98.67
98.67
98.67
98.67
98.67
98.67
98.67
98.67
98.67
98.67
98.67
97.76
97.76
97.76
97.76
97.76
97.76
97.76
97.76
98.24
98.24
98.24
98.24
98.24
97.99
97.99
97.99
97.99
97.99
97.99
97.99
97.99
97.99
97.99
97.99
97.99
97.99
97.45
97.45
97.45
97.45
97.45
97.45
97.45
97.45
97.45
98.00
98.00
98.00
98.00
98.00
98.00
98.00
98.00
98.00
98.00
98.00
97.14
97.14
97.14
97.14
98.28
98.28
98.28
98.28
98.28
98.28
98.28
98.28
98.77
98.77
98.77
98.77
98.77
98.77
98.77
98.81
98.81
98.81
98.81
98.81
98.81
98.81
98.81
98.81
98.92
98.92
98.92
98.92
98.92
98.92
98.92
98.92
98.92
98.92
98.92
98.92
98.92
98.96
98.96
98.96
98.96
98.96
98.96
98.96
98.96
98.96
98.96
98.96
98.93
98.93
98.93
98.93
98.93
98.93
98.93
98.93
98.93
98.93
98.90
98.90
98.90
98.90
98.90
98.90
98.90
98.90
98.90
98.47
98.47
98.47
98.47
