98.85
98.85
98.85
98.85
98.85
98.85
98.85
98.85
98.85
98.85
98.85
98.85
98.69
98.69
98.69
98.69
98.69
98.69
98.69
98.69
98.69
98.69
98.69
98.68
98.68
98.68
98.68
98.68
98.68
98.68
98.68
98.81
98.81
98.81
98.81
98.81
98.81
98.81
98.90
98.90
98.90
98.90
98.90
98.90
98.90
98.90
98.90
98.90
98.90
98.90
98.79
98.79
98.79
98.79
98.59
98.59
98.59
98.59
98.59
98.59
98.59
98.55
98.55
98.55
98.55
98.55
98.55
98.55
98.55
98.55
98.55
98.55
98.55
98.55
98.55
98.55
98.55
98.55
98.55
98.55
98.55
97.68
97.68
97.68
97.68
97.62
97.62
97.62
97.62
97.62
97.62
97.62
97.62
97.62
97.62
97.74
97.74
97.74
97.74
97.74
97.74
97.74
97.74
97.74
96.80
96.80
96.80
96.80
94.68
94.68
94.68
94.68
94.68
94.68
95.59
95.59
95.59
95.59
95.59
95.59
95.59
95.59
97.72
97.72
97.72
97.72
97.72
98.38
98.38
98.38
98.38
98.38
98.38
98.26
98.26
98.26
98.26
98.26
98.26
98.26
98.75
98.75
98.75
98.75
98.75
98.75
98.75
98.75
98.75
98.75
98.75
98.75
98.75
98.75
98.75
98.75
98.68
98.68
98.68
98.68
98.68
98.68
98.68
98.68
98.68
98.68
98.77
98.77
98.77
98.77
98.77
98.77
98.77
98.77
98.77
98.77
98.77
98.77
98.77
98.77
98.77
98.77
98.50
98.50
98.50
98.50
98.50
98.50
98.50
98.73
98.73
98.73
98.73
98.73
98.73
98.73
98.73
98.73
98.50
98.50
98.50
98.50
98.50
98.50
98.50
98.50
98.11
98.11
98.11
98.11
98.11
98.11
98.11
98.11
98.16
98.16
98.16
98.16
98.16
98.16
98.16
98.16
97.92
97.92
97.92
97.92
98.45
98.45
98.45
98.45
98.45
98.45
98.45
98.45
98.45
98.00
98.00
98.00
98.00
98.00
98.00
98.53
98.53
98.53
98.53
98.53
98.53
98.53
98.74
98.74
98.74
98.74
98.74
98.74
98.74
98.74
98.74
98.66
98.66
98.66
98.66
98.66
98.66
98.66
98.66
98.21
98.21
98.21
98.21
98.21
98.21
98.21
98.21
98.21
98.21
98.21
