97.80
97.80
97.80
97.80
98.47
98.47
98.47
98.47
98.47
98.47
98.47
98.47
98.47
98.47
98.47
98.47
98.63
98.63
98.63
98.63
98.79
98.79
98.79
98.79
98.79
98.79
98.79
98.85
98.85
98.85
98.85
98.85
98.85
98.85
98.85
98.85
98.85
98.85
98.85
98.85
98.85
98.80
98.80
98.80
98.80
98.80
98.80
98.85
98.85
98.85
98.85
98.85
98.78
98.78
98.78
98.78
98.78
98.78
98.78
98.78
98.85
98.85
98.85
98.85
98.85
98.86
98.86
98.86
98.86
98.86
98.86
98.86
98.86
98.86
98.86
98.86
98.86
98.86
98.86
98.81
98.81
98.81
98.81
98.81
98.81
98.81
98.81
98.81
98.81
98.81
98.47
98.47
98.47
98.47
98.47
97.84
97.84
97.84
97.84
97.84
97.84
97.84
97.84
97.84
96.62
96.62
96.62
96.62
96.62
96.62
96.62
96.62
96.50
96.50
96.50
96.50
96.50
96.50
96.50
95.98
95.98
95.98
95.98
95.98
95.98
95.98
95.93
95.93
95.93
95.93
95.93
95.93
95.93
95.93
95.93
97.70
97.70
97.70
97.70
97.70
97.70
97.70
97.70
98.16
98.16
98.16
98.16
98.16
98.16
98.65
98.65
98.65
98.65
98.65
98.65
98.59
98.59
98.59
98.59
98.59
98.59
98.59
98.59
98.65
98.65
98.65
98.65
98.65
98.65
98.65
98.65
98.65
98.65
98.65
98.40
98.40
98.40
98.40
98.40
98.40
98.40
98.47
98.47
98.47
98.47
98.47
98.47
98.47
98.47
98.47
98.41
98.41
98.41
98.41
98.41
98.41
98.41
98.41
98.60
98.60
98.60
98.60
98.60
98.63
98.63
98.63
98.63
98.61
98.61
98.61
98.61
98.61
98.61
98.61
98.53
98.53
98.53
98.53
98.53
98.53
98.53
98.53
98.53
98.53
98.53
98.53
98.53
98.53
97.09
97.09
97.09
97.09
97.09
97.09
97.09
97.09
97.09
96.39
96.39
96.39
96.39
96.39
96.39
96.39
