63.16
63.16
63.16
63.16
63.16
63.16
63.16
63.16
82.80
82.80
82.80
82.80
82.80
82.80
82.80
93.29
93.29
93.29
93.29
93.29
93.29
93.29
95.77
95.77
95.77
95.77
95.77
95.77
95.77
95.77
95.77
97.66
97.66
97.66
97.66
97.66
97.66
97.66
98.24
98.24
98.24
98.24
98.24
98.24
98.24
98.30
98.30
98.30
98.30
98.30
98.30
98.23
98.23
98.23
98.23
98.23
98.23
98.23
98.23
98.23
98.36
98.36
98.36
98.36
98.36
98.36
98.36
98.36
98.73
98.73
98.73
98.73
98.73
98.73
98.73
98.73
98.62
98.62
98.62
98.62
98.62
98.62
98.62
98.62
98.62
98.62
98.62
98.61
98.61
98.61
98.61
98.61
98.61
98.61
98.61
98.61
98.66
98.66
98.66
98.66
98.66
98.66
98.66
98.66
98.68
98.68
98.68
98.68
98.68
98.68
98.68
98.68
98.68
98.68
98.68
98.50
98.50
98.50
98.50
98.50
98.50
98.50
98.50
98.50
98.58
98.58
98.58
98.58
98.58
98.73
98.73
98.73
98.73
98.73
98.73
98.73
98.73
98.45
98.45
98.45
98.45
98.45
98.45
98.45
98.45
98.45
98.45
98.45
97.96
97.96
97.96
97.96
97.96
97.96
97.96
97.96
96.74
96.74
96.74
96.74
96.74
96.74
97.17
97.17
97.17
97.17
97.17
97.17
97.17
97.17
97.17
97.07
97.07
97.07
97.07
97.07
97.07
97.07
97.07
97.07
97.07
97.07
97.07
97.27
97.27
97.27
97.27
97.27
97.27
97.27
96.35
96.35
96.35
96.35
96.35
96.35
96.35
97.55
97.55
97.55
97.55
97.55
97.55
97.55
97.55
97.55
