0.97
0.97
0.98
0.97
0.97
0.88
0.81
0.72
0.66
0.98
0.98
0.98
0.98
0.98
0.97
0.95
0.95
0.98
0.98
0.98
0.98
0.98
0.98
0.97
0.97
0.96
0.96
0.95
0.98
0.98
0.98
0.98
0.98
0.97
0.96
0.93
0.87
0.87
0.91
0.98
0.98
0.98
0.98
0.98
0.97
0.96
0.98
0.97
0.97
0.97
0.97
0.97
0.96
0.96
0.96
0.96
0.96
0.95
0.95
0.92
0.91
0.91
0.91
0.88
0.89
0.97
0.97
0.97
0.96
0.97
0.97
0.97
0.96
0.97
0.93
0.90
0.89
0.89
0.97
0.97
0.97
0.97
0.97
0.91
0.90
0.97
0.97
0.97
0.96
0.97
0.95
0.94
0.94
0.97
0.97
0.97
0.96
0.97
0.97
0.97
0.97
0.97
0.97
0.94
0.93
0.98
0.98
0.98
0.97
0.98
0.97
0.95
0.95
0.97
0.97
0.97
0.96
0.97
0.87
0.81
0.78
0.67
0.61
0.70
0.97
0.97
0.97
0.97
0.97
0.76
0.98
0.98
0.98
0.97
0.97
0.96
0.96
0.98
0.98
0.98
0.97
0.97
0.95
0.92
0.90
0.90
0.97
0.97
0.97
0.96
0.96
0.97
0.97
0.96
0.95
0.96
0.83
0.75
0.68
0.62
0.97
0.97
0.96
0.97
0.96
0.96
0.96
0.95
0.95
0.95
0.93
0.94
0.97
0.97
0.97
0.96
0.97
0.97
0.97
0.97
0.97
0.97
0.96
0.95
0.97
0.97
0.97
0.96
0.97
0.94
0.92
0.97
0.97
0.97
0.97
0.97
0.95
0.94
0.92
0.92
0.97
0.97
0.97
0.97
0.97
0.94
0.94
0.95
0.94
0.94
0.92
0.91
0.75
0.75
0.72
