0.98
0.98
0.98
0.98
0.98
0.98
0.98
0.98
0.98
0.98
0.97
0.96
0.98
0.98
0.98
0.98
0.98
0.96
0.89
0.84
0.98
0.98
0.98
0.98
0.98
0.98
0.97
0.97
0.97
0.96
0.96
0.98
0.98
0.98
0.98
0.98
0.97
0.96
0.96
0.98
0.98
0.98
0.98
0.98
0.96
0.94
0.92
0.92
0.98
0.98
0.98
0.98
0.98
0.98
0.98
0.97
0.97
0.93
0.88
0.82
0.86
0.97
0.97
0.97
0.97
0.97
0.96
0.94
0.94
0.93
0.92
0.89
0.91
0.98
0.97
0.97
0.97
0.97
0.97
0.97
0.97
0.97
0.96
0.97
0.97
0.96
0.96
0.96
0.89
0.82
0.74
0.80
0.97
0.97
0.97
0.96
0.96
0.89
0.79
0.80
0.97
0.97
0.97
0.97
0.97
0.95
0.94
0.97
0.97
0.97
0.97
0.97
0.84
0.97
0.97
0.98
0.97
0.97
0.95
0.90
0.90
0.98
0.98
0.98
0.98
0.98
0.97
0.97
0.97
0.97
0.97
0.96
0.97
0.78
0.72
0.69
0.56
0.49
0.63
0.97
0.97
0.97
0.96
0.97
0.97
0.97
0.97
0.97
0.97
0.97
0.96
0.95
0.94
0.96
0.96
0.96
0.96
0.95
0.92
0.92
0.95
0.95
0.95
0.95
0.94
0.92
0.88
0.89
0.96
0.95
0.95
0.95
0.94
0.95
0.95
0.95
0.95
0.97
0.97
0.97
0.97
0.97
0.95
0.94
0.89
0.97
0.97
0.97
0.96
0.97
0.93
0.86
0.86
0.85
0.80
0.89
0.84
0.87
0.84
0.98
0.98
0.98
0.98
0.98
0.96
0.96
0.98
0.98
0.98
0.98
0.98
0.98
0.98
0.98
0.98
0.98
0.98
0.96
0.95
0.98
0.98
0.98
0.98
0.98
0.98
0.96
0.95
0.95
0.96
