0.92
0.91
0.91
0.90
0.89
0.86
0.81
0.81
0.89
0.89
0.89
0.88
0.87
0.84
0.87
0.87
0.87
0.85
0.86
0.81
0.77
0.77
0.76
0.77
0.72
0.87
0.87
0.88
0.86
0.88
0.80
0.77
0.69
0.64
0.89
0.89
0.89
0.88
0.88
0.86
0.85
0.83
0.84
0.89
0.89
0.88
0.87
0.85
0.80
0.89
0.88
0.88
0.86
0.87
0.79
0.72
0.72
0.89
0.88
0.89
0.87
0.87
0.82
0.76
0.77
0.88
0.89
0.89
0.89
0.90
0.91
0.91
0.90
0.90
0.89
0.87
0.87
0.87
0.87
0.85
0.92
0.92
0.91
0.90
0.89
0.76
0.91
0.91
0.91
0.89
0.90
0.82
0.79
0.74
0.68
0.91
0.91
0.91
0.89
0.90
0.72
0.76
0.91
0.90
0.90
0.89
0.89
0.85
0.85
0.82
0.91
0.91
0.91
0.88
0.90
0.75
0.71
0.59
0.65
0.90
0.90
0.89
0.88
0.88
0.80
0.82
0.89
0.89
0.88
0.87
0.86
0.76
0.75
0.73
0.86
0.86
0.85
0.84
0.83
0.80
0.77
0.79
0.86
0.86
0.86
0.84
0.89
0.89
0.89
0.87
0.88
0.80
0.77
0.72
0.62
0.58
0.69
0.90
0.90
0.90
0.88
0.88
0.73
0.78
0.91
0.91
0.91
0.90
0.90
0.86
0.80
0.81
0.91
0.92
0.91
0.90
0.90
0.87
0.87
0.91
0.91
0.90
0.89
0.88
0.84
0.78
0.78
0.91
0.90
0.90
0.88
0.88
0.77
0.91
0.90
0.90
0.88
0.89
0.81
0.78
0.74
0.64
0.60
0.72
0.90
0.89
0.88
0.86
0.84
0.72
0.70
0.88
0.88
0.88
0.85
0.87
0.76
0.72
0.63
0.68
0.89
0.89
0.89
0.88
0.88
0.84
0.83
0.88
0.88
0.87
0.86
0.84
0.77
0.76
