98.90
98.90
98.90
98.90
98.90
98.90
98.90
98.91
98.91
98.91
98.91
98.91
98.91
98.92
98.92
98.92
98.92
98.92
98.92
98.92
98.93
98.93
98.93
98.93
98.93
98.93
98.93
98.86
98.86
98.86
98.86
98.86
98.91
98.91
98.91
98.91
98.91
98.91
98.91
98.91
98.91
98.91
98.91
98.91
98.88
98.88
98.88
98.88
98.88
98.88
98.88
98.88
98.84
98.84
98.84
98.84
98.84
98.84
98.77
98.77
98.77
98.77
98.77
98.77
98.77
98.77
98.89
98.89
98.89
98.89
98.89
98.89
98.89
98.89
98.89
98.89
98.87
98.87
98.87
98.87
98.87
98.87
98.87
98.87
98.76
98.76
98.76
98.76
98.76
98.76
98.76
98.76
98.85
98.85
98.85
98.85
98.85
98.85
98.86
98.86
98.86
98.86
98.86
98.82
98.82
98.82
98.82
98.82
98.82
98.82
98.82
98.82
98.82
98.82
98.82
98.82
98.82
98.80
98.80
98.80
98.80
98.80
98.80
98.80
98.80
98.89
98.89
98.89
98.89
98.89
98.89
98.89
98.89
98.82
98.82
98.82
98.82
98.82
98.82
98.82
98.82
98.62
98.62
98.62
98.62
98.62
98.62
98.77
98.77
98.77
98.77
98.77
98.77
98.77
98.77
98.77
98.77
98.77
98.61
98.61
98.61
98.61
98.64
98.64
98.64
98.64
98.64
98.64
98.64
98.64
98.70
98.70
98.70
98.70
98.70
98.70
98.70
98.70
98.70
98.70
98.70
98.70
98.70
98.70
98.70
98.70
98.70
98.70
98.85
98.85
98.85
98.85
98.85
98.85
98.85
98.85
98.85
98.83
98.83
98.83
98.83
98.83
98.83
98.83
98.83
98.83
98.83
98.83
98.74
98.74
98.74
98.74
98.74
98.74
98.74
98.74
98.74
98.74
98.75
98.75
98.75
98.75
98.75
98.75
98.75
98.75
98.75
98.84
98.84
98.84
98.84
98.84
98.84
98.84
98.84
98.84
98.84
98.84
