84.77
84.77
84.77
84.77
84.77
84.77
84.77
84.77
80.84
80.84
80.84
80.84
80.84
80.84
80.84
80.84
80.84
84.12
84.12
84.12
84.12
84.12
84.12
84.12
87.76
87.76
87.76
87.76
87.76
87.76
87.76
86.50
86.50
86.50
86.50
86.50
86.50
86.50
81.74
81.74
81.74
81.74
81.74
81.74
81.74
81.74
81.74
83.49
83.49
83.49
83.49
83.49
83.49
83.49
83.49
84.78
84.78
84.78
84.78
84.78
84.78
84.78
84.78
80.69
80.69
80.69
80.69
80.69
80.69
80.69
80.69
80.69
75.99
75.99
75.99
75.99
75.99
75.99
75.99
75.99
75.99
75.99
75.99
70.07
70.07
70.07
70.07
70.07
70.07
74.26
74.26
74.26
74.26
74.26
74.26
74.26
74.26
81.79
81.79
81.79
81.79
81.79
81.79
81.79
79.25
79.25
79.25
79.25
79.25
79.25
80.82
80.82
80.82
80.82
80.82
80.82
80.82
80.82
80.82
80.82
80.82
84.08
84.08
84.08
84.08
84.08
84.08
84.08
80.08
80.08
80.08
80.08
80.08
80.08
80.08
80.08
80.08
78.22
78.22
78.22
78.22
78.22
78.22
78.22
68.28
68.28
68.28
68.28
68.28
68.28
67.53
67.53
67.53
67.53
67.53
67.53
67.53
67.53
79.06
79.06
79.06
79.06
79.06
79.06
79.06
79.06
85.67
85.67
85.67
85.67
85.67
85.67
85.67
85.67
85.67
85.67
88.55
88.55
88.55
88.55
88.55
88.55
88.55
87.41
87.41
87.41
87.41
87.41
87.41
87.41
87.41
89.96
89.96
89.96
89.96
89.96
89.96
89.96
89.96
85.52
85.52
85.52
85.52
85.52
85.52
85.52
85.52
85.52
85.52
85.52
85.52
86.33
86.33
86.33
86.33
86.33
86.33
86.33
86.33
79.28
79.28
79.28
79.28
79.28
79.28
79.28
79.28
