95.11
95.11
95.11
95.11
95.11
95.11
95.11
95.11
90.02
90.02
90.02
90.02
90.02
90.02
90.02
85.64
85.64
85.64
85.64
85.64
85.64
85.64
81.60
81.60
81.60
81.60
81.60
81.60
81.60
81.60
81.60
81.60
81.60
76.45
76.45
76.45
76.45
80.86
80.86
80.86
80.86
80.86
80.86
80.86
80.86
81.82
81.82
81.82
81.82
81.82
81.82
81.82
79.23
79.23
79.23
79.23
79.23
79.23
79.23
79.23
75.58
75.58
75.58
75.58
75.58
75.58
75.58
75.58
75.29
75.29
75.29
75.29
75.29
75.29
75.29
75.29
70.56
70.56
70.56
70.56
70.56
70.56
70.56
69.49
69.49
69.49
69.49
69.49
69.49
69.49
68.68
68.68
68.68
68.68
68.68
68.68
68.68
68.68
67.31
67.31
67.31
67.31
67.31
63.08
63.08
63.08
63.08
63.08
63.08
63.08
63.08
63.08
61.73
61.73
61.73
61.73
61.73
61.73
61.73
55.93
55.93
55.93
55.93
54.94
54.94
54.94
54.94
56.35
56.35
56.35
56.35
56.35
56.35
56.35
56.35
56.35
69.15
69.15
69.15
69.15
75.64
75.64
75.64
75.64
75.64
75.64
75.64
75.64
80.65
80.65
80.65
80.65
80.65
80.65
80.65
80.65
80.65
80.65
80.65
86.43
86.43
86.43
86.43
86.43
86.43
86.43
88.87
88.87
88.87
88.87
88.87
88.87
88.87
88.87
88.87
92.23
92.23
92.23
92.23
92.23
92.23
92.23
92.23
92.23
95.09
95.09
95.09
95.09
95.09
95.09
95.09
95.09
95.05
95.05
95.05
95.05
95.05
95.05
95.05
95.05
95.05
