0.29
0.32
0.29
0.27
0.28
0.22
0.26
0.27
0.31
0.27
0.25
0.26
0.25
0.14
0.16
0.30
0.32
0.30
0.27
0.29
0.26
0.19
0.27
0.29
0.31
0.30
0.28
0.28
0.27
0.27
0.25
0.32
0.31
0.32
0.30
0.30
0.31
0.30
0.28
0.28
0.27
0.29
0.20
0.32
0.35
0.36
0.35
0.34
0.34
0.31
0.31
0.32
0.32
0.32
0.30
0.31
0.29
0.28
0.23
0.33
0.35
0.34
0.32
0.32
0.29
0.29
0.28
0.31
0.32
0.31
0.29
0.29
0.28
0.27
0.20
0.33
0.33
0.33
0.30
0.31
0.28
0.37
0.37
0.37
0.35
0.36
0.32
0.32
0.38
0.39
0.38
0.36
0.36
0.32
0.32
0.31
0.37
0.38
0.38
0.34
0.36
0.32
0.28
0.30
0.40
0.39
0.40
0.38
0.48
0.46
0.48
0.43
0.46
0.40
0.43
0.35
0.27
0.23
0.32
0.57
0.55
0.57
0.53
0.56
0.49
0.52
0.56
0.54
0.56
0.53
0.61
0.59
0.61
0.58
0.60
0.57
0.57
0.57
0.55
0.56
0.49
0.51
0.49
0.57
0.56
0.58
0.57
0.62
0.61
0.62
0.59
0.60
0.58
0.56
0.58
0.56
0.55
0.55
0.53
0.50
0.50
0.47
0.51
0.50
0.48
0.54
0.44
0.62
0.61
0.61
0.59
0.59
0.57
0.57
0.55
0.52
0.57
0.57
0.56
0.56
0.56
0.55
0.52
0.53
0.56
0.55
0.56
0.53
0.54
0.52
0.45
0.52
0.59
0.59
0.59
0.56
0.58
0.53
0.49
0.54
0.61
0.60
0.61
0.58
0.59
0.55
0.53
0.53
0.50
0.51
0.50
0.62
0.62
0.63
0.60
0.61
0.57
0.58
0.56
0.65
0.64
0.65
0.63
0.63
0.60
0.61
0.64
0.63
0.64
0.62
0.63
0.60
0.60
0.57
0.65
0.64
0.65
0.63
0.63
0.63
0.63
0.61
0.62
0.60
0.57
0.57
