50.59
50.59
50.59
50.59
50.59
50.59
50.59
50.59
52.72
52.72
52.72
52.72
52.72
52.72
52.72
52.72
61.84
61.84
61.84
61.84
61.84
61.84
61.84
76.06
76.06
76.06
76.06
76.06
76.06
76.06
76.06
79.94
79.94
79.94
79.94
79.94
79.94
79.94
79.94
78.31
78.31
78.31
78.31
78.31
78.31
78.31
78.31
76.44
76.44
76.44
76.44
76.44
76.44
76.44
76.44
76.44
79.19
79.19
79.19
79.19
79.19
79.19
79.19
79.19
79.19
86.06
86.06
86.06
86.06
86.06
86.06
86.06
86.06
86.06
86.06
86.06
78.06
78.06
78.06
78.06
78.06
79.12
79.12
79.12
79.12
79.12
79.12
79.12
79.12
79.12
78.38
78.38
78.38
78.38
78.38
81.25
81.25
81.25
81.25
81.25
81.25
81.25
81.25
81.25
81.25
81.25
81.56
81.56
81.56
81.56
81.56
81.56
81.56
81.56
78.81
78.81
78.81
78.81
78.81
78.81
78.81
78.81
78.81
78.81
78.81
78.81
85.75
85.75
85.75
85.75
85.75
85.75
85.75
85.81
85.81
85.81
85.81
85.81
85.81
85.81
85.81
85.81
85.81
85.81
94.38
94.38
94.38
94.38
94.38
94.38
94.38
94.38
96.75
96.75
96.75
96.75
96.75
96.94
96.94
96.94
96.94
96.94
96.94
96.94
96.94
97.00
97.00
97.00
97.00
97.00
97.00
97.00
96.69
96.69
96.69
96.69
96.69
96.69
96.69
96.75
96.75
96.75
96.75
96.75
96.75
96.75
95.12
95.12
95.12
95.12
95.12
95.12
95.12
95.12
90.88
90.88
90.88
90.88
90.88
90.88
90.88
90.88
90.75
90.75
90.75
90.75
90.75
90.75
90.75
90.75
90.75
91.81
91.81
91.81
91.81
96.94
96.94
96.94
96.94
96.94
96.94
96.94
96.94
96.94
96.94
96.94
98.19
98.19
98.19
98.19
98.19
98.19
98.19
98.19
97.38
97.38
97.38
97.38
97.38
97.38
97.38
97.38
96.00
96.00
96.00
96.00
96.00
96.00
96.00
96.00
96.88
96.88
96.88
96.88
96.88
96.88
96.88
96.88
96.88
96.88
96.88
96.88
96.88
96.88
96.25
96.25
96.25
96.25
96.25
96.25
96.25
96.25
95.06
95.06
95.06
95.06
95.06
95.06
95.06
95.06
95.06
95.94
95.94
95.94
95.94
97.50
97.50
97.50
97.50
97.50
97.50
96.88
96.88
96.88
96.88
96.88
96.88
96.88
96.88
96.88
95.38
95.38
95.38
95.38
95.38
95.38
95.38
96.38
96.38
96.38
96.38
96.38
96.38
96.38
96.38
97.38
97.38
97.38
97.38
97.38
97.38
97.38
97.38
97.38
97.38
97.38
97.38
97.00
97.00
97.00
97.00
97.81
97.81
97.81
97.81
97.81
97.81
97.81
97.81
97.81
97.81
97.81
97.81
97.62
97.62
97.62
97.62
97.62
97.62
96.75
96.75
96.75
96.75
96.75
96.75
96.75
96.75
96.75
97.56
97.56
97.56
97.56
97.56
97.56
97.56
97.56
97.56
97.62
97.62
97.62
97.62
97.62
97.62
97.62
97.62
97.62
97.75
97.75
97.75
97.75
97.75
98.12
98.12
98.12
98.12
98.12
98.12
98.12
98.12
97.62
97.62
97.62
97.62
98.12
98.12
98.12
98.12
98.12
98.12
98.12
98.12
98.12
96.06
96.06
96.06
96.06
96.06
96.06
96.06
