98.45
98.45
98.45
98.45
98.45
98.45
98.45
98.31
98.31
98.31
98.31
98.31
98.50
98.50
98.50
98.50
98.50
98.60
98.60
98.60
98.60
98.60
98.60
98.60
98.22
98.22
98.22
98.22
98.22
98.22
98.22
98.22
98.54
98.54
98.54
98.54
98.54
98.54
98.54
98.75
98.75
98.75
98.75
98.75
98.75
98.75
98.75
98.81
98.81
98.81
98.81
98.81
98.81
98.81
98.83
98.83
98.83
98.83
98.83
98.68
98.68
98.68
98.68
98.68
98.68
98.68
98.68
98.24
98.24
98.24
98.24
98.24
98.24
98.24
98.24
95.38
95.38
95.38
95.38
95.38
92.63
92.63
92.63
92.63
92.63
92.63
92.63
92.63
92.63
92.99
92.99
92.99
92.99
94.81
94.81
94.81
94.81
94.81
94.81
94.81
94.81
94.81
94.53
94.53
94.53
94.53
94.53
94.53
94.53
94.53
94.53
97.43
97.43
97.43
97.43
97.43
97.43
97.43
97.43
97.43
97.43
98.37
98.37
98.37
98.37
98.37
97.99
97.99
97.99
97.99
97.99
97.99
97.99
97.99
98.30
98.30
98.30
98.30
98.30
98.30
98.85
98.85
98.85
98.85
98.85
98.85
98.85
98.69
98.69
98.69
98.69
98.71
98.71
98.71
98.71
98.71
98.71
98.71
98.76
98.76
98.76
98.76
98.76
98.76
98.76
98.76
98.68
98.68
98.68
98.68
98.68
98.68
98.68
98.68
98.68
98.43
98.43
98.43
98.43
98.43
98.43
98.43
98.43
98.56
98.56
98.56
98.56
98.56
98.56
98.41
98.41
98.41
98.41
98.41
98.25
98.25
98.25
98.25
98.25
98.25
98.25
98.25
98.25
98.33
98.33
98.33
98.33
98.33
98.33
98.33
98.33
98.37
98.37
98.37
98.37
98.37
98.37
98.37
98.37
97.74
97.74
97.74
97.74
97.74
97.74
97.74
97.74
97.74
97.86
97.86
97.86
97.86
97.86
97.86
97.86
97.86
97.86
97.64
97.64
97.64
97.64
97.64
97.64
97.64
97.06
97.06
97.06
97.06
97.06
97.06
97.06
97.06
97.96
97.96
97.96
97.96
97.96
97.96
97.96
97.96
97.96
97.71
97.71
97.71
97.71
98.53
98.53
98.53
98.53
98.53
98.53
98.53
98.53
98.46
98.46
98.46
98.46
98.77
98.77
98.77
98.77
98.77
98.77
98.77
98.77
98.72
98.72
98.72
98.72
98.72
98.72
98.72
98.72
98.72
98.57
98.57
98.57
98.57
98.57
98.57
98.57
98.57
98.62
98.62
98.62
98.62
98.62
98.62
98.62
98.62
98.66
98.66
98.66
98.66
98.66
98.66
98.66
98.66
98.66
98.66
98.65
98.65
98.65
98.65
98.65
98.65
98.65
98.65
98.65
98.65
98.65
98.65
97.96
97.96
97.96
97.96
97.96
97.96
97.96
97.96
