93.26
93.26
93.26
93.26
90.26
90.26
90.26
90.26
90.26
90.26
80.53
80.53
80.53
80.53
80.53
80.53
80.53
80.53
80.53
65.53
65.53
65.53
65.53
65.53
65.53
65.53
65.53
63.57
63.57
63.57
63.57
63.57
62.62
62.62
62.62
62.62
62.62
62.62
62.62
62.62
66.10
66.10
66.10
66.10
66.10
66.10
66.10
66.10
64.55
64.55
64.55
64.55
64.55
69.81
69.81
69.81
69.81
69.81
69.81
80.20
80.20
80.20
80.20
86.88
86.88
86.88
86.88
86.88
86.88
86.88
86.88
86.88
91.48
91.48
91.48
91.48
91.48
91.48
91.48
91.48
93.72
93.72
93.72
93.72
93.72
93.72
93.72
93.72
93.72
96.10
96.10
96.10
96.10
96.10
96.10
96.10
96.10
96.10
96.10
96.10
96.10
96.10
96.10
96.05
96.05
96.05
96.05
96.05
96.05
96.05
96.05
96.05
96.28
96.28
96.28
96.28
96.28
96.28
96.28
96.28
96.30
96.30
96.30
96.30
96.30
96.30
96.30
96.30
96.30
96.30
96.30
96.30
97.06
97.06
97.06
97.06
97.06
97.06
97.06
97.06
97.06
97.06
97.06
96.74
96.74
96.74
96.74
96.74
96.74
96.74
96.74
96.74
96.74
96.74
97.01
97.01
97.01
97.01
97.01
97.01
97.01
97.01
97.01
97.01
97.08
97.08
97.08
97.08
97.08
97.08
97.08
97.08
97.55
97.55
97.55
97.55
97.55
97.40
97.40
97.40
97.40
97.40
97.40
97.40
97.40
97.40
97.40
97.40
97.40
96.11
96.11
96.11
96.11
96.11
96.11
96.11
94.47
94.47
94.47
94.47
94.47
94.47
94.47
94.47
94.47
94.23
94.23
94.23
94.23
94.23
94.23
94.23
94.23
94.23
93.72
93.72
93.72
93.72
93.72
93.72
93.72
93.72
93.72
94.38
94.38
94.38
94.38
94.38
94.38
94.38
94.38
94.38
94.38
94.38
94.13
94.13
94.13
94.13
94.13
94.13
94.13
94.13
94.88
94.88
94.88
94.88
94.88
94.88
94.88
94.88
92.73
92.73
92.73
92.73
92.73
92.73
93.21
93.21
93.21
93.21
93.21
93.21
93.21
93.21
