98.77
98.77
98.77
98.77
98.77
98.77
98.77
98.77
98.77
98.77
98.77
98.78
98.78
98.78
98.78
98.78
98.78
98.78
98.78
98.76
98.76
98.76
98.76
98.76
98.76
98.76
98.76
98.73
98.73
98.73
98.73
98.73
98.73
98.73
98.73
98.73
98.80
98.80
98.80
98.80
98.80
98.80
98.80
98.80
98.80
98.80
98.80
98.79
98.79
98.79
98.79
98.79
98.79
98.79
98.79
98.66
98.66
98.66
98.66
98.66
98.66
98.66
98.66
98.66
98.55
98.55
98.55
98.55
98.55
98.55
98.55
98.55
98.55
98.55
98.55
98.71
98.71
98.71
98.71
98.71
98.71
98.71
98.71
98.71
98.71
98.71
98.71
98.71
98.71
98.65
98.65
98.65
98.65
98.65
98.17
98.17
98.17
98.17
98.17
98.17
98.17
98.46
98.46
98.46
98.46
98.46
98.46
98.46
98.66
98.66
98.66
98.66
98.66
98.66
98.66
98.66
98.78
98.78
98.78
98.78
98.78
98.78
98.78
98.65
98.65
98.65
98.65
98.65
98.65
98.65
98.65
98.65
98.71
98.71
98.71
98.71
98.71
98.77
98.77
98.77
98.77
98.77
98.77
98.77
98.77
98.77
98.74
98.74
98.74
98.74
98.74
98.74
98.74
98.74
98.74
98.74
98.74
98.80
98.80
98.80
98.80
98.80
98.84
98.84
98.84
98.84
98.84
98.84
98.84
98.84
98.84
98.84
98.84
98.84
98.77
98.77
98.77
98.77
98.77
