97.95
97.95
97.95
97.95
97.95
97.95
97.95
97.95
97.95
97.95
97.95
98.03
98.03
98.03
98.03
98.03
98.03
98.03
97.29
97.29
97.29
97.29
97.29
97.29
97.29
96.64
96.64
96.64
96.64
96.64
96.64
96.64
96.64
96.64
98.16
98.16
98.16
98.16
98.16
98.16
98.16
97.85
97.85
97.85
97.85
97.85
98.35
98.35
98.35
98.35
98.35
98.35
98.35
98.35
98.40
98.40
98.40
98.40
98.59
98.59
98.59
98.59
98.59
98.59
98.59
98.59
98.59
98.59
98.59
98.43
98.43
98.43
98.43
98.43
98.43
98.43
98.68
98.68
98.68
98.68
98.68
98.72
98.72
98.72
98.72
98.72
98.72
98.72
98.72
98.72
98.72
98.72
98.72
98.72
98.72
98.66
98.66
98.66
98.66
98.66
98.66
98.66
98.66
98.66
98.70
98.70
98.70
98.70
98.70
98.70
98.70
98.70
98.70
98.70
98.70
98.70
98.69
98.69
98.69
98.69
98.69
98.69
98.69
98.69
98.69
98.69
98.69
98.69
98.69
98.69
98.69
98.69
98.54
98.54
98.54
98.54
98.54
98.54
98.54
98.58
98.58
98.58
98.58
98.58
98.58
98.58
98.51
98.51
98.51
98.51
98.51
98.51
98.51
97.88
97.88
97.88
97.88
97.88
97.88
98.49
98.49
98.49
98.49
98.49
98.49
98.49
98.49
98.77
98.77
98.77
98.77
98.77
98.77
98.77
98.77
