98.47
98.47
98.47
98.47
98.47
98.47
98.47
98.47
98.45
98.45
98.45
98.45
98.68
98.68
98.68
98.68
98.68
98.68
98.68
98.68
98.68
98.92
98.92
98.92
98.92
98.92
98.92
98.92
98.91
98.91
98.91
98.91
98.91
98.91
98.91
98.91
98.91
98.91
98.91
98.95
98.95
98.95
98.95
98.95
98.95
98.95
98.95
98.93
98.93
98.93
98.93
98.93
98.93
98.93
98.93
98.93
98.93
98.93
98.93
98.93
98.87
98.87
98.87
98.87
98.79
98.79
98.79
98.79
98.79
98.79
98.79
98.79
98.69
98.69
98.69
98.69
98.69
98.69
98.69
98.69
98.69
98.76
98.76
98.76
98.76
98.76
98.76
98.76
98.76
98.29
98.29
98.29
98.29
98.29
98.29
98.29
98.29
98.29
98.46
98.46
98.46
98.46
98.46
98.46
98.46
98.46
98.67
98.67
98.67
98.67
98.67
98.67
98.67
98.67
98.50
98.50
98.50
98.50
98.76
98.76
98.76
98.76
98.76
98.76
98.76
98.45
98.45
98.45
98.45
98.45
98.45
98.45
98.45
98.86
98.86
98.86
98.86
98.86
98.86
98.86
98.89
98.89
98.89
98.89
98.89
98.89
98.89
98.89
