0.65
0.84
0.86
0.71
0.86
0.56
0.72
0.55
0.89
0.93
0.92
0.90
0.91
0.94
0.96
0.96
0.94
0.96
0.90
0.87
0.85
0.84
0.97
0.97
0.98
0.97
0.98
0.95
0.92
0.91
0.90
0.98
0.98
0.98
0.98
0.98
0.96
0.96
0.93
0.98
0.98
0.98
0.98
0.98
0.98
0.97
0.97
0.97
0.97
0.97
0.98
0.98
0.98
0.98
0.98
0.95
0.95
0.98
0.98
0.98
0.98
0.98
0.98
0.98
0.98
0.99
0.98
0.98
0.99
0.99
0.99
0.98
0.98
0.98
0.97
0.97
0.99
0.99
0.99
0.99
0.99
0.99
0.99
0.98
0.98
0.97
0.97
0.98
0.98
0.98
0.98
0.98
0.98
0.97
0.97
0.97
0.96
0.96
0.93
0.92
0.92
0.93
0.93
0.92
0.91
0.90
0.90
0.91
0.92
0.93
0.93
0.91
0.91
0.87
0.83
0.84
0.81
0.81
0.69
0.80
0.97
0.97
0.96
0.96
0.95
0.97
0.98
0.98
0.97
0.97
0.95
0.93
0.92
0.92
0.91
0.87
0.90
0.98
0.98
0.98
0.98
0.97
0.95
0.95
0.92
0.98
0.98
0.97
0.97
0.97
0.97
0.97
0.97
0.96
0.97
0.91
0.89
0.85
0.84
0.97
0.97
0.97
0.97
0.96
0.96
0.96
0.96
0.96
0.96
0.95
0.95
0.93
0.92
0.91
0.96
0.96
0.94
0.95
0.91
0.96
0.95
0.95
0.94
0.95
0.94
0.94
0.95
0.94
0.93
0.91
0.92
0.93
0.93
0.90
0.92
0.87
0.88
0.86
0.91
0.92
0.93
0.88
0.93
0.79
0.77
0.79
0.79
0.89
0.90
0.88
0.88
0.88
0.84
0.79
0.87
0.87
0.92
0.92
0.89
0.89
0.86
0.85
0.81
0.82
0.76
0.69
0.75
0.94
0.93
0.89
0.85
0.88
0.89
0.87
0.85
0.82
0.83
0.78
0.80
0.80
0.80
0.79
0.92
0.92
0.90
0.87
0.92
0.93
0.93
0.91
0.92
0.84
0.80
0.79
0.91
0.92
0.93
0.90
0.92
0.88
0.89
0.95
0.96
0.96
0.94
0.96
0.90
0.88
0.85
0.81
0.77
0.82
0.96
0.96
0.97
0.96
0.97
0.97
0.97
0.96
0.97
0.87
0.88
0.98
0.98
0.98
0.98
0.98
0.98
0.98
0.98
0.97
0.97
0.96
0.97
0.98
0.98
0.98
0.97
0.98
0.92
0.89
0.82
0.80
0.99
0.98
0.98
0.98
0.98
0.97
0.97
0.98
0.98
0.98
0.98
0.98
0.97
0.96
0.95
0.99
0.99
0.99
0.98
0.98
0.97
0.92
0.93
0.99
0.99
0.99
0.99
0.99
0.98
0.98
0.99
0.99
0.99
0.99
0.98
0.98
0.98
0.98
0.99
0.99
0.99
0.98
0.99
0.98
0.98
0.99
0.99
0.98
0.99
0.98
0.98
0.98
0.98
0.98
0.98
0.98
0.98
0.97
0.93
0.89
0.84
0.86
0.98
0.98
0.98
0.98
0.98
0.97
0.97
0.96
0.98
0.98
0.98
0.97
0.97
0.96
0.95
0.98
0.98
0.98
0.98
0.98
0.95
0.94
0.91
0.88
0.86
0.87
0.98
0.99
0.99
0.98
0.98
0.98
0.98
0.98
0.99
0.98
0.98
0.94
0.91
0.89
0.93
0.98
0.98
0.98
0.97
0.98
0.87
0.82
0.80
0.76
0.68
0.70
0.98
0.98
0.98
0.98
0.98
0.98
0.97
0.95
0.98
0.98
0.98
0.98
0.98
0.98
0.98
