0.85
0.84
0.85
0.83
0.83
0.77
0.74
0.70
0.68
0.86
0.86
0.86
0.84
0.86
0.76
0.88
0.88
0.88
0.87
0.86
0.85
0.88
0.88
0.88
0.87
0.86
0.83
0.81
0.73
0.88
0.88
0.88
0.86
0.87
0.79
0.80
0.87
0.87
0.87
0.86
0.86
0.82
0.79
0.77
0.73
0.88
0.88
0.88
0.87
0.89
0.89
0.88
0.88
0.85
0.88
0.88
0.88
0.88
0.87
0.87
0.86
0.83
0.82
0.83
0.83
0.88
0.88
0.87
0.88
0.85
0.88
0.87
0.86
0.87
0.87
0.87
0.86
0.85
0.81
0.78
0.78
0.86
0.86
0.84
0.84
0.81
0.77
0.77
0.75
0.82
0.81
0.81
0.79
0.77
0.73
0.70
0.62
0.55
0.83
0.82
0.83
0.80
0.80
0.73
0.68
0.66
0.63
0.83
0.83
0.83
0.81
0.81
0.77
0.74
0.66
0.56
0.53
0.68
0.83
0.83
0.83
0.81
0.80
0.72
0.75
0.85
0.85
0.85
0.84
0.84
0.77
0.74
0.71
0.69
0.84
0.83
0.84
0.82
0.82
0.72
0.72
0.70
0.87
0.87
0.87
0.86
0.85
0.79
0.89
0.89
0.89
0.88
0.89
0.84
0.89
0.89
0.89
0.88
0.89
0.82
0.82
0.89
0.89
0.89
0.88
0.88
0.85
0.82
0.83
0.82
0.83
0.73
0.80
0.89
0.88
0.88
0.87
0.88
0.83
0.81
0.74
0.59
0.58
0.72
0.89
0.89
0.89
0.88
0.88
0.80
0.83
