98.09
98.09
98.09
98.09
98.09
98.09
98.09
98.17
98.17
98.17
98.17
98.17
98.17
98.05
98.05
98.05
98.05
98.05
98.05
98.05
98.01
98.01
98.01
98.01
98.01
98.01
98.01
98.01
97.79
97.79
97.79
97.79
97.79
97.79
97.79
97.79
97.86
97.86
97.86
97.86
96.23
96.23
96.23
96.23
96.23
96.23
96.23
96.23
96.23
96.23
96.23
97.16
97.16
97.16
97.16
97.16
97.16
97.16
97.16
97.16
97.16
97.16
97.50
97.50
97.50
97.50
97.50
97.50
97.50
97.50
97.38
97.38
97.38
97.38
97.73
97.73
97.73
97.73
97.73
97.73
97.73
97.73
95.78
95.78
95.78
95.78
95.78
95.78
96.05
96.05
96.05
96.05
96.05
96.05
96.05
96.05
96.05
96.05
96.05
95.32
95.32
95.32
95.32
95.32
95.32
95.32
95.54
95.54
95.54
95.54
95.54
95.54
95.54
95.54
97.29
97.29
97.29
97.29
97.29
97.29
97.29
97.29
97.29
98.27
98.27
98.27
98.27
98.27
98.27
98.27
98.27
98.27
98.27
98.27
97.91
97.91
97.91
97.91
97.91
97.91
97.91
97.91
97.91
97.54
97.54
97.54
97.54
97.54
97.54
97.54
97.54
97.54
98.12
98.12
98.12
98.12
98.12
98.12
98.12
98.12
98.12
98.12
98.12
98.56
98.56
98.56
98.56
98.56
98.56
98.56
98.56
98.56
98.56
98.50
98.50
98.50
98.50
98.50
98.50
98.50
97.90
97.90
97.90
97.90
97.90
97.90
97.90
97.90
97.90
97.90
