89.21
89.21
89.21
89.21
92.36
92.36
92.36
92.36
92.36
92.36
92.36
92.36
92.36
92.36
92.36
87.75
87.75
87.75
87.75
87.75
87.75
87.75
87.75
87.75
87.75
89.47
89.47
89.47
89.47
89.47
89.47
89.47
89.47
91.04
91.04
91.04
91.04
91.04
91.04
91.04
91.04
91.04
91.04
91.04
93.39
93.39
93.39
93.39
93.39
93.39
93.39
93.39
93.39
93.39
93.39
91.47
91.47
91.47
91.47
91.47
91.47
91.47
91.47
91.61
91.61
91.61
91.61
91.61
91.61
91.18
91.18
91.18
91.18
91.18
91.18
91.18
91.18
91.18
91.47
91.47
91.47
91.47
91.47
91.47
91.47
91.47
90.05
90.05
90.05
90.05
90.05
90.05
91.29
91.29
91.29
91.29
91.29
91.29
91.29
91.29
91.29
92.16
92.16
92.16
92.16
92.16
92.16
92.16
91.92
91.92
91.92
91.92
92.70
92.70
92.70
92.70
92.70
90.43
90.43
90.43
90.43
90.43
91.58
91.58
91.58
91.58
91.58
91.58
91.58
91.58
94.19
94.19
94.19
94.19
94.19
94.19
94.19
94.19
94.19
94.19
94.19
94.19
92.32
92.32
92.32
92.32
92.32
92.32
92.32
92.32
90.26
90.26
90.26
90.26
90.26
90.26
90.26
90.26
90.26
90.60
90.60
90.60
90.60
90.60
90.60
88.75
88.75
88.75
88.75
88.75
88.75
88.75
88.75
82.94
82.94
82.94
82.94
80.73
80.73
80.73
80.73
80.73
80.73
80.73
80.73
80.73
84.27
84.27
84.27
84.27
90.26
90.26
90.26
90.26
90.26
90.26
90.26
90.26
90.26
90.26
90.26
92.00
92.00
92.00
92.00
92.00
92.00
92.00
92.00
92.00
90.76
90.76
90.76
90.76
90.76
90.76
90.76
90.76
90.76
91.76
91.76
91.76
91.76
91.76
94.03
94.03
94.03
94.03
94.03
94.03
94.03
93.40
93.40
93.40
93.40
93.40
93.40
93.40
93.40
93.40
92.26
92.26
92.26
92.26
92.26
92.26
92.26
92.26
92.26
92.26
92.26
92.26
92.06
92.06
92.06
92.06
92.06
92.06
92.06
93.78
93.78
93.78
93.78
93.78
93.78
93.78
93.78
92.33
92.33
92.33
92.33
92.33
92.33
92.33
90.43
90.43
90.43
90.43
90.43
90.43
90.43
90.43
90.43
90.43
90.43
