46.44
46.44
46.44
46.44
46.44
46.44
46.44
46.44
41.53
41.53
41.53
41.53
41.53
41.53
41.53
41.53
52.69
52.69
52.69
52.69
52.69
52.69
52.69
52.69
64.38
64.38
64.38
64.38
64.38
64.38
64.38
64.38
64.38
83.94
83.94
83.94
83.94
83.94
83.94
83.94
83.94
96.19
96.19
96.19
96.19
96.19
96.19
96.19
96.19
97.19
97.19
97.19
97.19
97.19
97.19
97.19
97.19
97.19
97.19
97.19
97.19
97.19
97.19
97.81
97.81
97.81
97.81
97.81
97.81
97.81
97.81
96.69
96.69
96.69
96.69
96.69
96.69
96.69
96.69
96.69
94.88
94.88
94.88
94.88
94.88
94.88
94.88
94.88
94.88
92.81
92.81
92.81
92.81
92.81
92.81
92.81
92.81
92.81
85.94
85.94
85.94
85.94
85.94
85.94
85.94
85.94
83.81
83.81
83.81
83.81
83.81
83.81
83.81
83.81
81.06
81.06
81.06
81.06
81.06
81.06
81.06
81.06
81.06
81.06
81.06
81.06
81.06
81.06
77.75
77.75
77.75
77.75
77.75
77.75
84.25
84.25
84.25
84.25
84.25
84.25
84.25
84.25
84.25
87.56
87.56
87.56
87.56
87.56
87.56
87.56
87.56
87.56
87.56
90.69
90.69
90.69
90.69
90.69
90.69
90.69
90.69
90.69
95.12
95.12
95.12
95.12
95.12
95.12
97.94
97.94
97.94
97.94
97.94
97.94
97.94
97.94
98.06
98.06
98.06
98.06
98.06
98.06
98.06
98.06
98.06
98.06
98.06
98.12
98.12
98.12
98.12
98.12
98.12
98.12
98.12
98.12
98.12
98.12
98.12
98.12
98.12
98.12
98.12
97.69
97.69
97.69
97.69
97.69
95.06
95.06
95.06
95.06
95.38
95.38
95.38
95.38
97.88
97.88
97.88
97.88
97.88
97.88
97.88
97.88
97.88
97.88
97.88
97.88
98.19
98.19
98.19
98.19
98.19
98.19
98.19
98.19
98.19
98.56
98.56
98.56
98.56
98.56
98.38
98.38
98.38
98.38
98.38
98.38
98.38
98.38
98.38
98.38
98.38
98.38
98.38
98.38
98.38
98.38
97.31
97.31
97.31
97.31
97.31
97.31
97.31
97.31
97.12
97.12
97.12
97.12
97.12
97.12
97.12
95.88
95.88
95.88
95.88
95.88
95.88
95.88
95.88
96.75
96.75
96.75
96.75
96.75
96.75
96.75
97.12
97.12
97.12
97.12
97.56
97.56
97.56
97.56
98.31
98.31
98.31
98.31
98.31
98.31
98.31
98.31
98.69
98.69
98.69
98.69
98.69
98.69
98.69
98.19
98.19
98.19
98.19
98.19
98.19
98.19
98.25
98.25
98.25
98.25
98.25
98.25
98.25
98.25
98.25
98.69
98.69
98.69
98.69
98.69
98.69
98.69
98.69
97.88
97.88
97.88
97.88
97.88
97.88
97.88
97.88
97.88
96.50
96.50
96.50
96.50
96.50
96.50
96.50
96.50
93.69
93.69
93.69
93.69
93.69
93.69
93.69
91.12
91.12
91.12
91.12
91.12
91.12
91.12
91.12
90.25
90.25
90.25
90.25
90.25
90.25
90.25
90.25
90.25
92.69
92.69
92.69
92.69
96.38
96.38
96.38
96.38
96.38
96.38
96.38
