97.58
97.58
97.58
97.58
97.58
97.58
98.78
98.78
98.78
98.78
98.78
98.78
98.88
98.88
98.88
98.88
98.88
98.88
98.88
98.88
98.94
98.94
98.94
98.94
98.94
98.94
98.94
98.94
98.94
98.94
98.94
98.89
98.89
98.89
98.89
98.92
98.92
98.92
98.92
98.92
98.92
98.92
98.86
98.86
98.86
98.86
98.86
98.86
98.86
98.86
98.86
98.86
98.86
98.43
98.43
98.43
98.43
98.43
98.43
98.43
98.43
98.68
98.68
98.68
98.68
98.68
98.68
98.68
98.68
98.09
98.09
98.09
98.09
98.09
98.09
98.09
98.09
98.09
98.20
98.20
98.20
98.20
98.20
98.20
98.20
98.17
98.17
98.17
98.17
98.17
98.17
98.17
98.17
97.88
97.88
97.88
97.88
97.88
98.23
98.23
98.23
98.23
98.23
98.23
98.23
98.18
98.18
98.18
98.18
98.18
98.18
98.18
98.18
98.18
98.44
98.44
98.44
98.44
98.44
98.44
98.44
98.44
98.66
98.66
98.66
98.66
98.66
98.66
98.66
98.66
98.66
98.66
98.66
98.37
98.37
98.37
98.37
98.37
98.37
98.37
98.37
98.37
98.32
98.32
98.32
98.32
98.32
98.32
98.32
98.32
98.32
98.73
98.73
98.73
98.73
98.73
98.63
98.63
98.63
98.63
98.63
98.63
98.63
98.63
98.59
98.59
98.59
98.59
98.59
98.59
98.59
98.59
98.59
98.80
98.80
98.80
98.80
98.80
98.80
98.80
98.80
98.78
98.78
98.78
98.78
98.78
98.78
98.56
98.56
98.56
98.56
98.56
98.56
98.56
98.56
98.56
98.56
98.56
98.73
98.73
98.73
98.73
98.73
98.73
98.73
98.73
