0.71
0.70
0.71
0.67
0.68
0.63
0.56
0.58
0.76
0.75
0.76
0.73
0.73
0.70
0.67
0.65
0.63
0.77
0.77
0.77
0.75
0.75
0.69
0.62
0.59
0.59
0.57
0.80
0.80
0.80
0.78
0.78
0.73
0.72
0.69
0.78
0.78
0.79
0.76
0.77
0.71
0.67
0.58
0.63
0.79
0.79
0.80
0.78
0.79
0.75
0.75
0.81
0.81
0.81
0.79
0.79
0.77
0.76
0.74
0.81
0.81
0.81
0.79
0.79
0.76
0.77
0.79
0.78
0.79
0.77
0.77
0.70
0.80
0.79
0.80
0.78
0.78
0.74
0.69
0.69
0.80
0.80
0.80
0.78
0.78
0.70
0.71
0.80
0.79
0.80
0.78
0.78
0.73
0.70
0.71
0.78
0.78
0.78
0.77
0.77
0.82
0.81
0.81
0.80
0.76
0.79
0.76
0.76
0.81
0.80
0.80
0.78
0.77
0.71
0.65
0.67
0.83
0.83
0.84
0.82
0.83
0.78
0.77
0.76
0.85
0.85
0.86
0.82
0.85
0.74
0.70
0.67
0.64
0.87
0.87
0.88
0.86
0.87
0.79
0.87
0.87
0.88
0.86
0.87
0.80
0.80
0.90
0.90
0.90
0.88
0.90
0.82
0.82
0.78
0.91
0.91
0.92
0.89
0.91
0.78
0.73
0.69
0.66
0.92
0.92
0.93
0.90
0.92
0.82
0.78
0.73
0.59
0.55
0.69
