95.94
95.94
95.94
95.94
95.94
95.94
95.94
95.94
95.94
95.94
95.94
95.94
95.94
95.94
93.19
93.19
93.19
93.19
93.19
93.19
93.77
93.77
93.77
93.77
93.77
93.77
93.77
94.36
94.36
94.36
94.36
94.36
94.36
94.36
94.36
94.36
94.36
94.36
95.32
95.32
95.32
95.32
95.32
95.32
95.32
95.32
95.32
95.32
95.32
95.32
95.32
95.32
94.84
94.84
94.84
94.84
94.84
94.84
94.84
94.84
96.60
96.60
96.60
96.60
96.60
96.60
96.60
96.60
96.60
97.09
97.09
97.09
97.09
97.09
97.09
97.09
97.09
97.09
96.98
96.98
96.98
96.98
96.98
96.98
96.98
96.98
96.98
98.03
98.03
98.03
98.03
98.03
98.03
98.03
98.03
98.04
98.04
98.04
98.04
98.04
98.04
98.04
98.04
97.53
97.53
97.53
97.53
97.53
97.53
97.53
97.53
97.53
97.35
97.35
97.35
97.35
97.35
97.35
97.35
97.35
98.04
98.04
98.04
98.04
98.04
98.04
98.04
98.04
98.04
98.04
98.04
97.79
97.79
97.79
97.79
97.79
97.79
97.79
97.79
95.59
95.59
95.59
95.59
95.59
95.59
95.59
95.59
94.00
94.00
94.00
94.00
94.00
94.00
94.00
94.00
94.00
95.09
95.09
95.09
95.09
95.09
95.09
93.84
93.84
93.84
93.84
93.84
93.84
93.84
92.11
92.11
92.11
92.11
92.11
92.11
