98.81
98.81
98.81
98.81
98.81
98.81
98.81
98.56
98.56
98.56
98.56
98.56
98.56
98.56
98.56
97.81
97.81
97.81
97.81
98.75
98.75
98.75
98.75
98.88
98.88
98.88
98.88
98.88
98.88
98.88
98.94
98.94
98.94
98.94
98.94
98.94
98.94
98.94
98.94
98.94
98.94
98.94
98.94
98.94
98.94
98.94
98.94
98.94
98.94
98.94
98.94
98.94
98.94
98.94
98.94
98.94
98.94
98.94
98.94
98.94
98.94
98.94
98.75
98.75
98.75
98.75
98.75
98.75
98.75
98.75
98.75
98.31
98.31
98.31
98.31
98.31
98.31
96.50
96.50
96.50
96.50
96.50
96.50
96.50
95.25
95.25
95.25
95.25
96.94
96.94
96.94
96.94
96.94
96.94
96.94
96.94
96.94
96.94
96.94
97.88
97.88
97.88
97.88
97.88
97.88
97.88
98.06
98.06
98.06
98.06
98.06
98.06
98.06
98.06
98.06
98.44
98.44
98.44
98.44
98.44
98.44
98.44
98.44
98.75
98.75
98.75
98.75
98.75
98.75
98.75
98.75
98.75
98.75
98.75
98.75
98.75
98.75
98.75
98.75
98.75
98.81
98.81
98.81
98.81
98.81
98.81
98.81
98.81
98.81
98.75
98.75
98.75
98.75
98.88
98.88
98.88
98.88
98.88
98.88
98.88
98.88
98.88
98.88
98.88
98.88
98.88
98.88
98.88
98.88
98.88
98.88
98.88
98.88
98.94
98.94
98.94
98.94
98.94
98.94
98.94
98.94
98.88
98.88
98.88
98.88
98.81
98.81
98.81
98.81
98.81
98.81
98.81
98.81
98.88
98.88
98.88
98.88
98.88
98.88
98.88
98.88
98.88
98.88
98.88
98.88
98.94
98.94
98.94
98.94
98.94
98.94
98.94
98.94
98.94
98.94
98.94
98.94
98.94
98.94
98.94
98.94
98.94
98.94
98.94
98.94
98.94
98.94
98.81
98.81
98.81
98.81
98.81
98.81
98.81
98.00
98.00
98.00
98.00
98.00
98.00
98.00
94.25
94.25
94.25
94.25
89.25
89.25
89.25
89.25
89.25
89.69
89.69
89.69
89.69
89.69
89.69
89.69
88.75
88.75
88.75
88.75
88.75
88.75
88.75
88.75
88.75
88.19
88.19
88.19
88.19
88.19
88.19
88.19
88.19
92.69
92.69
92.69
92.69
95.38
95.38
95.38
95.38
95.38
95.38
95.38
98.19
98.19
98.19
98.19
98.19
98.19
98.19
98.12
98.12
98.12
98.12
98.12
98.06
98.06
98.06
98.06
98.06
98.06
98.06
98.06
98.06
98.50
98.50
98.50
98.50
98.50
98.50
98.50
98.50
98.50
98.50
98.50
98.75
98.75
98.75
98.75
98.75
98.75
98.75
98.75
98.69
98.69
98.69
98.69
98.69
98.69
98.69
98.75
98.75
98.75
98.75
98.75
98.75
98.75
98.75
98.69
98.69
98.69
98.69
98.69
98.69
98.69
98.69
