98.44
98.44
98.44
98.44
98.44
98.44
98.44
98.70
98.70
98.70
98.70
98.70
98.70
98.70
98.70
98.70
98.70
98.70
98.73
98.73
98.73
98.73
98.73
98.73
98.73
98.69
98.69
98.69
98.69
98.76
98.76
98.76
98.76
98.76
98.76
98.76
98.76
98.70
98.70
98.70
98.70
98.70
98.70
98.70
98.70
98.70
98.70
98.70
98.79
98.79
98.79
98.79
98.79
98.84
98.84
98.84
98.84
98.84
98.84
98.84
98.84
98.84
98.84
98.84
98.86
98.86
98.86
98.86
98.86
98.79
98.79
98.79
98.79
98.79
98.79
98.79
98.79
98.79
98.80
98.80
98.80
98.80
98.80
98.80
98.80
98.80
98.80
98.80
98.80
98.80
98.80
98.80
98.80
98.80
98.80
98.80
98.80
98.71
98.71
98.71
98.71
98.71
98.71
98.71
98.51
98.51
98.51
98.51
98.51
98.51
98.51
98.51
98.51
98.51
98.51
98.51
98.51
98.51
98.51
98.51
98.40
98.40
98.40
98.40
98.40
98.40
98.40
98.10
98.10
98.10
98.10
98.27
98.27
98.27
98.27
98.65
98.65
98.65
98.65
98.65
98.65
98.65
98.81
98.81
98.81
98.81
98.81
98.81
98.81
98.81
98.84
98.84
98.84
98.84
98.84
98.84
98.84
98.84
98.84
98.84
98.84
98.84
98.83
98.83
98.83
98.83
98.83
98.83
98.83
98.83
98.83
98.83
98.83
98.79
98.79
98.79
98.79
98.79
98.79
98.79
98.79
98.63
98.63
98.63
98.63
98.63
98.63
98.63
98.26
98.26
98.26
98.26
98.26
98.26
98.26
98.26
98.26
98.26
93.76
93.76
93.76
93.76
93.76
93.76
93.76
89.89
89.89
89.89
89.89
89.89
89.89
89.89
89.89
97.37
97.37
97.37
97.37
97.37
97.37
97.37
97.37
95.57
95.57
95.57
95.57
95.57
95.57
95.57
95.57
97.50
97.50
97.50
97.50
97.50
97.50
97.50
98.11
98.11
98.11
98.11
98.11
98.11
98.11
96.27
96.27
96.27
96.27
96.27
96.27
96.27
96.27
96.27
96.27
96.27
96.37
96.37
96.37
96.37
96.37
96.37
96.37
96.37
97.30
97.30
97.30
97.30
97.30
97.30
97.30
95.68
95.68
95.68
95.68
95.68
95.68
95.68
95.35
95.35
95.35
95.35
95.35
95.35
95.35
95.35
95.35
95.35
95.35
95.31
95.31
95.31
95.31
95.31
95.31
95.31
95.31
95.31
97.01
97.01
97.01
97.01
97.01
97.01
97.01
97.01
97.01
97.01
97.01
97.80
97.80
97.80
97.80
98.66
98.66
98.66
98.66
98.66
98.66
98.66
98.66
98.66
98.66
98.66
98.66
98.66
98.66
98.66
98.66
98.66
98.66
98.72
98.72
98.72
98.72
98.72
98.72
98.72
98.72
98.72
98.72
98.76
98.76
98.76
98.76
98.76
98.76
