93.38
93.38
93.38
93.38
93.38
93.38
95.50
95.50
95.50
95.50
95.50
95.50
96.25
96.25
96.25
96.25
96.25
96.25
96.25
96.25
96.25
97.12
97.12
97.12
97.12
97.12
97.12
97.12
98.38
98.38
98.38
98.38
98.38
98.38
98.38
98.38
98.38
98.38
98.38
98.06
98.06
98.06
98.06
98.06
98.06
98.25
98.25
98.25
98.25
98.25
98.25
98.25
98.25
98.25
97.88
97.88
97.88
97.88
97.88
97.88
97.88
97.88
97.88
98.31
98.31
98.31
98.31
98.31
98.31
98.31
98.31
98.31
98.44
98.44
98.44
98.44
98.44
98.44
98.44
98.44
98.19
98.19
98.19
98.19
98.19
98.19
98.19
98.19
98.19
97.69
97.69
97.69
97.69
97.69
97.69
97.69
97.69
97.69
97.69
97.69
97.75
97.75
97.75
97.75
97.75
98.19
98.19
98.19
98.19
98.19
98.19
98.19
98.19
98.19
98.19
98.19
97.50
97.50
97.50
97.50
97.50
97.50
95.75
95.75
95.75
95.75
95.75
95.75
95.75
95.75
95.75
96.38
96.38
96.38
96.38
96.38
96.38
96.38
96.38
96.38
96.38
96.38
96.38
96.38
96.38
98.12
98.12
98.12
98.12
98.12
98.12
98.12
98.12
97.50
97.50
97.50
97.50
97.50
97.50
97.50
95.19
95.19
95.19
95.19
95.19
96.81
96.81
96.81
96.81
96.81
96.81
96.81
96.81
96.81
96.81
96.81
96.81
96.81
96.81
96.62
96.62
96.62
96.62
96.62
96.62
96.62
96.62
96.62
94.94
94.94
94.94
94.94
94.94
94.94
94.94
94.94
94.94
94.31
94.31
94.31
94.31
94.31
94.31
94.31
94.25
94.25
94.25
94.25
94.25
94.25
94.25
94.25
94.25
94.25
94.25
94.25
92.44
92.44
92.44
92.44
92.44
92.25
92.25
92.25
92.25
92.25
92.25
92.25
92.25
87.38
87.38
87.38
87.38
87.38
87.38
87.38
88.44
88.44
88.44
88.44
88.44
88.44
88.44
88.44
88.44
91.44
91.44
91.44
91.44
91.44
91.44
91.44
91.44
91.44
93.38
93.38
93.38
93.38
93.38
93.38
93.38
88.81
88.81
88.81
88.81
88.38
88.38
88.38
88.38
88.38
88.38
88.38
93.31
93.31
93.31
93.31
93.31
96.38
96.38
96.38
96.38
96.38
96.38
96.38
96.38
95.94
95.94
95.94
95.94
95.94
95.94
94.88
94.88
94.88
94.88
94.88
94.88
94.88
94.88
94.88
96.50
96.50
96.50
96.50
96.50
97.44
97.44
97.44
97.44
97.44
97.44
97.44
97.44
96.38
96.38
96.38
96.38
96.38
95.50
95.50
95.50
95.50
95.50
95.50
95.12
95.12
95.12
95.12
96.00
96.00
96.00
96.00
96.00
96.00
96.00
96.00
97.06
97.06
97.06
97.06
97.06
97.06
97.06
97.06
97.06
97.06
97.06
97.06
97.06
97.06
