98.94
98.94
98.94
98.94
98.94
98.94
98.94
98.94
98.94
98.94
98.94
98.94
98.94
98.94
98.94
98.94
98.94
98.94
98.94
98.94
98.94
98.94
98.94
98.94
98.94
98.94
98.94
98.94
98.94
98.94
98.94
98.94
98.94
98.94
98.94
98.94
98.94
98.94
98.75
98.75
98.75
98.75
98.75
98.75
98.75
98.69
98.69
98.69
98.69
98.69
98.69
98.69
98.69
98.38
98.38
98.38
98.38
98.38
98.38
98.38
98.38
98.75
98.75
98.75
98.75
98.75
98.75
98.75
98.75
98.75
98.75
98.62
98.62
98.62
98.62
98.62
98.62
98.62
98.69
98.69
98.69
98.69
98.69
98.69
98.69
98.69
98.62
98.62
98.62
98.62
98.62
98.56
98.56
98.56
98.56
98.56
98.56
98.56
98.56
98.56
98.75
98.75
98.75
98.75
98.75
98.75
98.75
98.75
98.75
98.88
98.88
98.88
98.88
98.88
98.88
98.88
98.88
98.88
98.69
98.69
98.69
98.69
98.88
98.88
98.88
98.88
98.88
98.88
98.88
98.94
98.94
98.94
98.94
98.94
98.94
98.94
98.94
98.94
98.94
98.94
98.94
98.94
98.94
98.94
98.94
98.94
98.88
98.88
98.88
98.88
98.88
98.88
98.88
98.88
98.88
98.88
98.88
98.88
98.88
98.88
98.88
98.88
98.88
98.88
98.88
98.88
98.88
98.88
98.88
98.94
98.94
98.94
98.94
98.94
98.94
98.94
98.94
98.88
98.88
98.88
98.88
98.88
98.88
98.88
98.88
98.88
98.62
98.62
98.62
98.62
98.62
98.62
98.62
98.62
98.06
98.06
98.06
98.06
98.06
98.06
98.06
98.06
96.81
96.81
96.81
96.81
96.81
96.81
96.81
96.81
96.81
97.62
97.62
97.62
97.62
97.62
97.62
97.62
97.62
97.81
97.81
97.81
97.81
98.62
98.62
98.62
98.62
98.62
98.62
98.62
98.62
98.62
98.62
98.62
98.88
98.88
98.88
98.88
98.88
98.88
98.88
98.81
98.81
98.81
98.81
98.81
98.81
98.81
98.81
98.81
98.81
98.81
98.81
98.88
98.88
98.88
98.88
98.88
98.88
98.88
98.88
98.88
98.75
98.75
98.75
98.75
98.75
98.75
98.75
98.75
98.75
98.75
98.75
98.75
98.75
98.75
98.75
98.81
98.81
98.81
98.81
98.81
98.81
98.81
98.81
98.81
98.69
98.69
98.69
98.69
98.88
98.88
98.88
98.88
98.88
98.88
98.88
