94.01
94.01
94.01
94.01
94.01
94.01
94.01
93.94
93.94
93.94
93.94
93.94
93.94
93.94
93.94
94.85
94.85
94.85
94.85
94.85
94.85
95.99
95.99
95.99
95.99
95.99
95.99
95.99
95.99
95.99
96.18
96.18
96.18
96.18
96.18
96.18
97.02
97.02
97.02
97.02
97.02
97.02
97.02
97.02
97.02
97.48
97.48
97.48
97.48
97.48
97.48
97.48
97.48
97.48
97.48
97.48
97.48
97.97
97.97
97.97
97.97
97.97
97.97
97.97
98.16
98.16
98.16
98.16
98.16
98.16
98.16
98.16
97.57
97.57
97.57
97.57
97.57
97.57
97.57
97.57
97.57
97.55
97.55
97.55
97.55
97.55
97.55
97.55
97.55
98.10
98.10
98.10
98.10
98.10
98.10
98.10
98.15
98.15
98.15
98.15
98.15
98.15
98.15
98.15
98.15
97.91
97.91
97.91
97.91
97.91
97.91
97.91
97.91
97.91
98.13
98.13
98.13
98.13
98.13
98.13
98.13
98.13
97.92
97.92
97.92
97.92
97.92
97.92
97.86
97.86
97.86
97.86
97.86
97.86
97.86
97.86
97.31
97.31
97.31
97.31
97.31
96.38
96.38
96.38
96.38
98.18
98.18
98.18
98.18
98.18
98.18
98.18
98.18
98.01
98.01
98.01
98.01
98.01
98.01
98.01
98.01
98.01
98.01
98.01
98.37
98.37
98.37
98.37
98.37
98.37
98.37
97.71
97.71
97.71
97.71
97.71
97.71
97.71
97.71
97.71
98.16
98.16
98.16
98.16
98.16
98.07
98.07
98.07
98.07
98.07
98.07
98.07
98.07
97.23
97.23
97.23
97.23
97.23
97.23
97.23
97.23
96.05
96.05
96.05
96.05
96.05
96.05
96.05
96.05
96.05
96.05
96.05
93.81
93.81
93.81
93.81
93.81
93.81
93.81
93.81
