94.12
94.12
94.12
94.12
96.23
96.23
96.23
96.23
96.23
96.23
96.23
97.87
97.87
97.87
97.87
97.87
97.87
97.87
97.87
97.87
97.37
97.37
97.37
97.37
97.37
97.37
97.37
97.37
97.75
97.75
97.75
97.75
97.75
97.75
97.75
97.75
98.38
98.38
98.38
98.38
98.38
98.38
98.38
98.47
98.47
98.47
98.47
98.47
98.47
98.47
98.47
98.47
98.47
98.47
98.47
96.91
96.91
96.91
96.91
96.91
96.91
96.91
96.91
97.81
97.81
97.81
97.81
98.43
98.43
98.43
98.43
98.43
98.43
98.38
98.38
98.38
98.38
98.38
98.38
98.38
98.38
98.38
98.38
98.38
96.10
96.10
96.10
96.10
96.10
96.10
96.10
96.10
96.10
97.64
97.64
97.64
97.64
97.64
97.64
97.64
97.64
98.29
98.29
98.29
98.29
98.29
98.29
98.29
98.29
97.55
97.55
97.55
97.55
97.66
97.66
97.66
97.66
98.35
98.35
98.35
98.35
98.35
98.35
98.62
98.62
98.62
98.62
98.86
98.86
98.86
98.86
98.86
98.86
98.86
98.86
98.86
98.86
98.86
98.86
98.79
98.79
98.79
98.79
98.79
98.79
98.79
98.83
98.83
98.83
98.83
98.83
98.83
98.83
98.83
98.77
98.77
98.77
98.77
98.77
98.77
98.77
98.77
98.77
98.30
98.30
98.30
98.30
98.30
98.30
98.30
98.26
98.26
98.26
98.26
98.26
98.07
98.07
98.07
98.07
98.07
98.07
98.07
98.07
98.07
98.07
98.07
98.39
98.39
98.39
98.39
98.39
98.39
98.39
98.39
97.89
97.89
97.89
97.89
97.89
97.89
97.89
97.89
97.89
97.89
97.89
97.10
97.10
97.10
97.10
97.10
97.10
97.10
97.10
93.49
93.49
93.49
93.49
93.49
93.49
93.49
95.10
95.10
95.10
95.10
95.10
95.10
95.10
95.10
95.65
95.65
95.65
95.65
95.65
95.65
95.65
96.54
96.54
96.54
96.54
96.54
96.54
96.54
98.02
98.02
98.02
98.02
98.02
98.02
98.02
98.02
98.02
98.02
98.02
