94.08
94.08
94.08
94.08
94.08
94.08
94.08
94.08
92.95
92.95
92.95
92.95
92.95
92.95
92.95
92.95
92.95
92.95
94.55
94.55
94.55
94.55
94.55
94.55
94.38
94.38
94.38
94.38
94.38
94.38
95.31
95.31
95.31
95.31
95.31
95.31
95.31
95.31
96.35
96.35
96.35
96.35
96.35
96.35
96.35
96.35
96.35
97.66
97.66
97.66
97.66
97.66
97.66
97.66
97.66
97.66
97.78
97.78
97.78
97.78
97.78
97.78
97.78
97.78
97.78
97.78
97.78
97.78
97.78
97.78
97.78
97.78
97.78
97.78
97.78
97.78
98.37
98.37
98.37
98.37
98.37
98.37
98.37
98.53
98.53
98.53
98.53
98.53
98.53
98.53
98.53
98.18
98.18
98.18
98.18
98.18
98.23
98.23
98.23
98.23
98.23
98.23
98.23
98.23
98.23
98.23
98.23
98.61
98.61
98.61
98.61
98.61
98.61
98.61
98.61
98.61
98.61
98.68
98.68
98.68
98.68
98.68
98.68
98.68
98.68
97.98
97.98
97.98
97.98
97.98
97.98
97.98
97.98
97.98
97.98
97.98
98.23
98.23
98.23
98.23
98.23
98.50
98.50
98.50
98.50
98.50
98.50
98.50
98.50
98.52
98.52
98.52
98.52
98.52
98.52
98.52
98.52
97.39
97.39
97.39
97.39
96.84
96.84
96.84
96.84
96.84
96.84
96.84
98.24
98.24
98.24
98.24
98.24
98.24
98.24
98.24
