56.15
56.15
56.15
56.15
56.15
67.72
67.72
67.72
67.72
67.72
67.72
67.72
67.72
67.72
79.76
79.76
79.76
79.76
79.76
79.76
79.76
79.76
79.76
79.76
79.76
79.76
83.94
83.94
83.94
83.94
83.94
83.94
83.94
83.94
83.94
83.94
83.94
84.96
84.96
84.96
84.96
84.96
84.96
84.96
84.96
84.96
84.96
89.39
89.39
89.39
89.39
89.39
89.39
89.39
89.39
89.39
91.07
91.07
91.07
91.07
91.07
91.07
91.07
91.07
91.07
91.07
91.07
91.07
88.78
88.78
88.78
88.78
88.78
88.78
88.78
88.78
88.78
88.78
88.78
88.78
88.47
88.47
88.47
88.47
88.47
88.47
88.47
88.47
88.47
84.46
84.46
84.46
84.46
84.46
84.46
84.46
84.46
84.46
81.44
81.44
81.44
81.44
81.44
81.44
81.44
86.68
86.68
86.68
86.68
86.68
86.68
86.68
86.68
86.68
87.63
87.63
87.63
87.63
87.63
87.63
87.63
87.63
87.63
90.42
90.42
90.42
90.42
90.42
90.42
90.42
91.04
91.04
91.04
91.04
91.04
91.04
91.04
91.26
91.26
91.26
91.26
91.26
91.26
91.26
90.95
90.95
90.95
90.95
90.95
90.95
90.95
89.55
89.55
89.55
89.55
89.55
89.55
89.55
87.32
87.32
87.32
87.32
87.32
87.32
87.32
87.32
87.32
87.32
87.32
83.71
83.71
83.71
83.71
83.71
80.47
80.47
80.47
80.47
80.47
80.47
80.47
80.47
80.47
76.56
76.56
76.56
76.56
