98.00
98.00
98.00
98.00
98.00
98.00
98.00
98.00
97.97
97.97
97.97
97.97
97.97
97.97
97.97
96.98
96.98
96.98
96.98
96.98
96.98
96.98
96.98
96.98
96.98
95.74
95.74
95.74
95.74
95.74
95.74
95.74
95.74
95.74
95.49
95.49
95.49
95.49
95.49
95.49
95.49
95.49
95.49
95.49
95.49
95.49
97.14
97.14
97.14
97.14
97.14
97.14
96.56
96.56
96.56
96.56
96.56
96.56
96.56
96.56
96.17
96.17
96.17
96.17
96.17
96.17
96.17
96.17
96.17
97.80
97.80
97.80
97.80
97.80
97.80
97.80
97.80
97.80
97.80
97.80
97.92
97.92
97.92
97.92
97.92
96.70
96.70
96.70
96.70
96.70
96.70
96.70
96.70
96.70
96.81
96.81
96.81
96.81
96.81
96.81
96.81
96.81
96.81
98.15
98.15
98.15
98.15
98.15
98.15
98.15
98.15
98.03
98.03
98.03
98.03
98.03
98.03
98.03
97.44
97.44
97.44
97.44
97.44
97.44
97.44
97.44
97.44
97.54
97.54
97.54
97.54
97.54
97.54
97.54
97.54
97.54
97.58
97.58
97.58
97.58
97.58
97.58
97.58
97.58
97.85
97.85
97.85
97.85
98.16
98.16
98.16
98.16
98.16
98.16
98.16
98.16
98.16
98.16
98.16
98.16
98.16
98.16
97.18
97.18
97.18
97.18
97.18
97.18
97.18
97.18
97.18
96.90
96.90
96.90
96.90
96.90
96.90
96.90
96.90
96.90
97.21
97.21
97.21
97.21
97.21
97.21
97.21
97.21
96.98
96.98
96.98
96.98
96.98
96.98
96.98
96.98
96.98
96.98
96.98
93.51
93.51
93.51
93.51
93.51
93.51
93.51
93.51
93.51
94.73
94.73
94.73
94.73
94.73
94.73
94.73
94.73
94.73
