91.07
91.07
91.07
91.07
91.07
91.07
91.07
91.07
87.79
87.79
87.79
87.79
87.79
87.79
87.79
87.79
87.79
86.22
86.22
86.22
86.22
86.22
86.22
86.22
86.22
90.24
90.24
90.24
90.24
90.24
90.24
90.24
90.24
90.24
90.24
90.24
90.24
94.33
94.33
94.33
94.33
95.07
95.07
95.07
95.07
95.07
95.07
95.07
96.73
96.73
96.73
96.73
96.73
96.73
96.73
96.73
96.73
96.73
96.73
96.73
96.73
96.73
96.86
96.86
96.86
96.86
96.86
96.86
96.86
96.86
96.86
96.86
96.86
98.06
98.06
98.06
98.06
98.06
98.06
98.06
98.32
98.32
98.32
98.32
98.32
98.32
98.32
98.51
98.51
98.51
98.51
98.51
98.51
98.51
98.51
98.08
98.08
98.08
98.08
98.08
98.08
98.08
94.14
94.14
94.14
94.14
95.50
95.50
95.50
95.50
95.50
95.50
95.50
95.50
95.50
88.98
88.98
88.98
88.98
88.98
88.98
88.98
88.98
88.98
91.02
91.02
91.02
91.02
91.02
91.02
91.02
92.74
92.74
92.74
92.74
92.74
92.74
92.74
92.74
92.74
94.43
94.43
94.43
94.43
94.43
94.43
94.43
94.66
94.66
94.66
94.66
94.66
94.66
94.66
95.40
95.40
95.40
95.40
95.40
95.40
95.40
95.40
95.40
95.40
95.40
96.52
96.52
96.52
96.52
96.52
96.52
96.52
97.61
97.61
97.61
97.61
97.61
97.61
97.61
97.61
98.05
98.05
98.05
98.05
98.05
98.05
98.05
98.05
98.05
98.05
98.05
98.61
98.61
98.61
98.61
98.61
98.61
98.61
98.64
98.64
98.64
98.64
98.64
98.64
98.64
98.64
98.64
98.79
98.79
98.79
98.79
98.79
98.79
98.79
98.79
98.72
98.72
98.72
98.72
98.72
98.72
98.72
98.72
98.72
98.76
98.76
98.76
98.76
98.76
98.76
98.76
98.34
98.34
98.34
98.34
98.34
97.47
97.47
97.47
97.47
97.47
97.47
97.47
97.47
98.72
98.72
98.72
98.72
98.72
98.72
98.72
98.72
98.72
98.75
98.75
98.75
98.75
98.75
98.75
98.75
98.64
98.64
98.64
98.64
98.64
98.64
98.64
98.64
98.41
98.41
98.41
98.41
98.41
98.41
98.41
98.41
98.15
98.15
98.15
98.15
98.15
98.15
98.15
98.15
97.33
97.33
97.33
97.33
97.33
97.33
97.33
97.33
97.33
97.33
97.33
97.33
95.87
95.87
95.87
95.87
95.87
95.87
94.39
94.39
94.39
94.39
94.39
