70.17
70.17
70.17
70.17
70.17
70.17
70.17
70.17
59.70
59.70
59.70
59.70
59.70
59.70
59.70
59.70
59.70
55.58
55.58
55.58
55.58
55.58
55.58
55.58
55.58
55.58
55.58
55.97
55.97
55.97
55.97
55.97
55.97
55.97
55.97
55.97
55.97
58.27
58.27
58.27
58.27
72.40
72.40
72.40
72.40
72.40
79.52
79.52
79.52
79.52
79.52
79.52
79.52
79.52
86.03
86.03
86.03
86.03
86.03
86.03
86.03
86.03
86.03
86.03
86.03
89.77
89.77
89.77
89.77
89.77
89.77
89.77
89.77
89.77
89.77
89.77
94.21
94.21
94.21
94.21
94.21
94.21
94.21
94.21
94.21
94.21
94.21
96.28
96.28
96.28
96.28
96.28
96.28
96.28
96.28
96.28
98.02
98.02
98.02
98.02
98.02
98.02
98.02
97.08
97.08
97.08
97.08
97.08
97.08
97.08
97.08
97.08
97.08
97.08
96.22
96.22
96.22
96.22
96.22
96.22
96.22
96.22
96.22
96.22
97.32
97.32
97.32
97.32
97.32
97.32
97.32
97.32
97.32
97.32
97.32
97.87
97.87
97.87
97.87
97.87
97.87
97.87
97.87
98.20
98.20
98.20
98.20
98.35
98.35
98.35
98.35
98.35
98.35
98.35
98.35
98.35
98.40
98.40
98.40
98.40
98.40
98.40
98.40
98.55
98.55
98.55
98.55
98.55
98.55
96.23
96.23
96.23
96.23
96.23
96.23
96.23
96.23
96.23
96.87
96.87
96.87
96.87
96.87
96.87
96.87
96.87
96.87
96.87
96.87
98.22
98.22
98.22
98.22
98.22
98.22
98.01
98.01
98.01
98.01
98.36
98.36
98.36
98.36
98.36
98.36
98.56
98.56
98.56
98.56
98.56
98.56
98.56
98.56
98.77
98.77
98.77
98.77
98.77
98.77
98.77
98.77
98.58
98.58
98.58
98.58
98.58
98.58
98.58
98.58
98.58
98.32
98.32
98.32
98.32
98.32
98.32
98.32
98.32
98.32
96.71
96.71
96.71
96.71
96.71
96.71
96.71
96.97
96.97
96.97
96.97
96.97
96.97
96.97
94.66
94.66
94.66
94.66
94.66
94.66
94.66
94.66
93.93
93.93
93.93
93.93
93.93
93.93
94.08
94.08
94.08
94.08
94.08
94.08
94.26
94.26
94.26
94.26
94.26
94.26
94.26
94.26
94.26
94.26
94.26
97.07
97.07
97.07
97.07
97.07
97.07
97.07
