97.90
97.90
97.90
97.90
97.90
97.35
97.35
97.35
97.35
97.35
97.35
97.35
97.35
97.35
97.35
97.35
97.01
97.01
97.01
97.01
97.01
97.18
97.18
97.18
97.18
98.03
98.03
98.03
98.03
98.03
98.03
98.03
98.03
98.59
98.59
98.59
98.59
98.59
98.59
98.59
98.66
98.66
98.66
98.66
98.66
98.66
98.66
98.66
98.68
98.68
98.68
98.68
98.68
98.68
98.60
98.60
98.60
98.60
98.60
98.60
98.60
98.60
97.77
97.77
97.77
97.77
97.77
97.77
97.77
97.77
96.61
96.61
96.61
96.61
93.31
93.31
93.31
93.31
93.31
93.31
91.92
91.92
91.92
91.92
91.92
91.92
92.77
92.77
92.77
92.77
96.07
96.07
96.07
96.07
96.07
96.07
97.30
97.30
97.30
97.30
97.77
97.77
97.77
97.77
97.77
97.77
97.77
97.77
97.77
97.13
97.13
97.13
97.13
97.13
97.13
97.89
97.89
97.89
97.89
97.89
97.89
97.89
98.49
98.49
98.49
98.49
98.49
98.49
98.49
98.49
98.49
98.49
98.49
98.11
98.11
98.11
98.11
98.11
98.11
98.11
98.11
97.91
97.91
97.91
97.91
97.91
97.91
97.91
97.91
97.91
97.91
97.91
98.01
98.01
98.01
98.01
98.01
98.01
97.65
97.65
97.65
97.65
97.65
97.65
97.65
97.65
