90.73
90.73
90.73
90.73
90.73
90.73
90.73
95.10
95.10
95.10
95.10
95.10
95.10
95.10
95.10
95.10
95.10
95.10
94.59
94.59
94.59
94.59
94.59
94.59
94.59
94.59
93.63
93.63
93.63
93.63
93.63
93.63
93.63
94.52
94.52
94.52
94.52
94.52
94.52
94.52
96.10
96.10
96.10
96.10
96.10
96.10
96.10
96.10
96.40
96.40
96.40
96.40
96.40
96.40
96.40
96.40
95.36
95.36
95.36
95.36
95.36
95.36
96.20
96.20
96.20
96.20
96.20
96.20
96.36
96.36
96.36
96.36
96.36
96.01
96.01
96.01
96.01
96.01
96.01
96.01
96.01
95.38
95.38
95.38
95.38
95.38
95.38
94.50
94.50
94.50
94.50
94.50
94.50
94.50
94.50
94.50
94.82
94.82
94.82
94.82
94.82
94.82
94.82
94.82
94.82
94.82
94.82
94.82
94.25
94.25
94.25
94.25
94.25
94.25
94.25
92.70
92.70
92.70
92.70
92.70
92.70
92.70
92.70
92.70
92.70
92.70
93.21
93.21
93.21
93.21
93.21
93.21
93.21
93.21
94.18
94.18
94.18
94.18
94.18
94.18
94.18
94.18
94.18
94.18
94.18
91.82
91.82
91.82
91.82
91.82
91.82
91.82
91.82
91.75
91.75
91.75
91.75
91.75
91.75
91.75
91.75
93.52
93.52
93.52
93.52
93.52
93.52
93.52
93.52
93.52
92.81
92.81
92.81
92.81
92.81
92.81
92.81
92.81
92.81
92.81
92.20
92.20
92.20
92.20
92.20
92.20
92.20
92.20
92.20
93.68
93.68
93.68
93.68
93.68
93.68
93.68
93.68
93.68
93.56
93.56
93.56
93.56
93.56
94.92
94.92
94.92
94.92
94.92
94.92
96.77
96.77
96.77
96.77
96.77
96.77
96.77
96.77
96.77
96.77
96.77
95.27
95.27
95.27
95.27
95.27
95.27
95.27
95.27
95.27
93.91
93.91
93.91
93.91
93.91
93.91
93.91
93.91
96.75
96.75
96.75
96.75
96.75
96.75
96.75
96.75
96.75
96.75
96.75
96.75
96.76
96.76
96.76
96.76
96.76
93.77
93.77
93.77
93.77
93.77
93.77
93.77
93.77
93.77
94.42
94.42
94.42
94.42
94.42
94.42
94.42
94.42
94.42
96.39
96.39
96.39
96.39
96.39
96.39
96.39
96.39
95.87
95.87
95.87
95.87
95.87
95.87
95.87
95.87
92.10
92.10
92.10
92.10
92.10
92.10
92.10
92.10
93.39
93.39
93.39
93.39
93.39
93.39
93.39
94.61
94.61
94.61
94.61
94.61
94.61
94.61
94.61
94.61
94.72
94.72
94.72
94.72
94.72
94.72
94.72
