98.38
98.38
98.38
98.38
98.38
98.38
98.38
98.38
98.38
98.38
98.38
98.08
98.08
98.08
98.08
98.08
98.08
98.08
98.08
98.08
98.45
98.45
98.45
98.45
98.45
98.45
98.45
98.45
98.34
98.34
98.34
98.34
98.34
98.34
98.34
98.34
97.85
97.85
97.85
97.85
97.85
97.85
97.93
97.93
97.93
97.93
97.93
97.93
97.93
97.93
97.93
97.93
97.93
97.93
97.93
97.93
97.93
97.93
96.89
96.89
96.89
96.89
96.89
96.89
96.89
95.74
95.74
95.74
95.74
95.74
95.74
95.74
95.74
95.74
91.01
91.01
91.01
91.01
91.13
91.13
91.13
91.13
91.13
91.13
91.13
91.13
91.95
91.95
91.95
91.95
91.95
91.95
91.95
91.95
92.53
92.53
92.53
92.53
92.53
92.53
92.53
89.88
89.88
89.88
89.88
89.88
89.88
89.88
89.88
89.88
93.10
93.10
93.10
93.10
93.10
94.04
94.04
94.04
94.04
94.04
94.04
95.47
95.47
95.47
95.47
95.47
95.47
93.41
93.41
93.41
93.41
93.96
93.96
93.96
93.96
93.96
91.89
91.89
91.89
91.89
94.28
94.28
94.28
94.28
94.28
94.28
93.82
93.82
93.82
93.82
93.82
93.82
93.82
93.82
94.81
94.81
94.81
94.81
94.81
94.81
94.81
94.81
94.63
94.63
94.63
94.63
94.63
94.63
94.63
94.63
94.63
94.63
94.63
95.45
95.45
95.45
95.45
95.45
95.45
95.45
95.09
95.09
95.09
95.09
95.09
93.73
93.73
93.73
93.73
93.73
93.73
93.73
93.73
93.73
95.21
95.21
95.21
95.21
95.21
95.21
95.21
95.21
95.01
95.01
95.01
95.01
95.01
95.01
95.01
95.01
95.01
93.78
93.78
93.78
93.78
93.78
93.78
93.78
93.78
93.78
95.38
95.38
95.38
95.38
97.32
97.32
97.32
97.32
97.32
97.32
97.32
97.32
97.32
97.32
97.32
97.16
97.16
97.16
97.16
97.16
97.16
97.16
97.16
97.16
97.92
97.92
97.92
97.92
97.92
97.92
97.92
97.92
97.92
97.92
97.92
97.92
