89.52
89.52
89.52
89.52
88.57
88.57
88.57
88.57
88.57
88.57
89.75
89.75
89.75
89.75
89.75
89.75
89.75
89.75
89.75
89.75
89.75
87.57
87.57
87.57
87.57
87.57
87.57
87.57
87.57
85.77
85.77
85.77
85.77
85.77
85.77
85.77
85.77
85.77
81.37
81.37
81.37
81.37
81.37
81.37
81.37
81.37
81.37
81.37
81.37
81.37
83.01
83.01
83.01
83.01
83.01
83.01
83.01
83.01
83.01
83.01
77.60
77.60
77.60
77.60
77.60
77.60
75.93
75.93
75.93
75.93
75.93
75.93
75.93
75.93
75.93
75.93
73.61
73.61
73.61
73.61
73.61
73.61
73.61
76.47
76.47
76.47
76.47
76.47
76.47
76.47
76.47
76.47
67.16
67.16
67.16
67.16
57.18
57.18
57.18
57.18
57.18
57.18
57.18
57.18
57.18
57.18
75.74
75.74
75.74
75.74
75.74
75.74
75.74
75.74
75.74
71.91
71.91
71.91
71.91
71.91
71.91
71.91
71.91
71.91
71.91
71.91
71.91
77.61
77.61
77.61
77.61
77.61
77.61
77.61
77.61
78.59
78.59
78.59
78.59
78.59
78.59
78.59
78.59
78.59
78.59
78.59
78.59
88.74
88.74
88.74
88.74
88.74
88.74
88.74
88.74
92.09
92.09
92.09
92.09
92.09
92.09
92.09
92.09
92.09
92.09
92.09
95.49
95.49
95.49
95.49
95.49
95.49
95.49
95.49
93.50
93.50
93.50
93.50
93.50
93.50
93.50
93.50
93.50
93.50
93.50
94.55
94.55
94.55
94.55
94.55
94.55
94.55
94.55
92.13
92.13
92.13
92.13
92.13
92.13
92.13
92.13
92.13
92.13
92.13
92.13
92.48
92.48
92.48
92.48
92.48
92.48
92.48
92.48
87.89
87.89
87.89
87.89
87.89
87.89
87.89
87.89
87.89
87.89
87.89
87.89
