88.77
88.77
88.77
88.77
88.77
80.97
80.97
80.97
80.97
80.97
80.97
80.97
74.76
74.76
74.76
74.76
74.76
74.76
74.76
70.60
70.60
70.60
70.60
70.60
70.60
70.60
70.60
64.55
64.55
64.55
64.55
64.55
64.55
64.55
64.55
64.55
64.55
64.55
63.57
63.57
63.57
63.57
63.57
63.57
63.57
63.57
63.57
63.57
63.57
63.57
66.53
66.53
66.53
66.53
66.53
66.53
66.53
66.53
66.53
66.53
66.53
65.23
65.23
65.23
65.23
65.23
65.23
65.23
65.23
72.09
72.09
72.09
72.09
72.09
72.09
72.09
72.09
72.09
72.09
72.09
81.08
81.08
81.08
81.08
81.08
81.08
81.08
81.08
81.08
81.08
81.08
81.08
91.45
91.45
91.45
91.45
91.45
91.45
93.69
93.69
93.69
93.69
93.98
93.98
93.98
93.98
93.98
93.98
93.98
95.42
95.42
95.42
95.42
95.42
95.42
95.42
95.42
95.42
97.16
97.16
97.16
97.16
97.16
97.16
97.16
97.26
97.26
97.26
97.26
97.26
97.26
97.26
97.26
97.26
97.26
97.26
96.39
96.39
96.39
96.39
96.39
96.39
96.39
96.39
96.39
96.39
96.39
97.35
97.35
97.35
97.35
97.35
97.35
97.35
97.35
97.35
97.35
97.35
97.86
97.86
97.86
97.86
97.86
97.86
97.86
97.86
96.90
96.90
96.90
96.90
96.90
96.90
96.90
96.90
96.23
96.23
96.23
96.23
96.23
96.23
96.23
96.23
96.77
96.77
96.77
96.77
96.77
96.77
96.77
96.77
96.70
96.70
96.70
96.70
97.27
97.27
97.27
97.27
97.27
97.27
97.27
97.27
97.79
97.79
97.79
97.79
97.79
97.79
97.79
97.79
97.79
97.79
97.79
97.79
97.79
97.79
98.24
98.24
98.24
98.24
98.24
98.24
98.24
98.24
98.24
98.24
98.24
97.00
97.00
97.00
97.00
97.00
97.00
96.79
96.79
96.79
96.79
96.79
96.79
96.79
96.79
97.90
97.90
97.90
97.90
97.90
97.90
97.90
97.90
97.91
97.91
97.91
97.91
97.91
97.91
97.91
98.56
98.56
98.56
98.56
98.56
98.56
98.56
98.56
98.56
98.61
98.61
98.61
98.61
98.61
98.61
98.79
98.79
98.79
98.79
98.79
98.79
98.79
98.78
98.78
98.78
98.78
98.78
98.78
98.78
98.71
98.71
98.71
98.71
98.71
98.71
98.71
98.71
98.71
98.79
98.79
98.79
98.79
98.79
98.79
98.79
98.77
98.77
98.77
98.77
98.77
98.77
98.77
98.77
98.59
98.59
98.59
98.59
98.59
98.59
98.59
98.59
98.60
98.60
98.60
98.60
98.60
98.60
98.60
98.60
98.60
98.43
98.43
98.43
98.43
98.43
98.43
98.43
98.43
98.39
98.39
98.39
98.39
98.39
98.39
98.39
98.39
98.50
98.50
98.50
98.50
98.30
98.30
98.30
98.30
98.30
98.30
98.30
97.79
97.79
97.79
97.79
97.79
97.79
97.79
97.79
97.79
98.10
98.10
98.10
98.10
98.10
98.10
98.10
98.10
98.10
98.10
98.10
96.78
96.78
96.78
96.78
96.78
96.78
96.78
96.78
96.83
96.83
96.83
96.83
96.83
96.83
96.83
96.83
96.83
