74.12
74.12
74.12
74.12
74.12
74.12
74.12
74.12
90.06
90.06
90.06
90.06
90.06
90.06
90.06
93.19
93.19
93.19
93.19
93.19
93.19
93.19
93.19
93.19
94.06
94.06
94.06
94.06
94.06
94.06
94.06
94.06
94.00
94.00
94.00
94.00
94.00
94.00
94.00
94.00
94.00
94.12
94.12
94.12
94.12
94.12
94.12
94.12
89.06
89.06
89.06
89.06
89.06
89.06
89.06
89.06
89.06
88.31
88.31
88.31
88.31
91.19
91.19
91.19
91.19
91.19
91.19
91.19
91.19
91.19
95.25
95.25
95.25
95.25
95.25
95.25
95.25
95.25
95.25
95.88
95.88
95.88
95.88
95.88
95.88
95.88
95.88
96.19
96.19
96.19
96.19
96.19
96.19
96.19
96.19
96.19
96.19
96.19
96.06
96.06
96.06
96.06
96.06
96.06
96.06
96.06
93.81
93.81
93.81
93.81
93.81
93.81
93.81
93.81
92.25
92.25
92.25
92.25
92.25
92.25
92.25
92.25
92.25
91.25
91.25
91.25
91.25
91.25
91.25
91.25
91.25
93.56
93.56
93.56
93.56
95.62
95.62
95.62
95.62
95.62
95.62
95.62
95.62
95.62
95.62
95.62
95.69
95.69
95.69
95.69
95.69
95.69
95.69
95.69
94.38
94.38
94.38
94.38
94.38
94.38
94.38
94.38
94.38
95.00
95.00
95.00
95.00
95.00
95.00
95.00
95.00
94.75
94.75
94.75
94.75
94.75
94.75
94.75
94.75
94.75
94.75
94.75
94.75
94.75
94.75
95.44
95.44
95.44
95.44
95.44
95.44
95.44
95.44
95.44
95.75
95.75
95.75
95.75
95.75
95.75
95.75
95.75
95.75
97.50
97.50
97.50
97.50
97.50
97.50
97.50
97.50
97.50
97.50
97.50
97.50
97.50
97.50
97.06
97.06
97.06
97.06
97.06
97.06
97.06
97.06
97.38
97.38
97.38
97.38
97.38
97.38
97.38
97.38
97.38
97.06
97.06
97.06
97.06
97.06
97.06
97.06
97.06
97.06
97.75
97.75
97.75
97.75
97.75
97.75
97.75
98.06
98.06
98.06
98.06
98.06
97.88
97.88
97.88
97.88
97.88
97.88
97.88
97.88
97.88
97.00
97.00
97.00
97.00
97.00
96.94
96.94
96.94
96.94
96.94
96.94
96.94
96.94
97.50
97.50
97.50
97.50
97.50
96.50
96.50
96.50
96.50
96.50
96.50
96.50
96.50
96.50
94.31
94.31
94.31
94.31
94.31
94.31
94.31
94.31
92.75
92.75
92.75
92.75
92.75
92.75
92.75
93.00
93.00
93.00
93.00
93.00
93.00
93.00
93.00
93.00
93.00
93.00
90.06
90.06
90.06
90.06
90.06
90.06
90.06
90.06
90.06
90.06
90.06
86.31
86.31
86.31
86.31
86.31
86.31
87.50
87.50
87.50
87.50
87.50
87.50
87.50
91.38
91.38
91.38
91.38
91.38
91.38
91.38
91.38
91.38
94.75
94.75
94.75
94.75
94.75
94.75
94.75
97.00
97.00
97.00
97.00
97.00
97.00
97.00
97.00
