95.19
95.19
95.19
95.19
95.19
95.19
95.19
95.19
95.19
95.19
95.19
95.34
95.34
95.34
95.34
95.34
95.34
95.34
95.03
95.03
95.03
95.03
95.03
95.03
95.03
95.03
95.00
95.00
95.00
95.00
95.00
95.00
95.00
94.22
94.22
94.22
94.22
94.22
94.22
94.22
94.22
94.22
94.22
94.22
88.38
88.38
88.38
88.38
88.38
88.38
88.38
88.38
91.65
91.65
91.65
91.65
91.65
91.65
91.65
91.65
94.24
94.24
94.24
94.24
94.24
94.24
94.24
91.51
91.51
91.51
91.51
91.51
91.51
91.51
91.51
91.51
89.30
89.30
89.30
89.30
89.30
89.30
89.30
89.30
89.30
89.30
89.30
91.19
91.19
91.19
91.19
91.19
91.19
91.19
91.19
91.38
91.38
91.38
91.38
91.38
91.38
91.38
91.38
85.88
85.88
85.88
85.88
85.88
85.88
85.88
85.88
85.88
85.81
85.81
85.81
85.81
85.81
85.81
85.81
85.81
85.81
86.15
86.15
86.15
86.15
87.52
87.52
87.52
87.52
87.52
87.52
87.52
90.58
90.58
90.58
90.58
90.58
90.58
90.58
90.58
91.22
91.22
91.22
91.22
91.22
91.22
91.22
93.79
93.79
93.79
93.79
93.79
93.79
93.79
93.75
93.75
93.75
93.75
93.75
93.75
93.75
93.75
93.75
92.18
92.18
92.18
92.18
94.54
94.54
94.54
94.54
94.54
94.54
94.54
94.54
94.29
94.29
94.29
94.29
94.29
94.29
94.29
94.29
94.29
94.29
94.29
94.00
94.00
94.00
94.00
94.00
94.00
94.00
94.00
94.00
94.00
94.00
94.00
94.00
94.00
97.43
97.43
97.43
97.43
97.43
97.43
97.43
97.43
97.43
98.55
98.55
98.55
98.55
98.55
98.55
98.55
98.55
98.55
98.55
97.38
97.38
97.38
97.38
97.38
97.38
97.38
97.38
97.38
97.38
97.38
97.96
97.96
97.96
97.96
97.96
98.72
98.72
98.72
98.72
98.72
98.72
98.72
98.72
98.82
98.82
98.82
98.82
98.82
98.82
98.82
98.82
98.82
98.82
98.82
98.82
98.47
98.47
98.47
98.47
98.47
98.47
98.47
98.47
98.58
98.58
98.58
98.58
98.58
98.58
98.58
98.58
98.84
98.84
98.84
98.84
98.84
98.84
98.84
98.84
98.75
98.75
98.75
98.75
98.75
98.75
98.75
98.75
98.75
98.75
98.75
98.59
98.59
98.59
98.59
98.59
98.59
98.59
98.59
98.59
98.59
98.59
98.63
98.63
98.63
98.63
98.63
98.63
98.63
98.63
98.63
98.63
98.63
98.78
98.78
98.78
98.78
98.78
98.78
98.78
98.78
98.78
98.78
98.78
98.63
98.63
98.63
98.63
98.63
98.63
98.63
98.63
98.47
98.47
98.47
98.47
98.47
98.55
98.55
98.55
98.55
98.55
98.55
98.60
98.60
98.60
98.60
98.60
98.60
98.60
98.60
98.60
98.28
98.28
98.28
98.28
98.28
98.28
97.83
97.83
97.83
97.83
97.83
97.83
97.83
97.83
97.83
97.83
97.83
