98.19
98.19
98.19
98.19
98.19
98.19
98.19
98.19
97.94
97.94
97.94
97.94
97.94
97.94
97.94
97.94
97.94
97.94
97.94
98.06
98.06
98.06
98.06
98.06
98.06
98.06
98.06
98.19
98.19
98.19
98.19
98.19
98.19
98.19
98.19
98.19
98.19
98.19
98.19
97.00
97.00
97.00
97.00
97.00
97.00
97.00
97.00
96.75
96.75
96.75
96.75
96.75
96.75
96.75
96.75
97.44
97.44
97.44
97.44
97.44
97.44
97.44
97.44
97.44
97.44
96.94
96.94
96.94
96.94
96.94
96.94
96.94
96.69
96.69
96.69
96.69
96.69
96.69
96.69
96.69
96.69
96.12
96.12
96.12
96.12
96.12
95.69
95.69
95.69
95.69
95.69
95.69
94.44
94.44
94.44
94.44
94.44
94.44
94.44
94.44
94.44
95.06
95.06
95.06
95.06
95.06
95.06
95.06
95.06
95.06
95.06
95.06
96.19
96.19
96.19
96.19
96.19
96.19
96.19
96.19
96.19
96.19
96.19
96.38
96.38
96.38
96.38
96.38
96.38
96.38
96.38
94.56
94.56
94.56
94.56
94.56
94.56
94.56
94.56
92.44
92.44
92.44
92.44
92.44
92.44
92.44
94.31
94.31
94.31
94.31
94.31
94.31
94.31
94.31
97.62
97.62
97.62
97.62
97.62
97.62
97.62
97.62
97.62
98.06
98.06
98.06
98.06
98.06
98.06
98.06
98.06
98.06
98.06
98.06
98.06
98.06
98.06
98.00
98.00
98.00
98.00
98.00
98.00
98.00
98.00
98.00
98.00
98.00
98.00
97.62
97.62
97.62
97.62
97.62
97.62
97.62
96.81
96.81
96.81
96.81
96.81
96.81
96.81
96.81
95.94
95.94
95.94
95.94
95.94
95.94
95.94
95.94
95.94
95.94
95.94
95.94
94.69
94.69
94.69
94.69
94.69
94.69
94.69
94.69
96.19
96.19
96.19
96.19
96.19
96.19
96.19
95.50
95.50
95.50
95.50
95.50
95.50
95.50
95.50
95.50
95.50
95.50
95.50
95.50
95.50
95.50
95.50
95.50
95.69
95.69
95.69
95.69
95.69
94.94
94.94
94.94
94.94
94.94
94.94
95.56
95.56
95.56
95.56
95.56
95.56
95.56
95.56
95.56
96.75
96.75
96.75
96.75
96.75
96.75
96.75
96.75
96.75
96.75
96.75
97.19
97.19
97.19
97.19
97.19
97.19
97.19
96.75
96.75
96.75
96.75
97.00
97.00
97.00
97.00
97.00
97.00
97.00
97.00
97.00
97.56
97.56
97.56
97.56
97.56
97.56
97.56
97.56
97.56
98.00
98.00
98.00
98.00
98.00
98.00
98.00
98.19
98.19
98.19
98.19
98.19
98.19
98.19
98.19
97.94
97.94
97.94
97.94
97.94
97.94
97.94
97.94
97.94
97.94
97.94
98.38
98.38
98.38
98.38
98.38
98.38
98.38
98.38
98.38
98.56
98.56
98.56
98.56
98.56
98.56
98.56
98.56
98.50
98.50
98.50
98.50
98.50
98.50
98.50
98.50
98.50
98.50
98.50
98.50
98.50
98.50
98.56
98.56
98.56
98.56
98.56
98.56
98.56
98.56
98.56
98.62
98.62
98.62
98.62
98.62
98.62
98.62
98.62
98.62
98.62
98.62
98.62
