77.69
77.69
77.69
77.69
77.69
77.69
77.69
85.91
85.91
85.91
85.91
85.91
85.91
85.91
85.91
85.91
88.57
88.57
88.57
88.57
88.57
88.57
88.57
88.57
85.23
85.23
85.23
85.23
85.23
85.23
85.23
85.23
85.04
85.04
85.04
85.04
85.04
85.04
85.04
85.04
85.04
85.04
82.45
82.45
82.45
82.45
82.45
82.45
82.45
82.00
82.00
82.00
82.00
82.00
82.00
84.46
84.46
84.46
84.46
89.62
89.62
89.62
89.62
89.82
89.82
89.82
89.82
89.82
89.82
89.82
89.82
87.89
87.89
87.89
87.89
87.89
87.89
87.89
83.53
83.53
83.53
83.53
83.53
67.53
67.53
67.53
67.53
67.53
67.53
67.53
67.53
60.99
60.99
60.99
60.99
60.99
60.99
60.99
57.23
57.23
57.23
57.23
57.23
57.23
57.23
56.90
56.90
56.90
56.90
62.00
62.00
62.00
62.00
62.00
62.00
62.00
62.00
62.00
62.00
62.00
55.22
55.22
55.22
55.22
55.22
55.22
66.80
66.80
66.80
66.80
66.80
66.80
81.11
81.11
81.11
81.11
81.11
81.11
81.11
81.11
83.60
83.60
83.60
83.60
83.60
83.60
83.60
83.60
83.60
87.69
87.69
87.69
87.69
87.69
87.69
87.69
87.69
87.69
87.69
87.69
83.67
83.67
83.67
83.67
83.67
83.67
83.67
85.04
85.04
85.04
85.04
85.04
85.04
85.04
85.04
91.90
91.90
91.90
91.90
91.90
91.90
91.90
91.90
93.10
93.10
93.10
93.10
93.10
93.10
93.10
93.10
93.10
94.57
94.57
94.57
94.57
94.57
94.57
94.57
94.57
94.57
93.60
93.60
93.60
93.60
93.60
93.60
93.60
93.60
93.60
94.91
94.91
94.91
94.91
94.91
94.91
94.91
94.91
94.91
97.04
97.04
97.04
97.04
97.04
97.04
97.04
97.04
96.69
96.69
96.69
96.69
95.90
95.90
95.90
95.90
95.90
95.90
95.90
95.90
95.90
95.90
95.90
95.90
96.79
96.79
96.79
96.79
96.79
96.79
96.79
97.79
97.79
97.79
97.79
97.79
97.79
97.79
97.79
97.79
97.79
97.79
97.11
97.11
97.11
97.11
97.11
97.11
97.11
96.05
96.05
96.05
96.05
96.05
96.05
96.05
96.05
97.72
97.72
97.72
97.72
97.72
97.72
97.72
97.72
96.20
96.20
96.20
96.20
96.20
96.20
96.20
96.20
96.20
96.20
96.20
95.55
95.55
95.55
95.55
95.55
95.55
95.55
95.55
95.55
96.00
96.00
96.00
96.00
96.00
96.00
96.00
96.00
96.00
95.01
95.01
95.01
95.01
95.01
95.01
93.12
93.12
93.12
93.12
93.12
93.12
95.26
95.26
95.26
95.26
95.26
95.26
96.48
96.48
96.48
96.48
96.48
96.48
94.37
94.37
94.37
94.37
94.37
94.37
94.37
94.37
94.37
91.88
91.88
91.88
91.88
91.88
91.88
91.88
91.88
91.88
91.88
91.88
89.32
89.32
89.32
89.32
89.32
89.32
89.32
89.32
89.32
89.32
89.32
90.44
90.44
90.44
90.44
