40.53
40.53
40.53
40.53
40.53
40.53
40.53
40.53
46.43
46.43
46.43
46.43
46.43
46.43
46.43
46.43
64.68
64.68
64.68
64.68
64.68
72.77
72.77
72.77
72.77
72.77
72.77
72.77
72.77
72.77
72.77
72.77
81.35
81.35
81.35
81.35
81.35
81.35
81.35
81.35
81.35
87.63
87.63
87.63
87.63
87.63
92.38
92.38
92.38
92.38
92.38
92.38
92.38
95.14
95.14
95.14
95.14
95.14
95.14
95.14
95.14
95.14
97.46
97.46
97.46
97.46
97.46
97.46
97.46
97.46
97.46
97.46
97.46
97.04
97.04
97.04
97.04
97.04
97.04
97.04
97.09
97.09
97.09
97.09
97.09
97.94
97.94
97.94
97.94
97.94
97.94
97.94
97.94
97.94
97.94
97.94
97.94
97.94
97.94
97.83
97.83
97.83
97.83
97.83
97.83
97.83
97.64
97.64
97.64
97.64
97.64
97.64
97.64
97.64
97.64
97.93
97.93
97.93
97.93
97.93
97.93
97.93
97.93
97.93
97.93
97.93
97.93
98.10
98.10
98.10
98.10
98.10
98.10
98.10
98.10
98.63
98.63
98.63
98.63
98.63
98.63
98.63
98.63
98.59
98.59
98.59
98.59
98.59
