98.07
98.07
98.07
98.07
98.07
98.07
98.07
97.41
97.41
97.41
97.41
97.41
97.41
97.41
97.41
96.89
96.89
96.89
96.89
98.19
98.19
98.19
98.19
98.19
98.19
98.19
98.19
98.19
98.52
98.52
98.52
98.52
98.52
98.52
98.52
98.35
98.35
98.35
98.35
98.35
98.35
98.35
98.35
98.35
98.64
98.64
98.64
98.64
98.64
98.64
98.64
98.64
98.64
98.70
98.70
98.70
98.70
98.70
98.70
98.70
98.70
98.70
98.70
98.70
98.70
98.19
98.19
98.19
98.19
98.19
98.19
98.19
98.19
98.19
98.30
98.30
98.30
98.30
98.30
98.30
98.30
98.56
98.56
98.56
98.56
98.56
98.32
98.32
98.32
98.32
98.32
98.32
98.32
98.32
98.32
98.32
98.32
97.73
97.73
97.73
97.73
97.73
97.73
97.73
97.73
98.02
98.02
98.02
98.02
98.02
98.02
98.02
98.02
98.02
98.02
98.02
97.56
97.56
97.56
97.56
97.56
97.56
97.56
97.56
97.56
97.56
96.76
96.76
96.76
96.76
96.76
96.76
96.32
96.32
96.32
96.32
96.32
96.32
96.33
96.33
96.33
96.33
94.37
94.37
94.37
94.37
94.37
94.37
94.37
94.37
94.37
94.37
94.37
92.66
92.66
92.66
92.66
92.66
92.66
92.66
91.72
91.72
91.72
91.72
91.72
91.72
91.72
91.72
91.72
91.72
91.72
89.72
89.72
89.72
89.72
89.72
89.72
89.72
89.72
87.68
87.68
87.68
87.68
87.68
87.68
87.68
87.68
87.01
87.01
87.01
87.01
87.01
87.01
87.01
87.01
87.01
87.01
87.01
93.24
93.24
93.24
93.24
93.24
93.24
93.24
93.24
93.24
93.24
93.24
90.40
90.40
90.40
90.40
90.40
90.40
90.40
90.40
90.40
90.40
90.40
90.40
92.79
92.79
92.79
92.79
92.79
92.79
92.79
92.79
92.79
92.79
92.79
92.81
92.81
92.81
92.81
92.81
92.81
92.81
92.81
92.81
92.81
94.03
94.03
94.03
94.03
94.03
94.03
94.03
94.03
94.03
96.13
96.13
96.13
96.13
96.13
96.13
96.13
96.13
