37.80
37.80
37.80
37.80
37.80
37.80
37.80
37.80
42.61
42.61
42.61
42.61
42.61
42.61
47.56
47.56
47.56
47.56
47.56
47.56
47.56
47.56
47.56
47.56
47.56
47.56
51.67
51.67
51.67
51.67
51.67
51.67
51.67
51.67
51.67
64.57
64.57
64.57
64.57
64.57
64.57
64.57
64.57
64.57
84.12
84.12
84.12
84.12
84.12
84.12
84.12
84.12
84.12
93.00
93.00
93.00
93.00
93.00
93.00
97.06
97.06
97.06
97.06
97.06
97.06
97.06
98.46
98.46
98.46
98.46
98.46
98.46
98.46
98.46
98.46
98.46
98.46
98.63
98.63
98.63
98.63
98.63
98.63
98.63
98.63
98.80
98.80
98.80
98.80
98.80
98.74
98.74
98.74
98.74
98.74
98.74
98.74
98.48
98.48
98.48
98.48
98.48
98.48
98.48
98.48
98.48
98.48
98.48
98.48
97.52
97.52
97.52
97.52
96.63
96.63
96.63
96.63
96.63
96.63
96.63
97.94
97.94
97.94
97.94
97.94
97.94
97.94
97.94
97.72
97.72
97.72
97.72
97.72
97.72
97.72
97.72
97.72
97.72
97.72
96.79
96.79
96.79
96.79
96.79
96.79
96.79
96.79
96.79
94.99
94.99
94.99
94.99
95.58
95.58
95.58
95.58
95.58
95.58
95.58
95.58
95.58
94.43
94.43
94.43
94.43
94.43
94.43
94.43
96.47
96.47
96.47
96.47
96.47
96.47
96.47
96.47
97.58
97.58
97.58
97.58
97.58
97.58
97.58
97.58
97.58
97.58
97.24
97.24
97.24
97.24
97.24
97.24
97.24
97.24
97.24
97.24
97.24
97.24
97.24
97.24
97.67
97.67
97.67
97.67
97.67
97.67
97.67
97.67
97.67
97.67
97.67
97.67
98.14
98.14
98.14
98.14
98.14
98.14
98.14
98.14
95.42
95.42
95.42
95.42
95.42
95.42
95.42
95.42
95.42
94.68
94.68
94.68
94.68
97.71
97.71
97.71
97.71
97.71
98.19
98.19
98.19
98.19
98.19
98.19
98.19
98.19
98.19
98.50
98.50
98.50
98.50
98.50
98.50
98.50
98.50
98.50
98.50
98.50
98.68
98.68
98.68
98.68
98.68
98.68
98.68
98.68
98.71
98.71
98.71
98.71
98.78
98.78
98.78
98.78
98.78
98.78
98.78
98.78
98.78
98.70
98.70
98.70
98.70
98.70
98.70
98.70
98.70
98.74
98.74
98.74
98.74
98.74
98.74
98.74
98.74
98.74
98.74
98.74
98.74
98.74
98.74
98.59
98.59
98.59
98.59
98.59
98.59
98.59
98.59
98.25
98.25
98.25
98.25
98.25
98.25
98.25
98.25
98.25
97.90
97.90
97.90
97.90
98.58
98.58
98.58
98.58
98.58
98.58
98.58
98.58
98.58
98.58
98.58
98.58
98.29
98.29
98.29
98.29
98.29
98.29
98.29
98.29
98.29
98.58
98.58
98.58
98.58
98.58
98.58
98.58
98.58
98.22
98.22
98.22
98.22
98.22
98.22
98.22
98.22
98.22
98.22
98.22
98.22
97.66
97.66
97.66
97.66
97.66
97.66
97.66
97.66
97.66
97.66
97.66
96.20
96.20
96.20
96.20
96.20
96.20
96.20
96.20
96.20
93.45
93.45
93.45
93.45
93.45
93.45
93.45
93.45
93.45
93.45
93.45
93.45
95.77
95.77
95.77
95.77
95.77
95.77
95.77
95.77
97.65
97.65
97.65
97.65
97.65
97.65
97.65
98.16
98.16
98.16
98.16
98.16
98.16
98.16
98.16
98.16
98.16
98.16
98.16
98.58
98.58
98.58
98.58
98.58
98.22
98.22
98.22
98.22
98.22
98.22
98.22
97.97
97.97
97.97
97.97
97.97
97.97
97.97
97.97
97.97
96.98
96.98
96.98
96.98
96.35
96.35
96.35
96.35
96.35
96.35
96.35
96.35
96.35
97.81
97.81
97.81
97.81
98.41
98.41
98.41
98.41
98.41
98.41
98.41
98.41
98.41
98.74
98.74
98.74
98.74
98.74
98.74
98.74
98.74
98.73
98.73
98.73
98.73
98.73
98.73
98.73
98.73
98.73
