75.55
75.55
75.55
75.55
75.55
75.55
75.55
75.55
90.37
90.37
90.37
90.37
90.37
90.37
90.37
96.04
96.04
96.04
96.04
96.04
96.04
96.04
96.04
96.04
97.42
97.42
97.42
97.42
97.42
97.42
97.42
97.42
97.42
97.42
97.42
97.32
97.32
97.32
97.32
97.32
97.32
97.32
97.90
97.90
97.90
97.90
97.90
97.90
97.90
97.90
97.90
97.90
98.06
98.06
98.06
98.06
98.06
98.06
98.06
98.06
97.98
97.98
97.98
97.98
97.98
97.98
97.98
97.98
97.98
97.98
97.98
97.35
97.35
97.35
97.35
97.35
97.35
97.35
97.35
98.19
98.19
98.19
98.19
98.19
98.19
98.19
98.19
98.19
98.19
98.19
98.19
98.19
98.19
98.37
98.37
98.37
98.37
98.37
98.37
98.37
98.37
98.37
98.37
97.74
97.74
97.74
97.74
97.74
97.74
97.74
97.74
97.74
98.04
98.04
98.04
98.04
98.04
98.04
98.04
98.04
98.04
98.51
98.51
98.51
98.51
98.51
98.51
98.51
98.51
98.51
98.51
98.30
98.30
98.30
98.30
98.30
98.00
98.00
98.00
98.00
98.00
98.00
98.00
98.00
98.00
98.00
98.00
98.01
98.01
98.01
98.01
98.01
98.01
98.01
98.01
98.01
97.98
97.98
97.98
97.98
97.98
97.98
97.98
97.98
97.06
97.06
97.06
97.06
97.06
97.06
97.06
97.06
97.06
95.91
95.91
95.91
95.91
95.91
95.91
95.91
95.91
95.91
92.60
92.60
92.60
92.60
92.60
92.60
92.60
92.60
92.60
92.60
92.60
89.46
89.46
89.46
89.46
89.46
93.13
93.13
93.13
93.13
96.93
96.93
96.93
96.93
96.93
96.93
96.93
96.93
96.93
96.93
96.93
96.93
96.93
96.93
97.44
97.44
97.44
97.44
97.44
97.44
97.44
97.44
97.44
98.07
98.07
98.07
98.07
98.07
98.07
98.07
98.07
98.09
98.09
98.09
98.09
98.09
98.09
98.09
98.21
98.21
98.21
98.21
98.21
98.21
98.21
98.21
98.29
98.29
98.29
98.29
98.29
98.29
98.29
98.29
98.29
98.29
98.29
98.29
98.29
98.29
98.59
98.59
98.59
98.59
98.59
98.59
98.59
98.59
98.59
98.59
98.59
98.59
97.88
97.88
97.88
97.88
97.88
97.88
98.18
98.18
98.18
98.18
98.18
98.18
98.00
98.00
98.00
98.00
98.00
98.00
98.00
98.00
98.20
98.20
98.20
98.20
98.20
98.20
98.20
98.20
98.20
98.41
98.41
98.41
98.41
98.41
98.41
98.41
98.41
98.41
98.74
98.74
98.74
98.74
98.74
98.74
98.74
98.74
98.74
98.65
98.65
98.65
98.65
98.65
98.65
98.65
98.65
98.65
98.65
98.35
98.35
98.35
98.35
98.35
98.35
98.35
98.35
98.51
98.51
98.51
98.51
98.51
98.58
98.58
98.58
98.58
98.58
98.58
98.58
97.90
97.90
97.90
97.90
97.90
97.90
97.90
97.90
97.90
97.90
97.90
97.26
97.26
97.26
97.26
97.26
97.26
97.26
97.26
98.11
98.11
98.11
98.11
98.11
98.59
98.59
98.59
98.59
98.59
98.59
98.59
98.82
98.82
98.82
98.82
98.86
98.86
98.86
98.86
98.86
98.86
98.86
98.86
98.86
98.86
98.86
98.86
98.86
98.86
98.86
98.86
98.86
98.86
98.86
98.59
98.59
98.59
98.59
98.59
98.59
98.59
98.59
98.04
98.04
98.04
98.04
98.04
98.04
98.04
