36.16
36.16
36.16
36.16
36.16
36.16
36.16
36.16
41.62
41.62
41.62
41.62
41.62
41.62
41.62
41.62
57.00
57.00
57.00
57.00
57.00
57.00
57.00
57.00
57.00
64.25
64.25
64.25
64.25
64.25
64.25
64.25
64.25
64.25
64.25
64.25
62.72
62.72
62.72
62.72
62.72
62.72
62.72
62.72
62.72
82.81
82.81
82.81
82.81
82.81
82.81
82.81
82.81
82.81
91.44
91.44
91.44
91.44
91.44
91.44
91.44
91.44
94.75
94.75
94.75
94.75
94.75
94.75
94.75
96.31
96.31
96.31
96.31
96.31
96.31
96.31
96.88
96.88
96.88
96.88
96.88
96.88
96.88
96.88
96.88
96.88
96.88
96.88
95.94
95.94
95.94
95.94
95.94
95.94
95.94
95.94
95.94
95.94
95.94
97.25
97.25
97.25
97.25
97.25
97.25
97.25
97.25
97.25
97.56
97.56
97.56
97.56
97.56
98.12
98.12
98.12
98.12
98.12
98.12
98.12
98.12
98.00
98.00
98.00
98.00
98.00
98.00
98.00
98.00
98.00
98.06
98.06
98.06
98.06
98.06
98.06
98.06
98.06
98.19
98.19
98.19
98.19
98.19
98.19
98.19
98.19
97.75
97.75
97.75
97.75
97.75
97.75
97.75
97.75
97.81
97.81
97.81
97.81
97.81
97.81
97.81
97.81
97.50
97.50
97.50
97.50
97.50
97.50
97.50
97.50
95.94
95.94
95.94
95.94
95.94
95.94
95.94
95.94
95.25
95.25
95.25
95.25
95.25
95.25
95.25
95.25
95.62
95.62
95.62
95.62
95.62
95.62
95.62
95.62
95.62
94.44
94.44
94.44
94.44
94.44
94.44
94.44
94.44
93.44
93.44
93.44
93.44
93.44
93.44
93.44
93.44
93.44
96.81
96.81
96.81
96.81
96.81
96.81
96.81
96.81
98.00
98.00
98.00
98.00
98.00
98.00
98.00
97.94
97.94
97.94
97.94
97.94
97.94
97.94
97.94
97.94
98.12
98.12
98.12
98.12
98.12
98.12
98.12
98.12
98.12
98.25
98.25
98.25
98.25
98.25
98.25
98.25
98.31
98.31
98.31
98.31
98.31
98.31
98.31
97.38
97.38
97.38
97.38
97.38
97.38
97.38
97.38
96.56
96.56
96.56
96.56
96.56
96.56
96.56
96.56
96.56
96.56
96.56
97.38
97.38
97.38
97.38
97.38
97.38
97.38
97.38
97.38
97.75
97.75
97.75
97.75
97.75
97.75
97.75
97.75
97.75
97.75
97.75
97.75
96.56
96.56
96.56
96.56
97.88
97.88
97.88
97.88
97.88
97.88
97.88
97.88
97.88
97.88
97.88
98.25
98.25
98.25
98.25
98.25
98.25
98.25
98.19
98.19
98.19
98.19
98.19
98.19
98.19
98.19
97.81
97.81
97.81
97.81
97.81
96.56
96.56
96.56
96.56
96.56
96.56
96.56
96.56
96.56
97.69
97.69
97.69
97.69
97.69
97.69
97.69
97.69
97.31
97.31
97.31
97.31
97.31
97.31
97.31
97.31
95.94
95.94
95.94
95.94
95.94
95.94
95.94
93.56
93.56
93.56
93.56
93.56
93.56
93.56
91.94
91.94
91.94
91.94
91.94
91.94
91.94
91.94
91.94
89.75
89.75
89.75
89.75
89.75
89.75
89.75
89.75
89.75
89.75
89.75
