92.69
92.69
92.69
92.69
92.69
92.69
92.69
92.69
93.00
93.00
93.00
93.00
93.00
95.19
95.19
95.19
95.19
95.19
95.19
95.19
95.19
95.19
95.19
95.19
94.69
94.69
94.69
94.69
94.69
94.69
94.69
94.69
95.19
95.19
95.19
95.19
95.19
95.19
95.19
95.19
95.19
95.19
95.19
95.19
95.19
95.19
95.19
95.19
95.19
95.19
95.19
95.69
95.69
95.69
95.69
95.69
95.69
95.69
95.69
95.69
93.69
93.69
93.69
93.69
93.69
93.69
96.19
96.19
96.19
96.19
96.19
96.19
96.19
96.19
96.19
97.94
97.94
97.94
97.94
97.94
97.94
97.94
97.94
97.69
97.69
97.69
97.69
97.69
97.69
97.69
97.69
97.69
97.69
97.69
97.38
97.38
97.38
97.38
97.38
97.38
95.69
95.69
95.69
95.69
95.69
95.69
95.69
95.69
93.00
93.00
93.00
93.00
93.00
93.00
93.00
93.00
93.12
93.12
93.12
93.12
93.12
93.12
93.19
93.19
93.19
93.19
93.19
93.19
93.19
91.38
91.38
91.38
91.38
91.38
91.38
91.38
91.38
93.88
93.88
93.88
93.88
93.88
93.88
93.88
95.56
95.56
95.56
95.56
95.56
95.56
95.56
95.56
95.56
95.56
95.56
93.25
93.25
93.25
93.25
93.25
93.25
93.25
93.25
93.25
91.81
91.81
91.81
91.81
91.81
91.81
91.81
93.19
93.19
93.19
93.19
93.19
93.19
93.19
93.19
93.19
93.19
93.19
93.19
94.00
94.00
94.00
94.00
94.00
94.00
94.00
94.00
94.00
94.00
94.00
94.00
91.88
91.88
91.88
91.88
91.88
91.88
91.88
91.88
87.44
87.44
87.44
87.44
87.44
87.44
87.44
86.88
86.88
86.88
86.88
86.88
86.88
83.19
83.19
83.19
83.19
83.19
83.19
83.19
83.19
83.19
83.19
83.19
73.44
73.44
73.44
73.44
73.44
70.94
70.94
70.94
70.94
70.94
70.94
70.94
70.94
70.94
71.44
71.44
71.44
71.44
78.88
78.88
78.88
78.88
86.25
86.25
86.25
86.25
86.25
86.25
86.25
86.25
88.81
88.81
88.81
88.81
88.81
88.81
88.81
90.75
90.75
90.75
90.75
90.75
90.75
90.75
90.75
