98.94
98.94
98.94
98.94
98.94
98.94
98.94
98.94
98.94
98.94
98.88
98.88
98.88
98.88
98.88
98.88
98.88
98.88
98.88
98.88
98.88
98.88
98.88
98.88
98.88
98.62
98.62
98.62
98.62
98.62
98.62
98.62
98.56
98.56
98.56
98.56
98.56
98.56
98.56
98.56
98.56
98.62
98.62
98.62
98.62
98.62
98.62
98.62
98.62
98.62
98.62
98.62
98.62
98.62
98.62
98.62
98.62
98.62
98.62
98.62
98.62
98.62
98.62
98.62
98.62
98.62
98.62
98.62
98.62
98.44
98.44
98.44
98.44
98.44
98.44
98.44
98.50
98.50
98.50
98.50
98.50
98.50
98.50
98.50
98.50
98.50
98.50
98.31
98.31
98.31
98.31
98.31
98.31
98.31
98.31
98.31
98.56
98.56
98.56
98.56
98.56
98.56
98.56
98.56
98.56
98.69
98.69
98.69
98.69
98.88
98.88
98.88
98.88
98.88
98.88
98.88
98.88
98.88
98.88
98.88
98.75
98.75
98.75
98.75
98.75
98.75
98.75
98.75
98.50
98.50
98.50
98.50
98.50
98.50
98.50
98.50
98.50
98.69
98.69
98.69
98.69
98.69
98.69
98.69
98.69
98.69
98.69
98.69
98.69
98.69
98.69
98.69
98.69
98.69
98.56
98.56
98.56
98.56
98.44
98.44
98.44
98.44
98.44
98.44
98.44
98.44
98.44
98.44
98.44
98.44
98.44
98.31
98.31
98.31
98.31
98.31
98.31
98.31
98.31
98.31
98.44
98.44
98.44
98.44
98.50
98.50
98.50
98.50
98.50
98.50
98.50
98.50
98.50
98.25
98.25
98.25
98.25
98.75
98.75
98.75
98.75
98.75
98.75
98.75
98.75
98.75
98.75
98.75
98.75
98.94
98.94
98.94
98.94
98.94
98.94
98.94
98.94
98.94
98.94
98.94
98.94
98.94
98.94
98.94
98.94
98.94
98.94
98.94
98.94
98.94
98.94
98.94
98.94
98.94
98.94
98.94
98.94
98.94
98.94
98.94
98.94
98.88
98.88
98.88
98.88
98.88
98.88
98.88
98.88
98.88
98.88
98.88
98.88
98.88
98.88
98.88
