91.25
91.25
91.25
91.25
91.25
91.25
91.25
91.25
91.25
91.25
91.25
91.25
95.08
95.08
95.08
95.08
95.08
95.08
95.08
95.08
95.08
96.73
96.73
96.73
96.73
96.73
96.73
96.73
96.73
97.10
97.10
97.10
97.10
97.10
97.10
97.10
97.10
97.10
98.11
98.11
98.11
98.11
98.11
98.11
98.11
98.11
98.28
98.28
98.28
98.28
98.28
98.29
98.29
98.29
98.29
98.29
98.29
97.95
97.95
97.95
97.95
97.95
97.95
97.95
98.02
98.02
98.02
98.02
98.02
98.02
98.02
98.19
98.19
98.19
98.19
98.19
98.19
98.19
98.19
98.10
98.10
98.10
98.10
98.45
98.45
98.45
98.45
98.45
98.45
98.45
98.45
97.55
97.55
97.55
97.55
96.68
96.68
96.68
96.68
96.68
96.68
96.68
96.68
96.75
96.75
96.75
96.75
96.75
96.75
96.75
96.75
96.75
96.75
96.75
96.81
96.81
96.81
96.81
96.81
96.81
97.46
97.46
97.46
97.46
97.46
97.46
97.46
97.46
96.21
96.21
96.21
96.21
96.21
96.21
96.21
95.81
95.81
95.81
95.81
95.75
95.75
95.75
95.75
95.75
95.75
95.75
95.75
95.75
95.75
95.75
95.75
92.89
92.89
92.89
92.89
92.89
91.75
91.75
91.75
91.75
91.75
91.75
91.75
91.75
91.75
91.75
91.75
93.68
93.68
93.68
93.68
93.68
93.68
93.68
93.68
92.36
92.36
92.36
92.36
92.36
92.36
94.29
94.29
94.29
94.29
94.29
94.46
94.46
94.46
94.46
94.46
94.46
94.46
94.46
94.46
94.46
94.46
94.46
91.88
91.88
91.88
91.88
91.88
91.88
91.88
91.88
91.88
