98.22
98.22
98.22
98.22
98.22
98.22
98.22
98.48
98.48
98.48
98.48
98.48
98.48
98.48
98.48
98.19
98.19
98.19
98.19
98.19
98.19
98.19
98.19
97.88
97.88
97.88
97.88
97.88
97.88
97.88
96.21
96.21
96.21
96.21
96.21
96.21
96.21
95.23
95.23
95.23
95.23
92.02
92.02
92.02
92.02
92.02
92.02
87.89
87.89
87.89
87.89
87.89
87.89
87.89
87.89
83.77
83.77
83.77
83.77
83.77
83.77
83.77
82.54
82.54
82.54
82.54
82.54
82.54
82.54
82.54
82.54
84.29
84.29
84.29
84.29
84.29
90.59
90.59
90.59
90.59
90.59
90.59
90.59
90.59
94.13
94.13
94.13
94.13
94.13
94.13
95.71
95.71
95.71
95.71
95.71
95.71
95.71
95.12
95.12
95.12
95.12
95.12
95.12
95.12
95.12
95.12
95.12
95.12
96.43
96.43
96.43
96.43
96.43
96.43
96.43
96.43
97.10
97.10
97.10
97.10
97.10
97.10
97.10
97.10
96.71
96.71
96.71
96.71
96.71
96.71
96.71
96.71
92.78
92.78
92.78
92.78
82.94
82.94
82.94
82.94
83.04
83.04
83.04
83.04
83.04
83.04
83.04
83.04
78.28
78.28
78.28
78.28
78.28
84.39
84.39
84.39
84.39
84.39
84.39
84.39
84.39
84.39
88.85
88.85
88.85
88.85
88.85
88.85
88.85
88.85
88.85
92.90
92.90
92.90
92.90
92.90
92.90
93.32
93.32
93.32
93.32
93.32
93.32
93.32
91.85
91.85
91.85
91.85
91.85
91.85
91.85
91.85
90.66
90.66
90.66
90.66
90.66
90.66
90.66
90.66
92.16
92.16
92.16
92.16
92.16
92.16
92.16
90.30
90.30
90.30
90.30
90.30
90.30
90.30
90.30
88.21
88.21
88.21
88.21
88.21
88.21
88.21
88.21
88.21
88.21
88.21
89.17
89.17
89.17
89.17
89.17
89.17
89.17
89.17
89.17
89.27
89.27
89.27
89.27
89.27
89.27
89.27
89.27
89.27
87.55
87.55
87.55
87.55
83.28
83.28
83.28
83.28
83.28
83.28
83.28
83.28
83.28
88.11
88.11
88.11
88.11
88.11
88.11
88.11
88.11
90.92
90.92
90.92
90.92
90.92
90.92
90.92
92.40
92.40
92.40
92.40
92.40
92.40
92.40
92.40
92.40
93.84
93.84
93.84
93.84
93.84
93.84
93.84
93.84
93.15
93.15
93.15
93.15
93.15
93.15
93.15
93.15
92.27
92.27
92.27
92.27
92.27
92.27
93.92
93.92
93.92
93.92
93.92
93.92
93.92
93.92
95.72
95.72
95.72
95.72
95.72
95.72
95.72
95.72
95.81
95.81
95.81
95.81
95.81
95.81
95.81
95.81
95.81
95.62
95.62
95.62
95.62
95.62
95.62
95.62
95.62
95.62
95.68
95.68
95.68
95.68
95.66
95.66
95.66
95.66
95.66
95.66
95.66
95.66
95.66
95.66
95.66
95.66
93.78
93.78
93.78
93.78
95.86
95.86
95.86
95.86
97.88
97.88
97.88
97.88
97.88
97.88
97.88
97.88
97.84
97.84
97.84
97.84
97.84
97.84
97.84
97.84
97.84
97.84
97.84
97.64
97.64
97.64
97.64
97.64
97.64
96.32
96.32
96.32
96.32
96.32
96.32
96.32
95.13
95.13
95.13
95.13
95.13
95.13
95.13
95.13
95.13
92.97
92.97
92.97
92.97
92.97
92.97
