41.36
41.36
41.36
41.36
41.36
41.36
42.71
42.71
42.71
42.71
42.71
42.71
42.71
42.71
42.71
44.71
44.71
44.71
44.71
44.71
44.71
44.71
46.78
46.78
46.78
46.78
46.78
46.78
52.88
52.88
52.88
52.88
52.88
52.88
52.88
52.88
52.88
52.88
52.88
53.94
53.94
53.94
53.94
53.94
53.94
53.94
64.24
64.24
64.24
64.24
64.24
64.73
64.73
64.73
64.73
64.73
64.73
64.73
64.73
64.73
64.73
64.73
66.78
66.78
66.78
66.78
77.53
77.53
77.53
77.53
76.98
76.98
76.98
76.98
76.98
76.98
76.98
76.98
76.98
76.98
76.98
85.13
85.13
85.13
85.13
85.13
85.13
85.13
85.13
85.13
85.13
85.13
87.80
87.80
87.80
87.80
87.80
90.44
90.44
90.44
90.44
90.44
90.44
90.44
92.91
92.91
92.91
92.91
92.91
92.91
92.91
93.71
93.71
93.71
93.71
93.71
93.71
93.71
96.93
96.93
96.93
96.93
96.93
96.93
96.93
96.93
97.09
97.09
97.09
97.09
97.09
97.09
97.09
97.09
98.19
98.19
98.19
98.19
98.19
98.19
98.48
98.48
98.48
98.48
98.48
98.48
98.48
98.48
97.91
97.91
97.91
97.91
97.91
97.55
97.55
97.55
97.55
97.55
97.60
97.60
97.60
97.60
97.60
97.60
97.60
97.60
97.60
95.98
95.98
95.98
95.98
95.98
95.98
95.98
95.98
95.06
95.06
95.06
95.06
95.06
95.06
95.06
95.06
95.64
95.64
95.64
95.64
95.64
95.64
95.64
95.64
95.88
95.88
95.88
95.88
95.88
95.88
95.88
96.18
96.18
96.18
96.18
96.18
96.18
96.18
95.03
95.03
95.03
95.03
95.03
95.03
95.03
93.57
93.57
93.57
93.57
93.57
93.57
93.57
93.57
93.57
91.34
91.34
91.34
91.34
91.34
91.34
91.34
91.34
87.18
87.18
87.18
87.18
87.18
87.18
87.18
87.18
87.18
85.53
85.53
85.53
85.53
81.86
81.86
81.86
81.86
81.86
81.86
81.86
83.30
83.30
83.30
83.30
83.30
83.30
83.30
