98.91
98.91
98.91
98.91
98.91
98.91
98.91
98.91
98.91
98.91
98.91
98.88
98.88
98.88
98.88
98.88
98.88
98.88
98.88
98.83
98.83
98.83
98.83
98.83
98.83
98.83
98.83
98.83
98.83
98.83
98.92
98.92
98.92
98.92
98.92
98.92
98.92
98.93
98.93
98.93
98.93
98.93
98.93
98.93
98.88
98.88
98.88
98.88
98.88
98.88
98.88
98.88
98.88
98.73
98.73
98.73
98.73
98.86
98.86
98.86
98.86
98.86
98.86
98.86
98.86
98.84
98.84
98.84
98.84
98.84
98.84
98.84
98.84
98.72
98.72
98.72
98.72
98.72
98.72
98.72
98.72
98.75
98.75
98.75
98.75
98.75
98.86
98.86
98.86
98.86
98.86
98.68
98.68
98.68
98.68
98.68
98.68
98.68
98.66
98.66
98.66
98.66
98.66
98.66
98.66
98.66
98.66
98.52
98.52
98.52
98.52
98.77
98.77
98.77
98.77
98.77
98.77
98.77
98.77
98.77
98.85
98.85
98.85
98.85
98.85
98.85
98.85
98.85
98.75
98.75
98.75
98.75
98.75
98.75
98.75
98.75
98.75
98.75
98.75
98.75
98.75
98.75
98.81
98.81
98.81
98.81
98.81
98.81
98.81
98.81
98.81
98.81
98.81
98.90
98.90
98.90
98.90
98.90
98.90
98.90
98.90
98.82
98.82
98.82
98.82
98.82
98.82
98.82
98.82
98.59
98.59
98.59
98.59
98.59
98.59
98.59
98.59
98.52
98.52
98.52
98.52
98.52
98.52
98.52
98.46
98.46
98.46
98.46
98.46
98.46
98.46
98.46
98.46
98.46
98.46
98.46
98.46
98.76
98.76
98.76
98.76
98.76
98.76
98.76
98.76
98.76
98.82
98.82
98.82
98.82
98.82
98.76
98.76
98.76
98.76
98.76
98.76
98.76
98.81
98.81
98.81
98.81
98.81
98.81
98.81
98.81
98.81
98.81
98.81
98.73
98.73
98.73
98.73
98.73
98.73
98.73
98.73
98.71
98.71
98.71
98.71
98.70
98.70
98.70
98.70
98.70
98.70
98.70
98.70
98.70
98.70
98.70
98.70
98.70
98.70
98.52
98.52
98.52
98.52
98.52
98.52
98.52
98.52
98.52
98.52
98.52
98.52
98.52
98.52
98.55
98.55
98.55
98.55
98.55
98.55
98.55
98.41
98.41
98.41
98.41
98.41
98.59
98.59
98.59
98.59
98.59
98.59
98.59
98.59
98.59
98.78
98.78
98.78
98.78
98.78
98.80
98.80
98.80
98.80
98.80
98.94
98.94
98.94
98.94
98.94
98.94
98.94
98.93
98.93
98.93
98.93
98.93
98.93
98.93
98.93
98.93
98.93
98.93
98.92
98.92
98.92
98.92
98.92
98.92
98.92
