97.35
97.35
97.35
97.35
97.35
97.35
97.35
97.35
97.35
95.89
95.89
95.89
95.89
95.89
95.89
95.89
95.89
96.74
96.74
96.74
96.74
96.74
96.74
96.74
96.74
96.74
96.74
96.74
96.74
96.94
96.94
96.94
96.94
96.94
96.94
96.94
96.94
96.94
96.94
96.94
95.09
95.09
95.09
95.09
95.09
95.09
95.09
95.09
94.11
94.11
94.11
94.11
94.11
94.11
94.11
94.11
91.50
91.50
91.50
91.50
91.50
91.50
91.50
91.50
86.03
86.03
86.03
86.03
86.03
86.03
86.03
86.03
94.21
94.21
94.21
94.21
94.21
94.21
94.21
97.51
97.51
97.51
97.51
97.51
97.51
97.51
97.51
97.51
98.45
98.45
98.45
98.45
98.45
98.45
98.63
98.63
98.63
98.63
98.63
98.63
98.63
98.63
98.63
98.63
98.63
98.63
98.41
98.41
98.41
98.41
98.41
98.41
98.41
98.41
98.41
98.23
98.23
98.23
98.23
98.23
98.23
98.23
98.23
98.27
98.27
98.27
98.27
98.27
98.27
98.27
98.27
98.27
98.66
98.66
98.66
98.66
98.66
98.66
98.66
98.66
98.66
98.66
98.68
98.68
98.68
98.68
98.68
98.68
98.68
98.38
98.38
98.38
98.38
98.38
98.38
98.38
98.28
98.28
98.28
98.28
98.28
98.28
98.28
97.82
97.82
97.82
97.82
97.84
97.84
97.84
97.84
97.84
97.84
94.79
94.79
94.79
94.79
93.79
93.79
93.79
93.79
93.79
93.79
93.79
93.79
93.79
94.45
94.45
94.45
94.45
94.45
94.45
94.45
94.45
94.45
94.45
94.45
91.80
91.80
91.80
91.80
91.80
91.80
91.80
89.59
89.59
89.59
89.59
89.59
89.59
89.59
89.59
89.59
90.59
90.59
90.59
90.59
94.35
94.35
94.35
94.35
94.35
94.35
94.35
94.35
94.35
94.35
94.35
97.23
97.23
97.23
97.23
97.23
97.23
93.05
93.05
93.05
93.05
93.05
93.05
93.05
93.05
95.73
95.73
95.73
95.73
95.73
95.73
95.73
95.73
95.73
95.73
97.93
97.93
97.93
97.93
97.93
97.93
97.93
97.93
97.93
97.93
97.93
97.93
98.14
98.14
98.14
98.14
98.14
98.14
98.14
98.48
98.48
98.48
98.48
98.48
98.48
98.48
98.45
98.45
98.45
98.45
98.45
98.45
98.45
98.45
98.37
98.37
98.37
98.37
98.37
98.37
98.37
98.37
98.37
98.55
98.55
98.55
98.55
98.55
98.55
98.43
98.43
98.43
98.43
98.43
98.43
98.43
98.43
98.43
98.42
98.42
98.42
98.42
98.42
98.42
98.42
98.63
98.63
98.63
98.63
98.63
98.63
98.63
98.63
98.63
98.51
98.51
98.51
98.51
98.51
98.51
98.51
98.67
98.67
98.67
98.67
98.67
98.67
98.67
98.67
98.67
98.67
98.67
98.67
98.67
98.67
98.67
98.67
98.67
98.67
98.67
98.67
98.67
98.32
98.32
98.32
98.32
98.32
98.32
98.32
98.32
98.32
98.32
98.32
98.32
98.32
98.32
98.37
98.37
98.37
98.37
98.37
98.37
98.37
98.37
98.37
98.37
98.37
97.60
97.60
97.60
97.60
97.60
97.60
97.60
97.60
96.60
96.60
96.60
96.60
96.60
96.60
96.60
96.60
94.09
94.09
94.09
94.09
94.09
94.09
94.09
94.09
94.09
94.09
94.09
94.82
94.82
94.82
94.82
94.82
94.82
94.82
94.82
94.82
94.72
94.72
94.72
94.72
94.72
94.72
94.72
94.72
94.72
94.72
94.72
94.72
94.72
