98.72
98.72
98.72
98.72
98.72
98.72
98.72
98.72
98.72
98.60
98.60
98.60
98.60
98.60
98.60
98.60
98.60
98.60
98.70
98.70
98.70
98.70
98.70
98.70
98.70
98.70
98.19
98.19
98.19
98.19
98.19
98.19
98.19
98.19
98.31
98.31
98.31
98.31
98.31
98.31
98.31
98.31
98.03
98.03
98.03
98.03
98.03
98.03
98.03
98.03
97.76
97.76
97.76
97.76
97.76
97.76
97.76
97.76
97.76
97.35
97.35
97.35
97.35
97.08
97.08
97.08
97.08
97.08
97.08
97.08
97.08
94.21
94.21
94.21
94.21
94.21
94.21
94.21
94.21
98.21
98.21
98.21
98.21
98.21
98.21
98.21
98.21
98.21
98.21
98.21
98.21
98.42
98.42
98.42
98.42
98.42
98.42
98.42
98.42
98.42
98.42
98.42
98.42
98.42
98.42
97.45
97.45
97.45
97.45
97.45
97.45
97.45
97.45
97.81
97.81
97.81
97.81
97.81
98.34
98.34
98.34
98.34
98.34
98.34
98.34
98.34
98.34
98.34
96.79
96.79
96.79
96.79
96.79
96.79
96.79
96.79
96.79
