98.52
98.52
98.52
98.52
98.52
98.52
98.52
98.52
98.52
98.75
98.75
98.75
98.75
98.75
98.75
98.72
98.72
98.72
98.72
98.72
98.72
98.72
98.72
98.72
98.72
98.65
98.65
98.65
98.65
98.65
98.54
98.54
98.54
98.54
98.34
98.34
98.34
98.34
98.34
98.34
98.34
98.34
98.34
97.43
97.43
97.43
97.43
97.43
97.43
97.43
98.01
98.01
98.01
98.01
98.01
98.01
98.01
98.01
98.13
98.13
98.13
98.13
98.13
98.13
98.13
98.13
98.13
97.09
97.09
97.09
97.09
97.09
97.09
97.09
97.09
98.04
98.04
98.04
98.04
98.44
98.44
98.44
98.44
98.44
98.44
98.44
98.44
98.44
98.44
98.44
98.44
98.44
98.44
97.17
97.17
97.17
97.17
91.55
91.55
91.55
91.55
91.55
91.55
91.55
91.55
93.10
93.10
93.10
93.10
93.10
93.10
93.10
93.10
93.10
93.10
93.10
95.34
95.34
95.34
95.34
97.59
97.59
97.59
97.59
97.59
97.59
97.59
97.59
98.02
98.02
98.02
98.02
98.73
98.73
98.73
98.73
98.73
98.73
98.73
98.73
98.73
98.73
98.73
98.77
98.77
98.77
98.77
98.83
98.83
98.83
98.83
98.83
98.83
98.83
98.83
98.85
98.85
98.85
98.85
98.85
98.85
98.85
98.85
98.59
98.59
98.59
98.59
98.59
98.59
98.59
98.59
98.59
98.35
98.35
98.35
98.35
98.35
98.35
98.35
97.21
97.21
97.21
97.21
97.21
97.21
97.21
97.21
97.14
97.14
97.14
97.14
97.14
97.14
97.14
97.14
97.14
96.02
96.02
96.02
96.02
96.02
96.02
96.02
96.02
96.02
96.02
96.02
95.64
95.64
95.64
95.64
95.64
95.64
96.37
96.37
96.37
96.37
96.37
96.37
96.37
96.37
96.37
96.37
98.03
98.03
98.03
98.03
98.03
98.03
98.03
98.03
98.03
98.24
98.24
98.24
98.24
98.24
98.24
98.24
98.50
98.50
98.50
98.50
98.50
98.50
98.50
98.50
98.50
98.36
98.36
98.36
98.36
98.49
98.49
98.49
98.49
98.49
98.49
98.49
98.70
98.70
98.70
98.70
98.70
98.70
98.70
98.70
98.70
98.70
98.70
98.70
98.70
98.70
98.73
98.73
98.73
98.73
98.73
98.73
98.73
98.73
98.42
98.42
98.42
98.42
98.76
98.76
98.76
98.76
98.76
98.76
98.76
98.76
98.76
98.79
98.79
98.79
98.79
98.79
98.79
98.79
98.83
98.83
98.83
98.83
98.83
98.83
98.83
98.83
98.83
98.83
98.85
98.85
98.85
98.85
98.85
98.85
98.85
98.85
98.89
98.89
98.89
98.89
98.89
98.89
98.89
98.84
98.84
98.84
98.84
98.84
98.84
98.84
98.84
98.84
98.83
98.83
98.83
98.83
