98.90
98.90
98.90
98.90
98.90
98.90
98.90
98.90
98.90
98.90
98.90
98.90
98.81
98.81
98.81
98.81
98.81
98.81
98.81
98.81
98.81
98.29
98.29
98.29
98.29
97.64
97.64
97.64
97.64
97.46
97.46
97.46
97.46
98.52
98.52
98.52
98.52
98.52
98.62
98.62
98.62
98.62
98.62
98.62
98.62
98.62
98.72
98.72
98.72
98.72
98.72
98.72
98.72
98.62
98.62
98.62
98.62
98.62
98.62
98.62
98.76
98.76
98.76
98.76
98.76
98.86
98.86
98.86
98.86
98.86
98.86
98.86
98.89
98.89
98.89
98.89
98.89
98.89
98.89
98.89
98.95
98.95
98.95
98.95
98.95
98.95
98.95
98.95
98.92
98.92
98.92
98.92
98.92
98.92
98.92
98.92
98.87
98.87
98.87
98.87
98.87
98.87
98.83
98.83
98.83
98.83
98.83
98.83
98.83
98.72
98.72
98.72
98.72
98.72
98.72
98.72
98.72
98.60
98.60
98.60
98.60
98.60
98.60
98.60
98.60
98.60
98.60
98.60
98.60
98.68
98.68
98.68
98.68
98.68
98.78
98.78
98.78
98.78
98.78
98.78
98.78
98.78
98.78
98.78
98.78
98.78
98.78
98.78
98.78
98.78
98.78
98.78
98.42
98.42
98.42
98.42
98.42
98.42
98.42
98.42
98.01
98.01
98.01
98.01
98.01
98.01
98.01
98.01
98.01
98.55
98.55
98.55
98.55
98.55
98.55
98.55
98.55
98.38
98.38
98.38
98.38
98.38
98.38
98.38
98.38
98.38
97.65
97.65
97.65
97.65
97.65
97.65
97.65
96.08
96.08
96.08
96.08
96.08
96.08
96.08
96.08
96.08
96.08
96.08
96.53
96.53
96.53
96.53
96.53
96.53
96.53
95.75
95.75
95.75
95.75
95.75
97.06
97.06
97.06
97.06
97.06
97.06
97.06
98.18
98.18
98.18
98.18
98.18
98.18
98.18
98.55
98.55
98.55
98.55
98.55
98.55
98.55
98.55
98.55
98.69
98.69
98.69
98.69
98.69
98.69
98.69
98.69
98.69
98.69
98.69
98.69
98.69
98.69
98.70
98.70
98.70
98.70
98.70
98.70
98.75
98.75
98.75
98.75
98.75
98.75
98.75
98.75
98.66
98.66
98.66
98.66
98.66
98.66
98.66
98.66
98.66
98.70
98.70
98.70
98.70
98.70
98.70
98.70
98.70
98.70
98.67
98.67
98.67
98.67
98.67
98.67
98.67
98.67
98.67
98.67
98.67
98.67
98.67
98.67
98.46
98.46
98.46
98.46
98.46
98.46
98.46
98.46
97.64
97.64
97.64
97.64
97.64
97.64
