98.64
98.64
98.64
98.64
98.64
98.64
98.64
98.64
98.64
98.64
98.40
98.40
98.40
98.40
98.40
98.40
98.40
98.69
98.69
98.69
98.69
98.69
98.69
98.69
98.69
98.69
98.89
98.89
98.89
98.89
98.89
98.89
98.89
98.89
98.89
98.89
98.89
98.89
98.89
98.89
98.91
98.91
98.91
98.91
98.91
98.92
98.92
98.92
98.92
98.92
98.92
98.92
98.92
98.92
98.92
98.93
98.93
98.93
98.93
98.93
98.93
98.93
98.93
98.88
98.88
98.88
98.88
98.88
98.88
98.88
98.88
98.86
98.86
98.86
98.86
98.86
98.86
98.86
98.86
98.49
98.49
98.49
98.49
98.49
98.41
98.41
98.41
98.41
98.74
98.74
98.74
98.74
98.74
98.74
98.74
98.82
98.82
98.82
98.82
98.82
98.82
98.82
98.82
98.74
98.74
98.74
98.74
98.74
98.74
98.74
98.71
98.71
98.71
98.71
98.71
98.71
98.71
98.71
98.31
98.31
98.31
98.31
98.31
98.31
98.31
98.31
98.31
97.82
97.82
97.82
97.82
97.82
97.82
97.82
97.82
98.43
98.43
98.43
98.43
98.43
98.43
98.43
98.43
98.43
98.57
98.57
98.57
98.57
98.57
98.57
98.57
98.56
98.56
98.56
98.56
98.56
98.56
98.56
98.72
98.72
98.72
98.72
98.72
98.72
98.72
98.72
98.72
98.72
98.72
98.72
98.83
98.83
98.83
98.83
98.83
98.83
98.83
98.83
98.65
98.65
98.65
98.65
98.65
98.65
98.65
98.65
98.65
98.65
98.65
98.63
98.63
98.63
98.63
98.63
98.63
98.63
98.63
98.63
98.63
98.63
98.63
98.63
98.83
98.83
98.83
98.83
98.83
98.83
98.83
98.83
98.87
98.87
98.87
98.87
98.87
98.82
98.82
98.82
98.82
98.93
98.93
98.93
98.93
98.93
98.93
98.93
98.93
98.93
98.93
98.93
98.85
98.85
98.85
98.85
98.85
98.85
98.85
98.94
98.94
98.94
98.94
98.94
98.94
98.94
98.91
98.91
98.91
98.91
98.91
98.91
98.91
98.91
98.91
98.91
98.91
98.92
98.92
98.92
98.92
98.92
98.92
98.92
98.91
98.91
98.91
98.91
98.91
98.91
98.91
98.91
98.84
98.84
98.84
98.84
98.84
98.84
98.84
98.84
98.80
98.80
98.80
98.80
98.80
98.80
98.80
98.80
98.80
98.78
98.78
98.78
98.78
98.78
98.78
98.78
98.78
98.78
98.78
98.78
98.77
98.77
98.77
98.77
98.77
98.77
98.77
98.77
98.47
98.47
98.47
98.47
98.47
98.47
98.47
98.47
98.47
98.47
98.47
98.40
98.40
98.40
98.40
98.40
98.40
98.40
98.40
98.40
98.40
98.40
98.10
98.10
98.10
98.10
98.10
98.10
98.10
98.10
98.10
98.10
98.10
97.41
97.41
97.41
97.41
97.41
97.41
94.99
94.99
94.99
94.99
94.99
94.99
94.99
94.99
94.99
