98.47
98.47
98.47
98.47
98.47
98.47
98.47
98.47
97.73
97.73
97.73
97.73
97.73
97.73
97.73
97.73
97.73
97.99
97.99
97.99
97.99
97.99
97.99
97.99
97.99
98.82
98.82
98.82
98.82
98.82
98.82
98.82
98.82
98.82
98.82
98.82
98.82
98.82
98.82
98.79
98.79
98.79
98.79
98.79
98.79
98.48
98.48
98.48
98.48
98.48
98.48
98.48
98.48
98.48
96.97
96.97
96.97
96.97
96.97
96.97
94.63
94.63
94.63
94.63
94.63
94.63
94.39
94.39
94.39
94.39
94.39
94.39
94.39
94.39
94.39
96.09
96.09
96.09
96.09
96.09
96.09
96.09
92.76
92.76
92.76
92.76
92.76
92.76
92.76
94.72
94.72
94.72
94.72
94.72
94.72
94.72
94.72
94.72
96.13
96.13
96.13
96.13
96.13
96.13
97.37
97.37
97.37
97.37
97.37
97.37
97.37
97.37
97.37
97.37
97.37
98.39
98.39
98.39
98.39
98.39
98.39
98.39
98.39
98.71
98.71
98.71
98.71
98.71
98.71
98.71
98.71
98.76
98.76
98.76
98.76
98.76
98.76
98.31
98.31
98.31
98.31
98.31
98.31
98.31
98.31
98.54
98.54
98.54
98.54
98.54
98.54
98.54
98.54
98.47
98.47
98.47
98.47
98.47
98.47
98.58
98.58
98.58
98.58
98.58
98.58
97.00
97.00
97.00
97.00
97.00
97.00
97.00
97.00
98.15
98.15
98.15
98.15
98.15
98.15
98.15
98.15
98.15
98.45
98.45
98.45
98.45
98.45
98.45
98.45
98.45
98.45
98.45
98.45
97.56
97.56
97.56
97.56
97.56
97.56
97.56
97.56
94.90
94.90
94.90
94.90
94.90
94.90
94.90
94.90
93.31
93.31
93.31
93.31
93.31
93.31
93.31
93.31
95.71
95.71
95.71
95.71
95.71
95.71
95.71
95.71
97.14
97.14
97.14
97.14
97.14
97.14
97.14
97.14
98.28
98.28
98.28
98.28
98.28
98.28
98.28
98.34
98.34
98.34
98.34
98.34
98.34
98.34
98.34
98.61
98.61
98.61
98.61
98.61
98.61
98.61
98.61
98.73
98.73
98.73
98.73
98.73
98.73
98.73
98.73
98.65
98.65
98.65
98.65
98.65
98.65
98.65
98.65
98.86
98.86
98.86
98.86
98.86
98.86
98.70
98.70
98.70
98.70
98.70
