90.33
90.33
90.33
90.33
90.33
90.33
90.33
90.33
90.33
88.52
88.52
88.52
88.52
88.52
88.52
88.52
88.52
88.52
88.52
88.52
86.36
86.36
86.36
86.36
86.36
87.76
87.76
87.76
87.76
87.76
87.76
87.76
87.76
87.76
87.76
87.76
87.76
82.72
82.72
82.72
82.72
81.22
81.22
81.22
81.22
81.22
81.22
81.22
81.22
79.77
79.77
79.77
79.77
79.77
79.77
79.77
79.77
79.77
75.47
75.47
75.47
75.47
75.47
75.47
75.47
75.47
70.10
70.10
70.10
70.10
70.10
70.10
70.10
72.28
72.28
72.28
72.28
72.28
72.28
72.28
72.28
71.51
71.51
71.51
71.51
71.51
71.51
71.51
71.51
71.51
71.51
71.51
71.51
72.99
72.99
72.99
72.99
72.99
72.99
72.99
72.99
72.99
77.26
77.26
77.26
77.26
77.26
77.26
77.26
77.26
77.26
80.02
80.02
80.02
80.02
80.02
80.02
80.02
80.29
80.29
80.29
80.29
80.29
80.29
80.29
80.29
81.85
81.85
81.85
81.85
81.85
81.85
81.85
81.85
83.14
83.14
83.14
83.14
83.14
83.14
83.14
83.14
83.14
85.58
85.58
85.58
85.58
85.58
85.58
85.58
90.40
90.40
90.40
90.40
