94.29
94.29
94.29
94.29
96.63
96.63
96.63
96.63
96.63
96.63
96.63
96.63
96.63
96.63
96.63
97.30
97.30
97.30
97.30
97.30
95.87
95.87
95.87
95.87
95.87
95.87
95.87
97.11
97.11
97.11
97.11
97.11
97.72
97.72
97.72
97.72
97.72
97.72
97.72
97.72
95.93
95.93
95.93
95.93
95.93
95.93
95.93
95.93
95.93
95.93
95.93
95.93
95.93
95.93
96.25
96.25
96.25
96.25
96.25
96.25
96.25
96.25
96.67
96.67
96.67
96.67
96.67
96.67
95.99
95.99
95.99
95.99
95.99
95.99
95.99
95.99
95.99
95.99
95.99
93.32
93.32
93.32
93.32
93.32
93.32
93.32
93.32
90.99
90.99
90.99
90.99
90.99
90.99
90.99
90.99
90.99
89.46
89.46
89.46
89.46
89.46
89.46
89.46
89.46
89.46
86.68
86.68
86.68
86.68
86.68
86.68
86.68
86.68
86.68
84.75
84.75
84.75
84.75
88.04
88.04
88.04
88.04
88.04
88.04
88.04
88.04
88.04
90.64
90.64
90.64
90.64
90.64
90.64
90.64
90.64
90.64
90.64
90.64
90.64
90.64
90.64
92.86
92.86
92.86
92.86
92.86
92.86
92.86
92.89
92.89
92.89
92.89
92.89
92.89
92.89
94.46
94.46
94.46
94.46
95.39
95.39
95.39
95.39
95.39
95.39
95.39
95.39
