51.43
51.43
51.43
51.43
51.43
51.43
51.43
51.43
80.64
80.64
80.64
80.64
80.64
80.64
80.64
90.47
90.47
90.47
90.47
90.47
90.47
90.47
90.47
90.47
90.47
90.47
93.45
93.45
93.45
93.45
93.45
93.45
93.45
93.45
93.45
92.94
92.94
92.94
92.94
92.94
92.94
92.94
92.94
92.94
95.50
95.50
95.50
95.50
95.50
97.06
97.06
97.06
97.06
97.06
97.06
97.06
96.55
96.55
96.55
96.55
96.55
96.55
96.55
96.55
95.89
95.89
95.89
95.89
95.89
97.18
97.18
97.18
97.18
97.18
97.18
97.18
96.60
96.60
96.60
96.60
96.60
96.60
96.60
96.60
96.60
96.60
96.60
93.02
93.02
93.02
93.02
93.02
93.02
91.77
91.77
91.77
91.77
95.32
95.32
95.32
95.32
95.32
95.32
95.32
95.32
94.37
94.37
94.37
94.37
94.37
94.37
94.37
94.37
92.27
92.27
92.27
92.27
92.27
92.27
92.27
92.27
94.40
94.40
94.40
94.40
94.40
94.40
94.40
94.40
92.31
92.31
92.31
92.31
92.31
92.31
92.31
92.31
92.31
93.10
93.10
93.10
93.10
93.10
93.10
93.10
93.10
93.10
96.49
96.49
96.49
96.49
96.49
96.49
96.49
96.49
96.49
96.49
96.49
96.49
95.05
95.05
95.05
95.05
96.40
96.40
96.40
96.40
96.40
96.40
97.02
97.02
97.02
97.02
97.02
97.02
97.02
97.04
97.04
97.04
97.04
97.04
97.04
97.04
96.06
96.06
96.06
96.06
96.06
96.06
96.06
96.92
96.92
96.92
96.92
96.92
96.92
96.92
