93.18
93.18
93.18
93.18
93.18
93.18
93.18
93.18
94.81
94.81
94.81
94.81
96.32
96.32
96.32
96.32
96.32
96.32
96.32
96.32
96.32
96.32
96.32
96.32
96.32
96.32
97.88
97.88
97.88
97.88
97.88
97.88
97.88
97.88
97.88
97.88
97.88
96.40
96.40
96.40
96.40
96.40
96.40
96.40
96.40
96.40
96.40
96.40
96.93
96.93
96.93
96.93
96.93
96.93
96.93
96.93
94.36
94.36
94.36
94.36
94.36
94.36
94.36
94.36
94.36
93.48
93.48
93.48
93.48
93.48
93.48
93.48
93.48
93.48
93.48
93.48
91.06
91.06
91.06
91.06
91.06
91.06
91.06
80.01
80.01
80.01
80.01
80.01
80.01
70.54
70.54
70.54
70.54
70.54
70.54
70.54
70.54
71.69
71.69
71.69
71.69
71.69
71.69
71.69
71.69
70.93
70.93
70.93
70.93
70.93
70.93
70.93
70.93
70.93
77.41
77.41
77.41
77.41
77.41
77.41
77.41
77.41
77.41
77.41
77.41
87.51
87.51
87.51
87.51
87.51
87.51
87.51
87.51
94.03
94.03
94.03
94.03
94.03
94.03
94.03
94.03
96.12
96.12
96.12
96.12
96.12
96.12
96.12
96.12
96.12
96.12
96.12
96.12
96.18
96.18
96.18
96.18
96.18
96.18
96.18
96.18
96.18
97.55
97.55
97.55
97.55
97.55
97.55
97.55
97.55
96.54
96.54
96.54
96.54
96.54
96.54
96.54
97.07
97.07
97.07
97.07
97.07
97.07
97.07
97.07
97.07
97.07
97.07
95.08
95.08
95.08
95.08
95.08
95.08
93.25
93.25
93.25
93.25
93.25
93.25
93.25
88.02
88.02
88.02
88.02
88.02
88.02
88.02
88.02
88.02
