97.77
97.77
97.77
97.77
97.77
97.77
97.77
97.77
97.77
97.45
97.45
97.45
97.45
97.45
97.45
97.40
97.40
97.40
97.40
97.40
97.40
97.40
97.20
97.20
97.20
97.20
97.20
97.20
97.20
97.20
97.20
97.20
97.20
97.20
97.20
97.20
96.79
96.79
96.79
96.79
96.79
96.79
96.79
96.79
96.79
96.75
96.75
96.75
96.75
96.75
96.75
96.75
96.75
96.75
96.75
95.19
95.19
95.19
95.19
95.19
95.19
95.19
95.19
95.19
94.67
94.67
94.67
94.67
94.67
94.67
92.88
92.88
92.88
92.88
92.88
92.88
92.88
92.88
92.88
92.88
92.88
89.58
89.58
89.58
89.58
89.58
89.58
89.58
89.58
89.58
89.58
89.58
86.30
86.30
86.30
86.30
87.98
87.98
87.98
87.98
87.98
87.98
88.70
88.70
88.70
88.70
88.70
88.70
88.70
88.70
92.94
92.94
92.94
92.94
92.94
92.94
93.38
93.38
93.38
93.38
93.38
93.38
91.02
91.02
91.02
91.02
92.44
92.44
92.44
92.44
92.44
92.44
92.44
92.44
92.44
92.44
92.44
92.44
93.85
93.85
93.85
93.85
93.85
93.85
93.85
93.85
94.06
94.06
94.06
94.06
93.89
93.89
93.89
93.89
93.89
93.89
93.89
93.89
93.89
93.89
93.89
94.11
94.11
94.11
94.11
94.11
94.11
93.22
93.22
93.22
93.22
93.22
93.22
93.22
94.33
94.33
94.33
94.33
94.33
94.33
94.33
94.33
94.33
95.10
95.10
95.10
95.10
95.10
95.10
95.10
95.10
95.10
94.53
94.53
94.53
94.53
94.53
94.53
94.53
94.53
94.53
94.53
94.53
96.22
96.22
96.22
96.22
96.22
96.22
95.95
95.95
95.95
95.95
95.95
95.95
95.95
96.80
96.80
96.80
96.80
96.80
96.80
96.80
97.94
97.94
97.94
97.94
97.94
97.94
97.94
97.94
97.94
97.94
97.94
98.07
98.07
98.07
98.07
98.07
98.07
98.07
98.07
98.15
98.15
98.15
98.15
98.15
98.15
98.15
97.47
97.47
97.47
97.47
97.47
97.47
97.47
96.75
96.75
96.75
96.75
96.75
96.75
96.75
96.75
96.75
96.75
96.75
96.75
94.19
94.19
94.19
94.19
94.19
94.19
94.19
94.19
87.32
87.32
87.32
87.32
87.32
87.32
87.32
87.32
89.29
89.29
89.29
89.29
89.29
89.29
89.29
89.29
89.29
92.09
92.09
92.09
92.09
92.09
92.09
92.09
92.09
92.09
91.49
91.49
91.49
91.49
91.49
91.49
91.49
91.49
94.72
94.72
94.72
94.72
97.19
97.19
97.19
97.19
97.19
97.19
97.19
97.19
97.19
97.19
97.19
97.39
97.39
97.39
97.39
97.39
97.39
97.39
97.39
97.93
97.93
97.93
97.93
97.93
97.93
97.49
97.49
97.49
97.49
97.49
97.49
97.49
97.49
97.49
97.03
97.03
97.03
97.03
97.03
97.03
95.25
95.25
95.25
95.25
95.25
95.25
95.25
95.25
95.25
95.25
95.25
94.45
94.45
94.45
94.45
94.45
94.45
94.45
94.45
94.45
94.45
94.45
95.39
95.39
95.39
95.39
95.39
95.39
95.39
95.86
95.86
95.86
95.86
95.86
95.86
96.89
96.89
96.89
96.89
96.89
96.89
96.17
96.17
96.17
96.17
95.84
95.84
95.84
95.84
95.84
95.84
95.84
95.84
95.84
95.84
95.84
95.84
95.84
95.80
95.80
95.80
95.80
95.80
95.80
92.59
92.59
92.59
92.59
92.59
92.59
92.59
92.59
92.59
92.59
92.59
90.24
90.24
90.24
90.24
90.24
90.24
81.69
81.69
81.69
81.69
81.69
81.69
81.69
81.69
81.69
81.69
81.69
81.69
