98.66
98.66
98.66
98.66
98.66
98.66
98.66
98.66
98.41
98.41
98.41
98.41
98.41
98.01
98.01
98.01
98.01
98.01
96.96
96.96
96.96
96.96
96.96
96.96
96.48
96.48
96.48
96.48
96.48
96.48
96.48
96.48
97.47
97.47
97.47
97.47
97.47
97.47
97.47
97.47
97.20
97.20
97.20
97.20
97.20
97.20
97.74
97.74
97.74
97.74
97.74
97.74
97.74
97.74
98.09
98.09
98.09
98.09
98.09
98.09
98.09
98.09
95.91
95.91
95.91
95.91
95.91
95.91
95.91
95.91
95.74
95.74
95.74
95.74
95.74
94.61
94.61
94.61
94.61
94.61
94.61
94.61
94.61
94.61
95.73
95.73
95.73
95.73
95.73
95.73
97.47
97.47
97.47
97.47
97.47
96.59
96.59
96.59
96.59
96.59
96.59
96.59
97.62
97.62
97.62
97.62
97.62
97.62
97.62
97.62
97.86
97.86
97.86
97.86
97.86
97.86
97.86
97.86
97.86
97.86
97.86
98.18
98.18
98.18
98.18
98.18
98.18
98.18
98.37
98.37
98.37
98.37
98.37
98.37
98.37
98.37
98.37
98.37
98.37
98.37
98.60
98.60
98.60
98.60
98.60
98.60
98.60
