97.89
97.89
97.89
97.89
97.89
97.89
97.89
98.34
98.34
98.34
98.34
98.34
98.34
98.34
98.34
97.96
97.96
97.96
97.96
97.96
97.96
97.96
97.96
98.27
98.27
98.27
98.27
98.27
98.27
98.27
98.27
97.94
97.94
97.94
97.94
97.94
97.94
97.94
98.03
98.03
98.03
98.03
98.03
97.34
97.34
97.34
97.34
97.34
97.34
97.95
97.95
97.95
97.95
97.95
97.95
97.95
97.13
97.13
97.13
97.13
97.16
97.16
97.16
97.16
97.16
97.16
97.16
97.16
96.09
96.09
96.09
96.09
96.09
96.09
95.74
95.74
95.74
95.74
95.74
95.74
95.74
95.74
95.10
95.10
95.10
95.10
95.10
95.10
95.10
94.39
94.39
94.39
94.39
94.39
94.39
93.16
93.16
93.16
93.16
93.16
93.16
93.16
93.16
93.16
93.16
93.16
93.16
92.22
92.22
92.22
92.22
92.22
92.22
90.53
90.53
90.53
90.53
88.50
88.50
88.50
88.50
88.50
88.50
86.84
86.84
86.84
86.84
86.84
86.84
86.84
86.84
86.84
82.57
82.57
82.57
82.57
82.57
82.57
82.57
77.76
77.76
77.76
77.76
77.76
77.76
77.76
77.76
77.76
77.76
77.76
75.98
75.98
75.98
75.98
69.89
69.89
69.89
69.89
69.89
71.40
71.40
71.40
71.40
71.40
79.11
79.11
79.11
79.11
84.67
84.67
84.67
84.67
84.67
84.67
84.67
86.67
86.67
86.67
86.67
86.67
86.67
86.67
86.67
86.67
88.40
88.40
88.40
88.40
88.40
88.40
88.40
88.40
88.40
88.40
88.40
88.40
