95.77
95.77
95.77
95.77
95.77
95.77
95.77
95.77
96.74
96.74
96.74
96.74
96.74
96.74
97.21
97.21
97.21
97.21
97.21
97.21
97.21
97.12
97.12
97.12
97.12
97.12
97.12
97.12
97.12
97.12
96.38
96.38
96.38
96.38
96.38
93.36
93.36
93.36
93.36
93.36
93.36
93.36
93.36
93.36
93.36
93.36
91.19
91.19
91.19
91.19
91.19
91.19
92.87
92.87
92.87
92.87
92.87
92.87
92.87
92.87
92.87
94.24
94.24
94.24
94.24
94.24
94.24
94.24
94.24
94.24
94.24
94.24
94.24
90.24
90.24
90.24
90.24
90.24
90.24
90.24
89.87
89.87
89.87
89.87
89.87
89.87
89.87
94.82
94.82
94.82
94.82
94.82
94.82
94.82
94.82
94.33
94.33
94.33
94.33
92.31
92.31
92.31
92.31
92.31
92.31
92.31
92.31
92.31
92.31
92.31
92.76
92.76
92.76
92.76
92.76
92.76
92.76
92.76
92.76
92.76
92.76
90.93
90.93
90.93
90.93
90.93
92.83
92.83
92.83
92.83
92.83
92.83
92.83
88.89
88.89
88.89
88.89
88.89
88.89
88.89
88.89
88.89
88.89
88.89
87.66
87.66
87.66
87.66
87.66
87.66
87.66
87.66
80.79
80.79
80.79
80.79
80.79
80.79
80.79
80.79
73.84
73.84
73.84
73.84
73.84
73.84
73.84
73.84
73.84
73.84
73.84
80.25
80.25
80.25
80.25
80.25
80.25
80.25
80.25
80.25
83.92
83.92
83.92
83.92
83.92
83.92
83.92
90.63
90.63
90.63
90.63
90.63
90.63
90.63
91.39
91.39
91.39
91.39
91.39
90.43
90.43
90.43
90.43
90.43
90.43
90.43
91.92
91.92
91.92
91.92
91.90
91.90
91.90
91.90
91.90
91.90
91.90
96.93
96.93
96.93
96.93
96.93
96.93
96.93
96.93
95.22
95.22
95.22
95.22
95.22
95.22
95.22
95.22
95.22
97.58
97.58
97.58
97.58
97.58
97.58
97.73
97.73
97.73
97.73
97.73
97.73
97.73
97.03
97.03
97.03
97.03
97.03
97.03
97.03
97.03
