98.83
98.83
98.83
98.83
98.83
98.83
98.83
98.83
98.83
98.83
98.83
98.83
98.74
98.74
98.74
98.74
98.74
98.74
98.74
98.74
98.56
98.56
98.56
98.56
98.56
97.75
97.75
97.75
97.75
97.75
97.75
97.75
94.92
94.92
94.92
94.92
95.59
95.59
95.59
95.59
95.59
95.59
95.59
95.59
98.11
98.11
98.11
98.11
98.11
98.11
98.11
98.11
98.11
98.69
98.69
98.69
98.69
98.69
98.69
98.69
98.69
98.69
98.69
98.78
98.78
98.78
98.78
98.78
98.78
98.78
98.78
98.78
98.78
98.78
98.78
98.78
98.78
98.78
98.78
98.78
98.70
98.70
98.70
98.70
98.70
98.70
98.70
98.70
98.13
98.13
98.13
98.13
98.13
94.51
94.51
94.51
94.51
94.51
94.51
94.51
94.51
94.51
94.51
94.51
92.29
92.29
92.29
92.29
92.29
92.29
89.55
89.55
89.55
89.55
87.13
87.13
87.13
87.13
87.13
94.40
94.40
94.40
94.40
94.40
94.40
94.40
94.40
97.69
97.69
97.69
97.69
97.69
97.69
97.69
97.69
97.69
97.69
97.69
97.69
98.04
98.04
98.04
98.04
98.04
98.04
98.04
98.04
98.04
98.67
98.67
98.67
98.67
98.67
98.67
98.67
98.67
98.65
98.65
98.65
98.65
98.65
98.65
98.65
98.65
98.65
98.67
98.67
98.67
98.67
98.67
98.67
98.67
98.67
98.34
98.34
98.34
98.34
98.34
98.34
98.34
98.34
98.34
98.34
97.28
97.28
97.28
97.28
97.28
97.28
97.28
97.28
97.51
97.51
97.51
97.51
97.49
97.49
97.49
97.49
97.49
97.49
97.49
96.67
96.67
96.67
96.67
96.67
96.67
96.67
97.70
97.70
97.70
97.70
97.70
97.70
97.70
93.36
93.36
93.36
93.36
93.36
93.36
93.36
93.36
