98.82
98.82
98.82
98.82
98.82
98.82
98.82
98.82
98.82
98.84
98.84
98.84
98.84
98.84
98.84
98.84
98.84
98.86
98.86
98.86
98.86
98.86
98.86
98.86
98.86
98.86
98.79
98.79
98.79
98.79
98.79
98.79
98.79
98.79
98.79
98.79
98.79
98.79
98.79
98.79
98.84
98.84
98.84
98.84
98.84
98.84
98.84
98.82
98.82
98.82
98.82
98.82
98.82
98.82
98.82
98.84
98.84
98.84
98.84
98.84
98.70
98.70
98.70
98.70
98.41
98.41
98.41
98.41
98.41
98.41
98.41
98.41
97.66
97.66
97.66
97.66
97.66
97.66
97.66
97.66
97.60
97.60
97.60
97.60
97.60
95.58
95.58
95.58
95.58
91.47
91.47
91.47
91.47
91.47
91.47
83.95
83.95
83.95
83.95
86.11
86.11
86.11
86.11
86.11
86.11
86.11
86.11
88.31
88.31
88.31
88.31
88.31
88.31
88.31
95.22
95.22
95.22
95.22
95.22
95.22
95.22
97.64
97.64
97.64
97.64
97.64
97.64
97.64
97.64
98.63
98.63
98.63
98.63
98.63
98.63
98.63
98.63
98.49
98.49
98.49
98.49
98.80
98.80
98.80
98.80
98.80
98.80
98.71
98.71
98.71
98.71
98.71
98.71
98.71
98.71
98.45
98.45
98.45
98.45
98.45
98.45
98.45
98.45
98.45
98.45
98.51
98.51
98.51
98.51
98.51
98.46
98.46
98.46
98.46
98.46
98.46
98.46
98.46
98.46
98.46
98.59
98.59
98.59
98.59
98.59
98.59
98.59
98.59
98.59
98.59
98.59
98.59
98.42
98.42
98.42
98.42
98.42
98.42
98.42
98.42
98.42
98.65
98.65
98.65
98.65
98.65
98.65
98.65
98.65
98.78
98.78
98.78
98.78
98.78
98.78
98.78
98.78
98.78
98.78
98.78
98.57
98.57
98.57
98.57
98.57
98.57
98.57
98.53
98.53
98.53
98.53
98.53
98.53
98.53
98.53
98.53
98.42
98.42
98.42
98.42
98.41
98.41
98.41
98.41
98.41
98.41
98.41
98.41
98.41
98.30
98.30
98.30
98.30
98.57
98.57
98.57
98.57
98.57
98.57
98.57
98.57
98.75
98.75
98.75
98.75
98.75
98.75
98.75
98.75
98.75
98.75
98.75
98.49
98.49
98.49
98.49
98.49
98.49
98.49
98.49
98.64
98.64
98.64
98.64
98.64
98.64
98.63
98.63
98.63
98.63
98.63
98.63
98.63
98.63
98.63
98.70
98.70
98.70
98.70
98.70
98.70
98.70
98.70
98.83
98.83
98.83
98.83
98.83
98.83
98.83
98.83
98.83
98.81
98.81
98.81
98.81
98.81
98.81
98.81
98.81
98.81
98.81
98.81
98.76
98.76
98.76
98.76
98.76
98.76
98.76
98.76
98.74
98.74
98.74
98.74
98.74
98.74
98.74
98.74
98.79
98.79
98.79
98.79
98.79
98.79
98.79
98.79
98.79
98.79
98.79
98.79
98.67
98.67
98.67
98.67
98.67
98.67
98.67
98.67
98.67
98.67
98.67
98.67
98.67
98.67
98.47
98.47
98.47
98.47
98.47
98.47
98.47
98.47
98.47
98.47
98.47
98.28
98.28
98.28
98.28
98.28
98.28
98.28
98.28
97.94
97.94
97.94
97.94
97.94
97.94
97.94
97.94
97.94
97.94
97.94
97.94
