98.72
98.72
98.72
98.72
98.72
98.72
98.72
98.72
98.72
98.88
98.88
98.88
98.88
98.88
98.88
98.88
98.84
98.84
98.84
98.84
98.84
98.84
98.84
98.84
98.66
98.66
98.66
98.66
98.66
98.66
98.67
98.67
98.67
98.67
98.67
98.67
98.67
98.67
98.67
98.83
98.83
98.83
98.83
98.83
98.83
98.83
98.83
98.85
98.85
98.85
98.85
98.85
98.85
98.85
98.85
98.71
98.71
98.71
98.71
98.71
98.71
98.71
98.71
98.71
98.74
98.74
98.74
98.74
98.74
98.74
98.74
98.74
98.79
98.79
98.79
98.79
98.79
98.79
98.79
98.63
98.63
98.63
98.63
98.65
98.65
98.65
98.65
98.65
98.65
98.65
98.65
98.29
98.29
98.29
98.29
98.29
98.29
98.29
98.59
98.59
98.59
98.59
98.59
98.59
98.59
98.59
98.59
98.85
98.85
98.85
98.85
98.85
98.85
98.85
98.92
98.92
98.92
98.92
98.92
98.92
98.92
98.92
98.92
98.94
98.94
98.94
98.94
98.94
98.94
98.94
98.94
98.94
98.94
98.94
98.94
98.94
98.94
98.94
98.94
98.94
98.94
98.94
98.71
98.71
98.71
98.71
98.71
98.71
98.71
98.71
98.71
98.71
96.97
96.97
96.97
96.97
96.97
96.97
96.66
96.66
96.66
96.66
96.66
96.66
96.66
96.66
94.47
94.47
94.47
94.47
94.47
94.47
94.47
96.33
96.33
96.33
96.33
96.33
96.45
96.45
96.45
96.45
96.45
96.45
96.45
96.45
96.45
96.45
96.45
98.26
98.26
98.26
98.26
98.26
98.26
98.26
98.26
98.26
98.26
97.83
97.83
97.83
97.83
97.83
97.83
97.83
97.83
97.06
97.06
97.06
97.06
97.06
97.06
97.06
97.06
96.84
96.84
96.84
96.84
96.84
96.84
96.84
96.84
96.84
94.02
94.02
94.02
94.02
94.02
94.02
94.02
92.41
92.41
92.41
92.41
92.41
92.41
92.41
90.25
90.25
90.25
90.25
90.25
90.25
90.25
90.25
91.61
91.61
91.61
91.61
94.39
94.39
94.39
94.39
94.39
94.39
94.39
94.39
94.39
92.44
92.44
92.44
92.44
92.44
92.44
92.44
92.44
92.44
90.88
90.88
90.88
90.88
90.88
90.88
90.88
90.88
93.11
93.11
93.11
93.11
93.11
94.50
94.50
94.50
94.50
94.50
94.50
94.50
94.50
94.50
93.83
93.83
93.83
93.83
93.83
93.83
93.83
93.83
93.83
94.65
94.65
94.65
94.65
94.65
94.65
94.65
94.65
94.65
94.65
94.65
95.65
95.65
95.65
95.65
94.65
94.65
94.65
94.65
94.65
94.65
94.65
94.65
96.39
96.39
96.39
96.39
96.39
96.39
96.39
96.39
96.39
96.39
96.04
96.04
96.04
96.04
97.47
97.47
97.47
97.47
96.76
96.76
96.76
96.76
96.76
96.76
96.76
96.76
98.27
98.27
98.27
98.27
98.27
98.27
98.27
98.27
98.27
98.79
98.79
98.79
98.79
98.79
98.79
98.79
98.75
98.75
98.75
98.75
98.75
98.75
98.75
98.74
98.74
98.74
98.74
98.74
98.74
98.74
98.74
98.73
98.73
98.73
98.73
98.73
98.73
98.73
98.73
98.73
98.84
98.84
98.84
98.84
98.84
98.84
98.84
98.88
98.88
98.88
98.88
98.88
98.88
98.88
98.88
98.88
98.88
98.88
98.75
98.75
98.75
98.75
98.75
98.75
98.75
98.75
98.75
98.68
98.68
98.68
98.68
98.68
98.68
98.51
98.51
98.51
98.51
98.51
98.77
98.77
98.77
98.77
98.77
98.89
98.89
98.89
98.89
98.89
98.89
98.86
98.86
98.86
98.86
98.86
98.86
98.86
98.86
98.77
98.77
98.77
98.77
98.77
98.77
98.77
