98.71
98.71
98.71
98.71
98.71
98.71
98.91
98.91
98.91
98.91
98.91
98.91
98.91
98.91
98.91
98.91
98.91
98.91
98.91
98.91
98.91
98.90
98.90
98.90
98.90
98.90
98.90
98.90
98.90
98.89
98.89
98.89
98.89
98.89
98.89
98.89
98.85
98.85
98.85
98.85
98.85
98.85
98.85
98.85
98.85
98.85
98.85
98.50
98.50
98.50
98.50
98.54
98.54
98.54
98.54
98.54
98.54
98.54
98.54
98.51
98.51
98.51
98.51
98.51
98.51
98.51
98.01
98.01
98.01
98.01
98.01
98.01
98.01
98.01
98.01
96.91
96.91
96.91
96.91
96.91
96.91
96.91
96.91
96.91
95.65
95.65
95.65
95.65
95.65
95.65
95.65
93.77
93.77
93.77
93.77
93.77
93.77
93.77
93.77
94.75
94.75
94.75
94.75
94.75
94.75
94.75
94.75
94.75
95.17
95.17
95.17
95.17
95.17
95.17
95.17
94.85
94.85
94.85
94.85
94.85
94.85
94.85
94.85
91.45
91.45
91.45
91.45
91.45
91.45
91.45
91.45
91.45
89.82
89.82
89.82
89.82
89.82
89.82
91.27
91.27
91.27
91.27
91.27
89.17
89.17
89.17
89.17
89.17
89.17
89.17
94.08
94.08
94.08
94.08
94.08
94.08
94.08
94.89
94.89
94.89
94.89
94.89
94.89
94.89
94.89
94.89
96.24
96.24
96.24
96.24
96.24
96.24
96.24
96.24
97.44
97.44
97.44
97.44
97.44
97.44
97.44
97.44
97.85
97.85
97.85
97.85
97.85
97.85
97.85
97.85
97.85
98.70
98.70
98.70
98.70
98.70
98.70
98.70
98.70
98.51
98.51
98.51
98.51
98.51
98.51
98.51
98.51
98.51
98.51
98.76
98.76
98.76
98.76
98.76
98.76
98.76
98.76
98.53
98.53
98.53
98.53
98.53
98.53
98.53
98.72
98.72
98.72
98.72
98.72
98.72
98.72
98.72
98.72
98.80
98.80
98.80
98.80
98.80
98.80
98.80
98.80
98.83
98.83
98.83
98.83
98.83
98.83
98.83
98.83
98.83
98.83
98.83
98.83
98.87
98.87
98.87
98.87
98.87
98.87
98.87
98.75
98.75
98.75
98.75
98.75
98.75
98.75
98.75
98.77
98.77
98.77
98.77
98.77
98.77
98.60
98.60
98.60
98.60
98.60
98.60
98.60
98.60
98.60
98.46
98.46
98.46
98.46
98.46
98.46
98.46
98.01
98.01
98.01
98.01
98.01
98.01
98.01
95.02
95.02
95.02
95.02
95.02
95.02
95.02
95.02
95.02
94.75
94.75
94.75
94.75
94.75
96.66
96.66
96.66
96.66
96.66
96.66
96.66
96.66
