95.94
95.94
95.94
95.94
95.94
95.94
95.94
95.94
95.94
96.45
96.45
96.45
96.45
96.45
96.45
97.78
97.78
97.78
97.78
97.78
97.78
97.78
97.78
97.78
97.78
97.78
98.33
98.33
98.33
98.33
98.33
98.33
98.33
98.33
97.88
97.88
97.88
97.88
97.88
97.70
97.70
97.70
97.70
97.70
97.70
97.70
97.70
97.59
97.59
97.59
97.59
97.59
97.59
97.59
96.81
96.81
96.81
96.81
96.81
96.81
96.81
95.67
95.67
95.67
95.67
95.67
95.67
95.67
95.67
95.67
92.47
92.47
92.47
92.47
92.47
92.47
92.47
92.47
92.21
92.21
92.21
92.21
92.21
92.21
89.50
89.50
89.50
89.50
89.50
89.50
89.50
89.69
89.69
89.69
89.69
89.69
89.69
89.69
89.69
89.69
89.69
89.69
89.69
88.60
88.60
88.60
88.60
88.60
88.60
88.60
91.01
91.01
91.01
91.01
93.32
93.32
93.32
93.32
93.32
93.32
93.32
94.91
94.91
94.91
94.91
94.91
94.91
94.91
95.54
95.54
95.54
95.54
95.90
95.90
95.90
95.90
95.90
95.90
95.90
95.90
96.95
96.95
96.95
96.95
96.95
96.95
96.95
96.95
95.12
95.12
95.12
95.12
95.12
95.12
95.12
95.12
96.25
96.25
96.25
96.25
96.25
96.25
96.25
96.25
96.25
97.26
97.26
97.26
97.26
97.26
97.26
97.26
97.26
97.03
97.03
97.03
97.03
97.03
97.03
97.03
97.03
97.03
97.20
97.20
97.20
97.20
97.20
97.20
97.20
97.20
97.12
97.12
97.12
97.12
97.12
97.12
96.99
96.99
96.99
96.99
96.99
96.99
96.99
95.58
95.58
95.58
95.58
95.58
95.58
95.58
95.58
94.01
94.01
94.01
94.01
94.01
94.01
94.01
94.01
95.79
95.79
95.79
95.79
96.35
96.35
96.35
96.35
96.35
96.35
96.35
96.35
96.35
96.35
96.35
96.35
95.67
95.67
95.67
95.67
95.67
95.67
