70.42
70.42
70.42
70.42
70.42
70.42
70.42
70.42
90.84
90.84
90.84
90.84
90.84
90.84
90.84
90.84
96.90
96.90
96.90
96.90
96.90
96.90
96.90
98.16
98.16
98.16
98.16
98.16
98.16
98.16
98.53
98.53
98.53
98.53
98.53
98.77
98.77
98.77
98.77
98.77
98.77
98.77
98.86
98.86
98.86
98.86
98.86
98.86
98.86
98.91
98.91
98.91
98.91
98.91
98.91
98.91
98.91
98.91
98.91
98.91
98.91
98.80
98.80
98.80
98.80
98.80
98.80
98.80
98.80
98.80
98.80
98.80
98.45
98.45
98.45
98.45
98.45
98.45
98.45
98.45
98.45
98.45
98.45
98.45
97.80
97.80
97.80
97.80
97.80
97.80
97.80
97.80
95.86
95.86
95.86
95.86
95.86
95.86
96.28
96.28
96.28
96.28
96.28
96.28
96.28
96.28
96.28
96.28
96.28
95.82
95.82
95.82
95.82
95.82
95.82
95.82
97.36
97.36
97.36
97.36
97.36
97.36
97.36
96.58
96.58
96.58
96.58
96.58
96.58
96.58
96.58
96.58
96.72
96.72
96.72
96.72
96.72
96.72
96.72
96.72
98.29
98.29
98.29
98.29
98.29
98.29
98.29
98.69
98.69
98.69
98.69
98.69
98.69
98.69
98.69
98.69
98.69
98.69
98.39
98.39
98.39
98.39
98.39
98.39
98.39
98.39
98.39
98.17
98.17
98.17
98.17
98.17
98.17
98.17
98.17
98.45
98.45
98.45
98.45
98.63
98.63
98.63
98.63
98.63
98.63
98.63
98.63
98.63
98.63
98.63
