84.75
84.75
84.75
84.75
84.75
84.75
81.35
81.35
81.35
81.35
81.35
81.35
81.35
81.35
81.35
79.39
79.39
79.39
79.39
79.39
79.39
79.39
79.39
79.10
79.10
79.10
79.10
79.10
79.10
79.10
79.10
80.98
80.98
80.98
80.98
80.98
80.98
80.98
80.98
80.37
80.37
80.37
80.37
80.37
80.37
77.77
77.77
77.77
77.77
77.77
77.77
77.77
77.77
77.77
77.77
77.77
77.77
77.77
77.77
67.01
67.01
67.01
67.01
67.01
67.01
67.01
60.77
60.77
60.77
60.77
60.77
60.77
60.77
60.77
58.48
58.48
58.48
58.48
58.48
58.48
58.48
58.48
61.33
61.33
61.33
61.33
61.33
61.33
61.33
61.33
61.33
64.26
64.26
64.26
64.26
64.26
64.26
64.26
64.26
64.26
81.82
81.82
81.82
81.82
81.82
81.82
81.82
81.82
87.22
87.22
87.22
87.22
87.22
87.22
87.22
87.22
81.38
81.38
81.38
81.38
81.38
81.38
81.38
81.38
83.72
83.72
83.72
83.72
83.72
83.72
83.72
87.99
87.99
87.99
87.99
87.99
87.99
87.99
87.99
89.75
89.75
89.75
89.75
89.75
89.75
89.75
89.75
86.68
86.68
86.68
86.68
86.68
86.68
86.68
86.68
86.68
85.95
85.95
85.95
85.95
85.95
85.95
85.95
85.95
85.95
