61.36
61.36
61.36
61.36
61.36
61.36
61.36
61.36
85.95
85.95
85.95
85.95
85.95
85.95
85.95
85.95
92.76
92.76
92.76
92.76
92.76
92.76
92.76
97.10
97.10
97.10
97.10
97.10
97.10
97.10
97.10
97.10
97.99
97.99
97.99
97.99
97.99
97.99
97.99
97.99
97.99
97.99
97.99
97.99
97.83
97.83
97.83
97.83
97.83
97.83
97.83
97.83
98.40
98.40
98.40
98.40
98.40
98.40
98.40
98.40
98.40
98.69
98.69
98.69
98.69
98.69
98.69
98.69
98.69
98.69
98.51
98.51
98.51
98.51
98.51
98.51
98.51
98.51
98.51
98.51
98.51
98.84
98.84
98.84
98.84
98.84
98.84
98.84
98.84
98.78
98.78
98.78
98.78
98.78
98.78
98.78
98.78
98.74
98.74
98.74
98.74
98.74
98.74
98.74
98.74
98.74
98.74
98.74
98.74
98.67
98.67
98.67
98.67
98.67
98.67
98.67
98.67
98.78
98.78
98.78
98.78
98.78
98.67
98.67
98.67
98.67
98.61
98.61
98.61
98.61
98.61
98.61
98.61
98.61
98.61
98.61
98.61
98.69
98.69
98.69
98.69
98.69
98.69
98.69
98.63
98.63
98.63
98.63
98.63
98.63
98.63
98.63
98.08
98.08
98.08
98.08
97.24
97.24
97.24
97.24
97.24
97.24
97.24
97.24
98.39
98.39
98.39
98.39
98.47
98.47
98.47
98.47
98.47
98.47
98.76
98.76
98.76
98.76
98.76
98.76
98.76
98.76
98.57
98.57
98.57
98.57
98.57
98.57
98.57
98.57
98.56
98.56
98.56
98.56
98.56
98.52
98.52
98.52
98.52
98.52
98.52
98.52
98.52
98.52
98.33
98.33
98.33
98.33
98.33
98.33
98.33
98.33
98.07
98.07
98.07
98.07
98.07
98.07
98.07
98.07
98.07
97.89
97.89
97.89
97.89
97.89
97.89
97.89
97.38
97.38
97.38
97.38
97.38
97.38
97.38
97.38
94.84
94.84
94.84
94.84
94.84
94.84
94.84
94.84
94.84
96.37
96.37
96.37
96.37
96.37
96.37
95.89
95.89
95.89
95.89
95.89
95.89
95.89
95.89
95.89
95.89
95.89
95.89
94.67
94.67
94.67
94.67
94.67
94.67
94.67
94.67
94.67
96.02
96.02
96.02
96.02
96.02
96.02
96.02
96.02
96.02
96.02
96.02
97.39
97.39
97.39
97.39
97.39
97.39
97.39
97.39
97.39
98.15
98.15
98.15
98.15
98.15
98.15
98.15
98.15
98.15
98.15
97.40
97.40
97.40
97.40
97.40
97.40
97.40
97.40
97.40
97.79
97.79
97.79
97.79
97.79
97.79
97.79
97.79
98.16
98.16
98.16
98.16
98.16
98.16
98.75
98.75
98.75
98.75
98.75
98.75
98.75
98.75
98.76
98.76
98.76
98.76
98.76
98.76
98.76
