96.68
96.68
96.68
96.68
96.68
96.68
96.68
96.68
96.68
96.68
96.68
97.72
97.72
97.72
97.72
97.72
97.72
97.72
97.72
98.25
98.25
98.25
98.25
98.25
98.25
98.25
98.25
98.25
98.25
98.25
98.25
98.54
98.54
98.54
98.54
98.62
98.62
98.62
98.62
98.62
98.62
98.62
98.62
98.61
98.61
98.61
98.61
98.61
98.61
98.61
98.61
97.53
97.53
97.53
97.53
97.53
97.53
97.53
97.53
98.67
98.67
98.67
98.67
98.67
98.67
98.67
98.67
98.67
98.65
98.65
98.65
98.65
98.65
98.65
98.65
98.64
98.64
98.64
98.64
98.64
98.64
98.64
98.64
98.64
98.64
98.64
98.64
98.64
98.64
98.84
98.84
98.84
98.84
98.84
98.84
98.84
98.84
98.60
98.60
98.60
98.60
98.60
97.36
97.36
97.36
97.36
97.36
97.36
97.36
97.36
97.36
97.36
97.36
97.36
97.36
97.36
97.54
97.54
97.54
97.54
97.54
97.54
97.54
97.54
98.63
98.63
98.63
98.63
98.63
98.63
98.63
98.63
98.67
98.67
98.67
98.67
98.67
98.67
98.67
98.67
97.95
97.95
97.95
97.95
97.95
97.95
97.95
97.95
97.95
97.71
97.71
97.71
97.71
98.25
98.25
98.25
98.25
98.25
98.25
98.25
98.25
98.25
98.25
98.29
98.29
98.29
98.29
98.29
98.29
98.29
98.29
98.29
98.07
98.07
98.07
98.07
98.07
98.07
97.48
97.48
97.48
97.48
97.48
97.82
97.82
97.82
97.82
97.82
97.82
97.82
97.82
97.82
97.82
97.82
97.03
97.03
97.03
97.03
97.03
95.50
95.50
95.50
95.50
93.57
93.57
93.57
93.57
93.57
93.57
93.57
95.24
95.24
95.24
95.24
95.24
95.24
95.24
95.24
95.24
95.24
95.24
95.24
95.74
95.74
95.74
95.74
95.74
93.85
93.85
93.85
93.85
93.85
93.85
93.85
