94.65
94.65
94.65
94.65
94.65
94.65
94.65
94.65
92.19
92.19
92.19
92.19
92.19
92.19
92.19
92.19
92.19
95.19
95.19
95.19
95.19
95.19
95.19
95.19
95.96
95.96
95.96
95.96
95.96
95.96
95.96
95.96
95.03
95.03
95.03
95.03
95.02
95.02
95.02
95.02
95.02
95.02
95.02
95.02
95.02
95.02
95.02
92.19
92.19
92.19
92.19
92.19
92.19
92.19
92.19
92.19
90.77
90.77
90.77
90.77
90.77
90.77
90.77
82.87
82.87
82.87
82.87
82.87
82.87
82.87
82.87
82.87
82.87
75.24
75.24
75.24
75.24
75.24
75.24
68.06
68.06
68.06
68.06
68.06
68.06
68.06
62.57
62.57
62.57
62.57
62.57
62.57
62.57
62.57
54.78
54.78
54.78
54.78
55.66
55.66
55.66
55.66
55.66
55.66
57.43
57.43
57.43
57.43
57.43
57.43
55.29
55.29
55.29
55.29
55.29
55.29
63.92
63.92
63.92
63.92
63.92
63.92
63.92
63.92
73.23
73.23
73.23
73.23
84.88
84.88
84.88
84.88
84.88
92.00
92.00
92.00
92.00
92.00
92.00
94.55
94.55
94.55
94.55
94.55
94.55
94.55
96.16
96.16
96.16
96.16
96.16
96.16
96.16
96.16
94.35
94.35
94.35
94.35
93.90
93.90
93.90
93.90
96.23
96.23
96.23
96.23
96.23
96.23
96.23
96.23
97.16
97.16
97.16
97.16
97.16
97.16
94.87
94.87
94.87
94.87
94.87
94.87
94.87
94.87
94.15
94.15
94.15
94.15
94.15
94.15
94.15
94.15
91.34
91.34
91.34
91.34
91.34
91.34
87.19
87.19
87.19
87.19
85.12
85.12
85.12
85.12
86.85
86.85
86.85
86.85
86.85
86.85
