98.80
98.80
98.80
98.80
98.80
98.80
98.80
98.80
98.51
98.51
98.51
98.51
98.51
98.51
98.51
98.51
98.51
98.44
98.44
98.44
98.44
98.44
98.37
98.37
98.37
98.37
98.37
98.37
97.93
97.93
97.93
97.93
97.93
97.93
97.93
97.00
97.00
97.00
97.00
97.00
97.00
97.00
96.93
96.93
96.93
96.93
96.93
96.46
96.46
96.46
96.46
96.46
96.46
96.46
96.46
97.71
97.71
97.71
97.71
97.71
97.71
97.71
97.71
97.71
98.32
98.32
98.32
98.32
98.32
98.32
98.32
98.32
98.77
98.77
98.77
98.77
98.77
98.77
98.77
98.77
98.56
98.56
98.56
98.56
98.56
98.56
98.56
98.56
98.38
98.38
98.38
98.38
98.38
98.38
98.38
98.38
97.53
97.53
97.53
97.53
97.53
97.53
97.53
97.53
97.53
93.56
93.56
93.56
93.56
93.56
89.36
89.36
89.36
89.36
89.36
91.63
91.63
91.63
91.63
91.63
91.63
91.63
91.63
87.19
87.19
87.19
87.19
87.19
87.19
87.19
88.98
88.98
88.98
88.98
88.54
88.54
88.54
88.54
88.54
88.54
88.54
88.54
93.14
93.14
93.14
93.14
93.14
93.14
93.14
94.19
94.19
94.19
94.19
94.19
94.19
94.19
94.19
94.19
95.68
95.68
95.68
95.68
95.44
95.44
95.44
95.44
95.44
95.44
96.30
96.30
96.30
96.30
96.30
96.30
96.30
97.16
97.16
97.16
97.16
97.16
97.16
97.16
95.75
95.75
95.75
95.75
95.75
95.75
95.75
95.75
95.28
95.28
95.28
95.28
95.38
95.38
95.38
95.38
95.38
95.38
95.38
95.38
94.61
94.61
94.61
94.61
94.61
94.61
94.61
94.61
95.73
95.73
95.73
95.73
95.73
95.73
95.73
95.73
95.73
95.73
95.73
95.73
95.29
95.29
95.29
95.29
95.29
95.29
95.29
95.29
95.79
95.79
95.79
95.79
95.79
95.79
95.79
95.79
95.79
95.79
95.79
97.09
97.09
97.09
97.09
97.09
97.09
97.09
97.09
98.28
98.28
98.28
98.28
98.28
98.28
98.28
