95.97
95.97
95.97
95.97
95.97
95.97
97.53
97.53
97.53
97.53
97.53
97.53
97.53
97.53
97.60
97.60
97.60
97.60
97.60
97.60
97.60
97.60
96.86
96.86
96.86
96.86
96.86
96.86
96.86
97.22
97.22
97.22
97.22
97.22
97.22
97.22
96.65
96.65
96.65
96.65
96.65
96.65
96.65
96.65
96.65
96.77
96.77
96.77
96.77
96.77
96.77
96.77
96.77
96.77
96.77
96.77
96.77
97.08
97.08
97.08
97.08
97.08
97.08
97.08
94.47
94.47
94.47
94.47
94.47
91.75
91.75
91.75
91.75
91.75
91.75
91.75
91.75
93.12
93.12
93.12
93.12
93.12
93.12
93.12
93.12
92.52
92.52
92.52
92.52
95.98
95.98
95.98
95.98
95.98
95.98
95.98
96.27
96.27
96.27
96.27
96.27
96.27
95.19
95.19
95.19
95.19
95.19
95.19
95.19
95.19
95.19
94.99
94.99
94.99
94.99
94.99
94.99
94.99
96.10
96.10
96.10
96.10
96.10
97.15
97.15
97.15
97.15
97.15
97.15
97.15
97.15
97.85
97.85
97.85
97.85
97.85
97.85
97.85
97.85
97.45
97.45
97.45
97.45
97.45
97.45
97.45
97.45
97.45
97.43
97.43
97.43
97.43
97.43
97.43
97.43
97.43
95.58
95.58
95.58
95.58
95.28
95.28
95.28
95.28
95.87
95.87
95.87
95.87
95.87
95.96
95.96
95.96
95.96
95.96
95.96
95.96
95.96
95.30
95.30
95.30
95.30
96.03
96.03
96.03
96.03
96.03
96.03
96.03
96.03
96.03
97.00
97.00
97.00
97.00
97.00
97.00
97.00
97.71
97.71
97.71
97.71
97.71
97.71
97.71
97.71
97.71
97.52
97.52
97.52
97.52
97.52
97.52
97.52
96.98
96.98
96.98
96.98
96.98
96.98
96.98
95.67
95.67
95.67
95.67
95.67
95.67
94.39
94.39
94.39
94.39
94.39
94.39
94.39
94.39
89.57
89.57
89.57
89.57
90.46
90.46
90.46
90.46
94.28
94.28
94.28
94.28
94.28
94.28
94.28
94.28
94.28
96.20
96.20
96.20
96.20
96.20
96.20
96.20
96.38
96.38
96.38
96.38
96.38
96.38
96.38
96.38
96.38
96.38
96.38
96.38
96.50
96.50
96.50
96.50
96.50
96.83
96.83
96.83
96.83
96.83
94.46
94.46
94.46
94.46
94.46
94.46
94.03
94.03
94.03
94.03
94.03
94.03
94.03
94.03
94.03
95.80
95.80
95.80
95.80
95.80
96.12
96.12
96.12
96.12
96.12
96.12
96.12
96.12
96.12
95.38
95.38
95.38
95.38
95.34
95.34
95.34
95.34
95.34
95.34
95.34
95.34
95.34
95.34
96.35
96.35
96.35
96.35
96.35
96.35
96.35
96.35
95.23
95.23
95.23
95.23
95.23
95.23
95.23
95.23
95.23
95.23
95.23
94.86
94.86
94.86
94.86
94.86
94.86
94.86
94.86
94.86
92.86
92.86
92.86
92.86
92.86
89.34
89.34
89.34
89.34
89.34
89.34
89.34
89.34
89.34
89.15
89.15
89.15
89.15
89.15
89.15
89.15
85.19
85.19
85.19
85.19
85.19
85.19
85.19
85.19
88.90
88.90
88.90
88.90
88.90
88.90
88.90
88.90
90.60
90.60
90.60
90.60
90.60
93.62
93.62
93.62
93.62
93.62
93.62
93.62
93.62
93.62
94.30
94.30
94.30
94.30
94.30
