96.03
96.03
96.03
96.03
96.03
96.03
96.03
96.03
96.03
96.03
96.42
96.42
96.42
96.42
96.42
96.42
96.42
96.42
95.36
95.36
95.36
95.36
95.36
95.36
95.36
95.36
95.36
95.53
95.53
95.53
95.53
95.53
95.53
95.53
95.69
95.69
95.69
95.69
95.69
95.69
95.69
95.69
94.55
94.55
94.55
94.55
94.55
94.55
94.55
94.55
94.55
94.55
94.55
93.47
93.47
93.47
93.47
93.47
93.47
93.47
93.47
94.84
94.84
94.84
94.84
94.84
94.84
94.84
94.84
94.84
94.84
94.84
94.84
94.84
94.84
93.16
93.16
93.16
93.16
94.05
94.05
94.05
94.05
94.05
94.05
94.05
91.66
91.66
91.66
91.66
91.66
91.66
91.66
91.66
95.05
95.05
95.05
95.05
95.05
95.05
95.05
94.67
94.67
94.67
94.67
94.67
94.67
94.67
94.67
94.67
94.67
94.67
95.62
95.62
95.62
95.62
95.62
95.62
95.62
94.56
94.56
94.56
94.56
94.56
94.56
94.56
92.23
92.23
92.23
92.23
92.23
92.23
92.23
92.26
92.26
92.26
92.26
93.59
93.59
93.59
93.59
93.59
93.59
93.59
93.59
93.59
95.81
95.81
95.81
95.81
97.49
97.49
97.49
97.49
97.49
97.49
97.49
97.49
97.49
97.49
97.49
97.49
96.75
96.75
96.75
96.75
96.75
96.75
95.19
95.19
95.19
95.19
95.19
95.19
95.19
95.19
91.13
91.13
91.13
91.13
91.13
91.13
91.13
90.20
90.20
90.20
90.20
90.20
90.20
90.20
90.20
90.20
93.75
93.75
93.75
93.75
93.75
93.75
93.75
93.95
93.95
93.95
93.95
93.95
93.95
93.95
93.95
