98.20
98.20
98.20
98.20
98.20
97.87
97.87
97.87
97.87
97.87
97.87
97.87
97.87
97.87
97.87
97.87
97.87
97.87
97.87
96.70
96.70
96.70
96.70
96.70
96.70
96.70
96.70
96.75
96.75
96.75
96.75
98.34
98.34
98.34
98.34
98.34
98.34
98.34
98.34
98.34
98.45
98.45
98.45
98.45
98.45
98.45
98.45
98.45
98.45
98.72
98.72
98.72
98.72
98.72
98.72
98.72
98.50
98.50
98.50
98.50
98.50
98.74
98.74
98.74
98.74
98.74
98.74
98.79
98.79
98.79
98.79
98.79
98.79
98.79
98.79
98.83
98.83
98.83
98.83
98.83
98.83
98.83
98.83
98.81
98.81
98.81
98.81
98.81
98.73
98.73
98.73
98.73
98.73
98.73
98.73
98.73
98.73
98.73
98.73
98.73
98.73
98.73
98.77
98.77
98.77
98.77
98.77
98.77
98.77
98.60
98.60
98.60
98.60
98.60
98.60
98.60
98.60
98.60
98.60
98.52
98.52
98.52
98.52
98.52
98.52
98.52
98.52
98.52
98.70
98.70
98.70
98.70
98.70
98.70
98.70
98.70
98.22
98.22
98.22
98.22
98.22
98.22
98.22
98.22
98.22
98.66
98.66
98.66
98.66
98.66
98.23
98.23
98.23
98.23
98.23
98.23
98.23
98.23
98.23
98.72
98.72
98.72
98.72
98.72
98.72
98.72
98.72
98.68
98.68
98.68
98.68
98.68
98.68
98.68
98.68
98.68
98.68
98.68
98.68
98.68
98.68
98.67
98.67
98.67
98.67
98.67
98.67
98.67
98.67
98.67
98.78
98.78
98.78
98.78
98.78
98.78
98.78
98.78
98.78
98.80
98.80
98.80
98.80
98.80
98.80
98.80
98.80
98.80
98.80
98.80
98.80
98.80
98.80
98.72
98.72
98.72
98.72
98.72
98.72
98.72
98.72
98.72
98.72
98.72
98.72
98.72
98.72
98.72
98.72
98.74
98.74
98.74
98.74
98.74
98.74
98.74
98.74
98.74
98.74
98.74
98.74
98.74
98.74
98.60
98.60
98.60
98.60
98.60
98.47
98.47
98.47
98.47
98.47
98.47
98.47
98.47
98.47
98.35
98.35
98.35
98.35
98.35
98.35
98.35
98.35
98.35
98.45
98.45
98.45
98.45
98.45
98.14
98.14
98.14
98.14
98.14
98.14
98.14
98.14
95.71
95.71
95.71
95.71
95.71
95.71
95.71
96.34
96.34
96.34
96.34
96.34
96.34
96.34
96.34
98.23
98.23
98.23
98.23
98.23
98.23
98.23
98.23
98.64
98.64
98.64
98.64
98.64
98.64
98.64
98.64
98.64
98.64
98.64
98.64
98.64
98.64
98.86
98.86
98.86
98.86
98.86
98.86
98.86
98.86
98.86
98.86
98.86
98.86
98.88
98.88
98.88
98.88
98.88
98.88
98.88
98.88
98.88
98.88
98.88
98.88
98.88
98.88
98.88
98.88
98.88
98.59
98.59
98.59
98.59
98.59
98.59
98.59
98.59
97.50
97.50
97.50
97.50
97.50
97.50
97.50
97.41
97.41
97.41
97.41
97.41
97.41
97.41
97.41
98.20
98.20
98.20
98.20
98.78
98.78
98.78
98.78
98.78
98.78
98.78
98.78
98.85
98.85
98.85
98.85
98.85
98.85
98.85
98.85
98.78
98.78
98.78
98.78
98.83
98.83
98.83
98.83
98.83
98.83
98.83
98.83
98.83
98.83
98.83
98.83
98.77
98.77
98.77
98.77
98.77
98.77
98.77
98.18
98.18
98.18
98.18
98.18
98.18
98.18
98.18
98.18
98.18
98.53
98.53
98.53
98.53
98.53
98.53
98.53
98.22
98.22
98.22
98.22
98.34
98.34
98.34
98.34
98.34
