98.91
98.91
98.91
98.91
98.91
98.91
98.91
98.91
98.91
98.91
98.91
98.91
98.83
98.83
98.83
98.83
98.83
98.83
98.83
98.69
98.69
98.69
98.69
98.69
98.69
98.69
98.69
98.69
98.69
98.69
98.69
98.56
98.56
98.56
98.56
98.56
98.56
98.56
98.44
98.44
98.44
98.44
98.44
98.44
98.44
98.44
97.89
97.89
97.89
97.89
97.89
97.89
97.89
97.89
97.73
97.73
97.73
97.73
97.73
97.73
97.73
98.02
98.02
98.02
98.02
98.02
98.02
98.02
97.99
97.99
97.99
97.99
97.53
97.53
97.53
97.53
97.53
97.53
97.53
97.53
97.53
98.37
98.37
98.37
98.37
98.37
98.37
98.37
98.37
98.44
98.44
98.44
98.44
98.44
98.44
98.44
98.44
98.01
98.01
98.01
98.01
98.01
98.01
98.01
98.01
97.54
97.54
97.54
97.54
97.54
97.54
97.54
98.25
98.25
98.25
98.25
98.25
98.25
98.25
98.25
98.25
98.49
98.49
98.49
98.49
98.49
98.49
98.49
98.49
98.47
98.47
98.47
98.47
98.47
98.47
98.47
98.47
98.47
98.47
98.47
98.54
98.54
98.54
98.54
98.54
98.54
98.54
98.54
98.54
98.54
98.54
98.68
98.68
98.68
98.68
98.68
98.68
98.68
98.79
98.79
98.79
98.79
98.79
98.79
98.79
98.79
98.80
98.80
98.80
98.80
98.80
98.80
98.80
98.80
98.61
98.61
98.61
98.61
98.61
98.61
98.61
98.61
98.61
98.31
98.31
98.31
98.31
98.31
98.31
98.31
98.31
98.61
98.61
98.61
98.61
98.61
98.61
98.61
97.93
97.93
97.93
97.93
97.93
97.93
97.93
97.93
97.93
97.93
97.93
96.99
96.99
96.99
96.99
97.74
97.74
97.74
97.74
97.74
97.74
97.74
97.74
97.74
98.67
98.67
98.67
98.67
98.67
98.86
98.86
98.86
98.86
98.86
98.86
98.86
98.86
98.92
98.92
98.92
98.92
98.92
98.92
98.92
98.94
98.94
98.94
98.94
98.94
98.94
98.94
