49.19
49.19
49.19
49.19
49.19
49.19
49.19
67.73
67.73
67.73
67.73
67.73
67.73
67.73
67.73
83.71
83.71
83.71
83.71
83.71
83.71
83.71
83.71
90.18
90.18
90.18
90.18
90.18
90.18
90.18
90.18
90.18
90.18
90.18
95.62
95.62
95.62
95.62
95.62
95.62
95.62
95.62
97.00
97.00
97.00
97.00
97.00
97.00
97.00
96.38
96.38
96.38
96.38
96.38
96.38
96.38
97.34
97.34
97.34
97.34
97.34
97.34
97.34
97.34
97.34
98.12
98.12
98.12
98.12
98.12
98.12
98.12
97.12
97.12
97.12
97.12
97.12
97.12
97.49
97.49
97.49
97.49
97.49
97.49
97.63
97.63
97.63
97.63
98.16
98.16
98.16
98.16
98.16
98.16
98.16
98.37
98.37
98.37
98.37
98.37
98.37
98.37
98.12
98.12
98.12
98.12
98.12
98.12
98.12
98.12
98.12
98.12
98.12
97.86
97.86
97.86
97.86
97.78
97.78
97.78
97.78
97.78
97.78
97.78
97.78
97.78
97.78
97.78
97.42
97.42
97.42
97.42
97.42
97.42
97.15
97.15
97.15
97.15
97.15
97.15
97.15
96.90
96.90
96.90
96.90
96.90
96.90
96.90
95.17
95.17
95.17
95.17
95.17
95.17
95.17
94.51
94.51
94.51
94.51
94.51
94.51
94.51
94.51
94.51
93.85
93.85
93.85
93.85
95.33
95.33
95.33
95.33
95.33
95.33
95.33
95.33
95.33
95.33
95.33
97.49
97.49
97.49
97.49
97.49
97.49
97.49
97.49
97.49
97.80
97.80
97.80
97.80
97.80
97.80
97.80
98.21
98.21
98.21
98.21
98.21
98.21
98.21
98.21
98.21
98.21
98.58
98.58
98.58
98.58
98.58
98.58
98.58
98.76
98.76
98.76
98.76
98.76
98.76
98.76
98.76
98.76
98.76
98.76
98.76
