97.27
97.27
97.27
97.27
97.27
97.27
97.27
97.27
97.27
98.09
98.09
98.09
98.09
98.09
98.09
98.09
98.09
98.09
98.09
98.09
97.58
97.58
97.58
97.58
97.58
98.14
98.14
98.14
98.14
98.14
98.14
98.14
98.14
98.14
98.30
98.30
98.30
98.30
98.30
98.30
98.30
98.30
98.30
98.69
98.69
98.69
98.69
98.69
98.66
98.66
98.66
98.66
98.66
98.66
98.66
98.62
98.62
98.62
98.62
98.90
98.90
98.90
98.90
98.90
98.90
98.90
98.90
98.91
98.91
98.91
98.91
98.91
98.91
98.91
98.89
98.89
98.89
98.89
98.93
98.93
98.93
98.93
98.93
98.93
98.93
98.93
98.92
98.92
98.92
98.92
98.92
98.92
98.92
98.92
98.92
98.92
98.92
98.92
98.92
98.92
98.95
98.95
98.95
98.95
98.95
98.95
98.95
98.95
98.93
98.93
98.93
98.93
98.93
98.93
98.93
98.93
98.93
98.92
98.92
98.92
98.92
98.92
98.88
98.88
98.88
98.88
98.88
98.88
98.88
98.88
98.91
98.91
98.91
98.91
98.91
98.89
98.89
98.89
98.89
98.89
98.89
98.89
98.89
98.79
98.79
98.79
98.79
98.79
98.79
98.79
98.79
98.79
98.79
98.79
98.76
98.76
98.76
98.76
98.76
98.76
98.76
98.76
98.76
98.76
98.76
98.76
98.76
98.76
98.74
98.74
98.74
98.74
98.74
98.74
98.74
98.74
98.36
98.36
98.36
98.36
98.36
98.36
98.36
98.36
98.36
98.21
98.21
98.21
98.21
98.21
98.21
98.21
98.21
98.24
98.24
98.24
98.24
98.24
98.24
98.24
98.24
97.57
97.57
97.57
97.57
97.57
96.63
96.63
96.63
96.63
96.63
96.63
96.63
96.63
96.63
96.63
96.31
96.31
96.31
96.31
96.31
96.69
96.69
96.69
96.69
96.69
96.69
96.69
96.69
96.69
96.69
96.69
96.13
96.13
96.13
96.13
97.39
97.39
97.39
97.39
97.25
97.25
97.25
97.25
97.25
97.25
97.25
97.25
97.38
97.38
97.38
97.38
97.38
97.38
97.38
97.33
97.33
97.33
97.33
97.33
97.33
97.33
97.33
97.33
97.75
97.75
97.75
97.75
97.75
97.75
97.75
97.75
97.75
97.75
97.75
97.75
97.75
97.75
