98.43
98.43
98.43
98.43
98.58
98.58
98.58
98.58
98.58
98.58
98.58
98.58
98.57
98.57
98.57
98.57
98.57
98.57
98.57
98.57
98.57
98.57
98.57
98.57
98.27
98.27
98.27
98.27
98.27
98.27
98.27
98.27
98.27
98.27
98.27
97.98
97.98
97.98
97.98
97.98
97.98
97.98
97.98
97.42
97.42
97.42
97.42
97.42
97.42
97.31
97.31
97.31
97.31
97.31
97.31
97.31
97.31
97.31
97.68
97.68
97.68
97.68
97.68
97.68
97.68
97.68
95.92
95.92
95.92
95.92
95.92
95.92
95.92
95.92
95.92
96.82
96.82
96.82
96.82
96.82
96.82
96.82
97.63
97.63
97.63
97.63
97.63
97.63
97.63
97.63
97.38
97.38
97.38
97.38
97.38
97.38
97.17
97.17
97.17
97.17
97.17
97.17
97.17
97.73
97.73
97.73
97.73
97.73
97.73
97.73
97.73
97.73
98.40
98.40
98.40
98.40
98.40
98.40
98.40
98.40
98.40
97.66
97.66
97.66
97.66
97.66
97.66
97.66
97.66
97.39
97.39
97.39
97.39
97.39
97.39
97.39
97.39
97.39
98.17
98.17
98.17
98.17
98.17
98.17
98.17
98.17
98.17
98.17
98.17
