55.52
55.52
55.52
55.52
55.52
55.52
81.28
81.28
81.28
81.28
81.28
81.28
87.03
87.03
87.03
87.03
87.03
87.03
88.42
88.42
88.42
88.42
88.42
88.42
83.67
83.67
83.67
83.67
83.67
83.67
92.29
92.29
92.29
92.29
92.29
92.29
92.29
95.62
95.62
95.62
95.62
95.62
98.08
98.08
98.08
98.08
98.08
98.08
98.08
98.08
98.33
98.33
98.33
98.33
98.33
98.33
97.95
97.95
97.95
97.95
97.95
97.95
97.55
97.55
97.55
97.55
97.55
97.55
96.16
96.16
96.16
96.16
96.16
96.16
96.16
96.16
95.22
95.22
95.22
95.22
95.22
95.22
94.80
94.80
94.80
94.80
94.80
90.59
90.59
90.59
90.59
90.59
90.59
90.59
90.59
94.28
94.28
94.28
94.28
94.28
94.28
96.25
96.25
96.25
96.25
96.25
96.25
96.25
96.25
96.96
96.96
96.96
96.96
96.96
96.96
96.96
96.79
96.79
96.79
96.79
96.79
96.79
96.30
96.30
96.30
96.30
96.30
96.30
97.09
97.09
97.09
97.09
97.09
97.09
97.83
97.83
97.83
97.83
97.83
97.83
97.83
98.01
98.01
98.01
98.01
98.01
98.01
98.01
98.01
98.01
