90.89
90.89
90.89
90.89
90.89
91.56
91.56
91.56
91.56
91.56
91.56
91.56
89.55
89.55
89.55
89.55
89.55
89.55
89.55
89.86
89.86
89.86
89.86
88.48
88.48
88.48
88.48
88.48
88.48
88.48
88.48
88.48
88.48
90.98
90.98
90.98
90.98
90.98
90.98
90.98
92.08
92.08
92.08
92.08
92.08
92.08
92.08
92.08
90.95
90.95
90.95
90.95
90.95
90.95
90.95
90.95
90.95
90.95
90.95
88.57
88.57
88.57
88.57
88.57
88.57
88.57
88.57
86.71
86.71
86.71
86.71
86.71
86.71
86.71
86.71
88.13
88.13
88.13
88.13
88.13
88.13
88.13
88.13
88.13
86.66
86.66
86.66
86.66
86.66
86.66
86.66
86.66
79.39
79.39
79.39
79.39
79.39
79.39
79.39
76.27
76.27
76.27
76.27
80.18
80.18
80.18
80.18
80.18
81.06
81.06
81.06
81.06
81.06
81.06
81.06
81.06
81.06
81.06
81.06
81.06
81.06
81.06
74.74
74.74
74.74
74.74
74.74
74.74
69.46
69.46
69.46
69.46
69.46
69.46
67.30
67.30
67.30
67.30
67.30
67.30
67.30
67.30
67.30
67.30
67.30
60.44
60.44
60.44
60.44
60.44
60.44
60.44
60.44
61.53
61.53
61.53
61.53
61.53
61.53
61.53
61.53
56.60
56.60
56.60
56.60
56.60
56.60
56.02
56.02
56.02
56.02
56.02
56.02
56.02
56.02
54.53
54.53
54.53
54.53
54.53
54.53
54.53
55.44
55.44
55.44
55.44
55.44
55.44
55.44
55.44
55.44
55.06
55.06
55.06
55.06
58.85
58.85
58.85
58.85
58.85
63.38
63.38
63.38
63.38
63.38
63.38
69.16
69.16
69.16
69.16
69.16
69.16
77.45
77.45
77.45
77.45
77.45
77.45
77.45
77.45
76.87
76.87
76.87
76.87
81.99
81.99
81.99
81.99
81.99
81.99
81.99
82.15
82.15
82.15
82.15
82.15
82.15
82.15
82.15
80.21
80.21
80.21
80.21
80.21
78.68
78.68
78.68
78.68
81.73
81.73
81.73
81.73
81.73
81.73
81.73
81.73
72.94
72.94
72.94
72.94
72.94
72.94
72.94
72.94
72.94
83.30
83.30
83.30
83.30
83.30
83.30
83.30
83.30
83.30
83.87
83.87
83.87
83.87
83.87
83.87
83.87
83.87
83.87
87.26
87.26
87.26
87.26
87.26
87.26
87.26
87.26
87.26
87.26
87.26
89.17
89.17
89.17
89.17
89.17
89.17
89.17
89.17
89.17
