95.54
95.54
95.54
95.54
95.54
95.54
95.54
95.54
98.11
98.11
98.11
98.11
98.11
98.11
98.11
98.11
98.11
98.74
98.74
98.74
98.74
98.74
98.74
98.74
98.74
98.74
98.74
98.74
98.91
98.91
98.91
98.91
98.91
98.91
98.91
98.93
98.93
98.93
98.93
98.93
98.93
98.89
98.89
98.89
98.89
98.89
98.89
98.89
98.89
98.89
98.89
98.89
98.74
98.74
98.74
98.74
98.74
98.74
98.74
98.74
97.91
97.91
97.91
97.91
97.91
97.91
97.91
97.91
96.63
96.63
96.63
96.63
96.63
96.63
96.63
96.63
94.92
94.92
94.92
94.92
94.72
94.72
94.72
94.72
94.72
94.72
94.72
94.72
92.69
92.69
92.69
92.69
92.69
92.69
92.69
92.69
92.69
92.69
92.69
93.90
93.90
93.90
93.90
93.90
95.00
95.00
95.00
95.00
95.00
95.00
95.00
95.00
95.00
95.00
95.00
94.73
94.73
94.73
94.73
94.73
94.73
94.73
96.49
96.49
96.49
96.49
96.49
96.49
96.49
96.49
96.49
96.49
98.07
98.07
98.07
98.07
98.07
98.07
98.07
98.07
98.07
97.83
97.83
97.83
97.83
97.83
97.83
97.83
97.83
