98.38
98.38
98.38
98.38
98.38
98.38
98.38
98.38
98.38
98.71
98.71
98.71
98.71
98.71
98.71
98.71
98.71
98.71
98.71
98.71
98.71
98.61
98.61
98.61
98.61
98.61
98.61
98.61
98.61
98.61
98.69
98.69
98.69
98.69
98.69
98.69
98.69
98.08
98.08
98.08
98.08
98.08
98.08
98.08
98.08
98.08
98.63
98.63
98.63
98.63
98.63
98.63
98.63
98.63
98.63
98.69
98.69
98.69
98.69
98.69
98.69
98.69
98.69
98.48
98.48
98.48
98.48
98.48
98.48
98.48
98.48
98.22
98.22
98.22
98.22
98.22
98.22
98.22
98.22
98.22
97.54
97.54
97.54
97.54
97.54
97.54
97.54
97.54
97.54
98.27
98.27
98.27
98.27
98.27
98.27
98.27
98.22
98.22
98.22
98.22
98.22
98.22
98.22
98.22
98.22
98.22
98.22
97.59
97.59
97.59
97.59
96.63
96.63
96.63
96.63
96.63
96.78
96.78
96.78
96.78
98.14
98.14
98.14
98.14
98.14
98.14
98.14
98.69
98.69
98.69
98.69
98.69
98.69
98.69
98.69
98.83
98.83
98.83
98.83
98.83
98.83
98.83
98.83
98.84
98.84
98.84
98.84
98.84
98.87
98.87
98.87
98.87
98.87
98.87
98.87
98.87
98.80
98.80
98.80
98.80
98.80
98.80
98.80
98.80
98.77
98.77
98.77
98.77
98.77
98.77
98.77
98.77
98.77
98.77
98.77
98.82
98.82
98.82
98.82
98.82
98.82
98.82
98.82
98.65
98.65
98.65
98.65
98.65
98.65
98.65
98.65
98.65
