98.61
98.61
98.61
98.61
98.61
98.61
98.61
98.61
98.61
98.61
98.61
98.61
98.61
98.61
98.45
98.45
98.45
98.45
98.45
98.45
98.45
98.45
98.45
98.45
98.45
98.37
98.37
98.37
98.37
98.37
98.37
98.37
98.64
98.64
98.64
98.64
98.64
98.64
98.64
98.64
98.64
98.76
98.76
98.76
98.76
98.76
98.76
98.76
98.76
98.49
98.49
98.49
98.49
98.49
98.49
98.49
98.49
98.49
98.37
98.37
98.37
98.37
98.37
98.37
98.37
98.37
98.61
98.61
98.61
98.61
98.39
98.39
98.39
98.39
98.39
98.39
98.39
98.39
97.61
97.61
97.61
97.61
97.61
97.61
97.61
97.61
97.61
97.61
97.61
97.61
97.92
97.92
97.92
97.92
97.92
97.90
97.90
97.90
97.90
97.90
97.16
97.16
97.16
97.16
97.16
97.16
97.16
97.16
96.08
96.08
96.08
96.08
96.08
96.08
96.08
96.08
96.08
96.08
96.08
96.08
95.65
95.65
95.65
95.65
95.65
95.65
95.65
95.65
95.65
97.37
97.37
97.37
97.37
97.37
97.37
97.37
97.37
97.97
97.97
97.97
97.97
97.97
97.97
97.97
97.81
97.81
97.81
97.81
97.81
97.81
97.81
97.81
97.81
97.81
97.81
97.81
97.03
97.03
97.03
97.03
97.03
97.03
97.03
97.03
97.03
97.03
97.03
97.03
97.55
97.55
97.55
97.55
97.55
97.55
97.55
97.55
96.24
96.24
96.24
96.24
96.24
96.24
96.24
96.24
94.86
94.86
94.86
94.86
94.86
94.86
95.87
95.87
95.87
95.87
95.87
95.87
95.87
97.62
97.62
97.62
97.62
97.62
97.62
97.62
97.62
97.62
97.62
97.62
98.04
98.04
98.04
98.04
98.04
98.57
98.57
98.57
98.57
98.57
98.57
98.66
98.66
98.66
98.66
98.66
98.66
98.66
98.66
98.66
98.66
98.60
98.60
98.60
98.60
98.60
98.60
98.60
98.60
98.60
98.60
98.60
98.83
98.83
98.83
98.83
98.83
98.83
98.83
98.83
98.83
98.83
98.83
98.83
98.84
98.84
98.84
98.84
98.84
98.84
98.84
98.84
98.80
98.80
98.80
98.80
98.80
98.80
98.80
98.74
98.74
98.74
98.74
98.74
98.74
98.74
98.74
98.44
98.44
98.44
98.44
98.44
98.44
98.44
98.44
98.61
98.61
98.61
98.61
98.78
98.78
98.78
98.78
98.78
98.78
98.78
98.78
98.78
98.75
98.75
98.75
98.75
98.75
98.75
98.75
98.23
98.23
98.23
98.23
98.23
98.23
98.23
98.23
98.23
98.23
98.23
98.23
97.79
97.79
97.79
97.79
97.79
97.79
97.79
97.79
97.95
97.95
97.95
97.95
97.95
97.95
97.95
97.58
97.58
97.58
97.58
97.58
97.58
97.58
97.58
97.58
97.58
97.58
98.10
98.10
98.10
98.10
98.10
98.56
98.56
98.56
98.56
98.56
98.56
98.56
98.56
98.56
98.65
98.65
98.65
98.65
98.65
98.65
98.65
98.65
98.65
98.73
98.73
98.73
98.73
98.73
98.85
98.85
98.85
98.85
98.85
98.85
98.85
98.85
98.85
98.74
98.74
98.74
98.74
98.74
98.74
98.74
98.74
98.74
98.78
98.78
98.78
98.78
98.78
98.78
98.78
98.84
98.84
98.84
98.84
