98.66
98.66
98.66
98.66
98.66
98.66
98.66
98.66
98.64
98.64
98.64
98.64
98.64
98.64
98.64
98.74
98.74
98.74
98.74
98.74
98.74
98.74
98.74
98.74
98.77
98.77
98.77
98.77
98.77
98.77
98.77
98.77
98.66
98.66
98.66
98.66
98.66
98.66
98.66
98.66
98.59
98.59
98.59
98.59
98.59
98.59
98.59
98.59
98.24
98.24
98.24
98.24
98.24
98.24
98.24
98.00
98.00
98.00
98.00
98.00
98.00
98.00
98.00
98.15
98.15
98.15
98.15
98.15
98.15
98.15
98.15
96.97
96.97
96.97
96.97
96.97
96.97
96.35
96.35
96.35
96.35
96.35
96.35
96.35
96.35
95.42
95.42
95.42
95.42
95.42
95.42
95.42
95.65
95.65
95.65
95.65
95.65
95.65
95.65
95.65
95.65
96.92
96.92
96.92
96.92
96.92
96.92
96.92
96.92
96.16
96.16
96.16
96.16
95.99
95.99
95.99
95.99
95.99
95.99
95.99
95.99
97.81
97.81
97.81
97.81
97.81
97.81
97.81
97.81
97.12
97.12
97.12
97.12
97.12
97.12
97.12
97.12
97.33
97.33
97.33
97.33
97.33
97.33
97.33
98.10
98.10
98.10
98.10
98.10
98.10
98.10
98.10
97.52
97.52
97.52
97.52
97.52
97.12
97.12
97.12
97.12
97.12
97.12
98.02
98.02
98.02
98.02
98.02
98.02
98.02
98.02
