97.71
97.71
97.71
97.71
97.71
97.71
97.71
97.71
97.59
97.59
97.59
97.59
97.59
97.59
96.84
96.84
96.84
96.84
96.84
96.84
96.84
96.84
95.96
95.96
95.96
95.96
95.96
95.96
95.96
92.09
92.09
92.09
92.09
87.81
87.81
87.81
87.81
87.81
87.81
87.81
89.84
89.84
89.84
89.84
89.84
89.84
90.52
90.52
90.52
90.52
90.52
90.52
91.74
91.74
91.74
91.74
91.74
91.74
91.74
91.74
93.72
93.72
93.72
93.72
93.72
93.72
93.72
93.72
93.72
93.72
93.72
93.72
92.77
92.77
92.77
92.77
92.77
92.77
92.77
92.77
92.06
92.06
92.06
92.06
92.06
92.06
92.06
92.06
91.20
91.20
91.20
91.20
91.20
91.20
91.20
91.20
90.53
90.53
90.53
90.53
90.53
90.53
90.53
90.53
89.83
89.83
89.83
89.83
92.38
92.38
92.38
92.38
92.38
92.38
92.38
92.38
90.47
90.47
90.47
90.47
90.47
90.47
90.47
90.47
91.12
91.12
91.12
91.12
91.70
91.70
91.70
91.70
91.70
91.70
91.70
91.70
89.81
89.81
89.81
89.81
89.81
89.81
89.81
89.81
90.57
90.57
90.57
90.57
90.57
90.57
89.80
89.80
89.80
89.80
88.35
88.35
88.35
88.35
88.35
88.35
88.35
88.35
88.35
88.35
88.35
88.35
88.35
88.35
75.91
75.91
75.91
75.91
67.15
67.15
67.15
67.15
67.15
67.15
67.15
67.15
67.15
67.15
67.15
59.99
59.99
59.99
59.99
59.99
59.99
59.99
55.23
55.23
55.23
55.23
55.23
55.23
55.23
55.23
55.23
