98.66
98.66
98.66
98.66
98.66
98.66
98.66
98.66
98.66
98.66
98.66
98.57
98.57
98.57
98.57
98.57
98.57
98.57
98.57
98.57
98.54
98.54
98.54
98.54
98.54
98.54
98.54
98.54
98.75
98.75
98.75
98.75
98.75
98.75
98.75
98.75
98.75
98.79
98.79
98.79
98.79
98.79
98.79
98.79
98.79
98.89
98.89
98.89
98.89
98.89
98.89
98.89
98.87
98.87
98.87
98.87
98.87
98.87
98.87
98.87
98.88
98.88
98.88
98.88
98.88
98.88
98.88
98.88
98.87
98.87
98.87
98.87
98.87
98.87
98.87
98.87
98.87
98.87
98.87
98.87
98.86
98.86
98.86
98.86
98.70
98.70
98.70
98.70
98.70
98.47
98.47
98.47
98.47
98.47
98.47
98.51
98.51
98.51
98.51
98.51
98.51
98.51
98.51
98.51
98.51
98.51
98.29
98.29
98.29
98.29
98.29
98.29
98.29
98.29
98.29
98.29
98.29
98.29
97.29
97.29
97.29
97.29
97.29
97.29
97.29
97.29
97.29
97.29
97.29
97.29
96.66
96.66
96.66
96.66
96.66
96.66
96.66
96.66
96.66
97.41
97.41
97.41
97.41
97.41
97.41
95.91
95.91
95.91
95.91
95.91
95.91
95.91
95.91
95.91
95.01
95.01
95.01
95.01
95.01
95.01
95.01
95.01
95.01
92.31
92.31
92.31
92.31
92.31
92.31
92.31
92.31
90.47
90.47
90.47
90.47
90.47
90.47
91.43
91.43
91.43
91.43
91.43
91.43
91.43
91.43
91.43
89.22
89.22
89.22
89.22
89.22
89.22
89.22
89.22
95.51
95.51
95.51
95.51
95.51
95.51
95.51
95.51
97.78
97.78
97.78
97.78
97.78
97.78
98.40
98.40
98.40
98.40
98.40
98.40
98.40
98.40
98.40
98.69
98.69
98.69
98.69
98.69
98.69
98.70
98.70
98.70
98.70
98.70
98.70
98.70
98.70
98.81
98.81
98.81
98.81
98.81
98.81
98.81
98.81
98.81
98.81
98.81
98.81
98.80
98.80
98.80
98.80
98.86
98.86
98.86
98.86
98.91
98.91
98.91
98.91
98.91
98.91
98.91
98.88
98.88
98.88
98.88
98.88
98.88
98.88
98.82
98.82
98.82
98.82
98.82
98.82
98.82
98.82
98.67
98.67
98.67
98.67
98.67
98.67
98.67
98.67
98.13
98.13
98.13
98.13
98.13
98.13
