97.86
97.86
97.86
97.86
97.86
97.86
97.86
97.86
97.86
98.58
98.58
98.58
98.58
98.58
98.58
98.58
98.58
98.61
98.61
98.61
98.61
98.61
98.61
98.61
98.61
98.54
98.54
98.54
98.54
98.54
98.54
98.54
98.54
98.37
98.37
98.37
98.37
98.37
98.37
98.37
98.37
98.37
98.37
98.37
97.73
97.73
97.73
97.73
97.73
97.73
97.73
97.73
97.73
97.73
97.73
97.34
97.34
97.34
97.34
97.34
97.34
97.34
97.34
97.84
97.84
97.84
97.84
97.84
97.84
97.84
97.84
97.84
97.71
97.71
97.71
97.71
96.97
96.97
96.97
96.97
96.97
96.97
96.97
96.97
95.77
95.77
95.77
95.77
95.77
95.77
95.38
95.38
95.38
95.38
97.50
97.50
97.50
97.50
97.50
97.50
97.50
97.50
98.09
98.09
98.09
98.09
98.09
98.09
98.09
98.09
98.59
98.59
98.59
98.59
98.59
98.59
98.59
98.59
98.59
98.59
98.59
98.59
98.59
98.59
98.59
98.59
98.59
98.59
98.59
98.78
98.78
98.78
98.78
98.78
98.78
98.78
98.72
98.72
98.72
98.72
98.72
98.72
98.72
98.72
98.72
98.80
98.80
98.80
98.80
98.80
98.80
98.80
98.80
98.80
98.80
98.80
98.31
98.31
98.31
98.31
98.31
98.44
98.44
98.44
98.44
98.44
98.44
98.44
98.39
98.39
98.39
98.39
98.39
98.44
98.44
98.44
98.44
98.44
98.44
98.44
98.44
98.59
98.59
98.59
98.59
98.59
98.59
98.59
98.59
98.59
98.59
98.59
98.59
98.59
98.35
98.35
98.35
98.35
98.35
98.35
98.35
98.35
98.35
98.39
98.39
98.39
98.39
98.39
98.39
98.39
98.39
98.39
