60.72
60.72
60.72
60.72
60.72
60.72
60.72
60.72
60.72
76.15
76.15
76.15
76.15
76.15
76.15
76.15
76.15
76.15
88.86
88.86
88.86
88.86
93.74
93.74
93.74
93.74
93.74
93.74
93.74
97.16
97.16
97.16
97.16
97.16
97.16
97.16
97.16
98.20
98.20
98.20
98.20
98.20
98.20
98.20
98.20
98.20
98.48
98.48
98.48
98.48
98.48
98.48
98.48
98.48
98.48
98.48
98.48
97.98
97.98
97.98
97.98
97.98
97.98
98.49
98.49
98.49
98.49
98.49
98.49
98.49
98.49
98.78
98.78
98.78
98.78
98.78
98.78
98.78
98.78
98.78
98.78
98.78
98.78
98.78
98.78
98.69
98.69
98.69
98.69
98.69
98.69
98.69
98.69
98.69
98.69
98.69
98.61
98.61
98.61
98.61
98.61
98.61
98.61
98.61
98.61
98.70
98.70
98.70
98.70
98.70
98.70
98.70
98.70
98.70
98.70
98.70
98.76
98.76
98.76
98.76
98.76
98.76
98.76
98.76
98.76
98.76
98.76
98.33
98.33
98.33
98.33
98.33
98.33
98.31
98.31
98.31
98.31
98.31
98.31
98.31
98.31
98.31
98.28
98.28
98.28
98.28
98.28
98.28
98.28
98.28
98.28
98.28
98.28
98.41
98.41
98.41
98.41
98.41
98.41
98.41
98.41
98.41
98.63
98.63
98.63
98.63
98.63
98.69
98.69
98.69
98.69
98.69
98.69
98.69
98.69
98.69
98.80
98.80
98.80
98.80
98.91
98.91
98.91
98.91
98.91
98.91
98.91
98.92
98.92
98.92
98.92
98.92
98.92
98.92
98.92
98.85
98.85
98.85
98.85
98.85
98.85
98.85
98.75
98.75
98.75
98.75
98.75
98.75
98.75
98.41
98.41
98.41
98.41
98.41
98.12
98.12
98.12
98.12
98.12
98.12
98.12
98.12
98.02
98.02
98.02
98.02
98.02
98.02
98.02
98.02
98.02
97.46
97.46
97.46
97.46
97.46
97.46
97.46
97.46
97.46
97.46
97.46
91.27
91.27
91.27
91.27
91.27
91.27
91.27
91.27
91.27
88.22
88.22
88.22
88.22
88.22
84.49
84.49
84.49
84.49
84.49
84.49
84.49
84.49
87.85
87.85
87.85
87.85
87.85
87.85
87.85
87.85
87.85
87.85
87.85
93.72
93.72
93.72
93.72
93.72
97.09
97.09
97.09
97.09
97.09
97.09
97.09
97.09
98.44
98.44
98.44
98.44
98.44
98.44
98.44
98.44
98.72
98.72
98.72
98.72
98.72
98.72
98.72
98.80
98.80
98.80
98.80
98.80
98.80
98.80
98.80
98.80
98.80
98.80
98.48
98.48
98.48
98.48
98.48
98.48
98.48
98.48
98.16
98.16
98.16
98.16
98.16
98.16
98.16
98.39
98.39
98.39
98.39
98.39
98.39
98.39
98.70
98.70
98.70
98.70
98.70
98.70
98.70
98.70
98.70
98.70
98.70
