97.91
97.91
97.91
97.91
97.91
96.58
96.58
96.58
96.58
96.58
96.58
96.58
96.58
96.58
97.50
97.50
97.50
97.50
97.50
97.50
97.50
97.50
97.50
97.50
97.50
97.44
97.44
97.44
97.44
97.44
97.44
97.44
97.44
97.95
97.95
97.95
97.95
97.95
97.95
97.95
97.95
97.37
97.37
97.37
97.37
97.37
97.37
97.37
97.37
96.18
96.18
96.18
96.18
96.18
96.18
96.18
96.18
93.98
93.98
93.98
93.98
93.98
93.98
93.98
88.25
88.25
88.25
88.25
88.25
88.25
88.73
88.73
88.73
88.73
88.73
88.73
93.02
93.02
93.02
93.02
93.02
93.02
93.02
93.02
93.02
96.49
96.49
96.49
96.49
96.49
96.49
96.49
96.49
97.87
97.87
97.87
97.87
97.87
97.87
97.87
98.52
98.52
98.52
98.52
98.52
98.52
98.52
98.52
98.52
98.53
98.53
98.53
98.53
98.53
98.53
98.53
98.53
98.66
98.66
98.66
98.66
98.66
98.66
98.66
98.40
98.40
98.40
98.40
98.40
98.40
98.40
98.40
98.41
98.41
98.41
98.41
98.41
98.41
98.41
98.55
98.55
98.55
98.55
98.55
98.55
98.55
98.55
98.55
97.96
97.96
97.96
97.96
97.96
97.96
96.96
96.96
96.96
96.96
96.96
96.96
96.96
96.00
96.00
96.00
96.00
96.00
96.00
96.00
96.00
