98.57
98.57
98.57
98.57
98.57
98.57
98.57
98.75
98.75
98.75
98.75
98.75
98.75
98.75
98.55
98.55
98.55
98.55
98.55
98.55
98.55
98.55
98.52
98.52
98.52
98.52
98.52
98.52
98.52
98.52
98.52
97.92
97.92
97.92
97.92
97.92
97.92
97.85
97.85
97.85
97.85
97.85
97.85
97.85
97.85
98.20
98.20
98.20
98.20
98.20
98.20
98.20
98.20
98.20
97.98
97.98
97.98
97.98
97.98
97.98
98.49
98.49
98.49
98.49
98.49
98.49
98.49
98.49
98.49
98.49
98.49
98.35
98.35
98.35
98.35
98.35
98.35
98.35
98.35
97.89
97.89
97.89
97.89
97.89
97.89
97.89
97.89
97.18
97.18
97.18
97.18
97.18
97.18
97.18
97.18
97.66
97.66
97.66
97.66
97.66
97.66
97.66
97.66
98.19
98.19
98.19
98.19
98.19
98.19
98.19
98.19
98.19
97.99
97.99
97.99
97.99
97.99
97.99
97.99
97.99
97.18
97.18
97.18
97.18
97.18
97.18
97.18
97.18
97.18
97.94
97.94
97.94
97.94
97.94
98.33
98.33
98.33
98.33
98.72
98.72
98.72
98.72
98.72
98.72
98.72
98.72
98.72
98.72
98.72
98.72
98.76
98.76
98.76
98.76
98.76
98.76
98.76
98.82
98.82
98.82
98.82
98.82
98.82
98.82
98.82
98.69
98.69
98.69
98.69
98.69
98.69
98.69
98.71
98.71
98.71
98.71
98.71
98.71
98.72
98.72
98.72
98.72
98.72
98.72
98.72
98.77
98.77
98.77
98.77
98.77
98.78
98.78
98.78
98.78
98.78
98.78
98.78
98.78
98.78
98.78
98.78
98.78
98.71
98.71
98.71
98.71
98.71
98.71
98.71
98.58
98.58
98.58
98.58
98.58
98.58
98.58
98.66
98.66
98.66
98.66
98.66
98.66
