97.55
97.55
97.55
97.55
97.55
97.55
97.55
97.55
97.55
97.55
97.55
95.34
95.34
95.34
95.34
95.34
95.34
95.34
95.08
95.08
95.08
95.08
95.08
95.08
95.08
95.08
95.08
97.40
97.40
97.40
97.40
97.40
97.40
97.40
97.40
97.64
97.64
97.64
97.64
97.64
97.64
97.64
97.64
97.68
97.68
97.68
97.68
97.68
97.68
97.68
97.68
97.68
97.68
97.68
97.04
97.04
97.04
97.04
97.04
97.04
96.69
96.69
96.69
96.69
96.69
96.69
96.69
96.69
95.40
95.40
95.40
95.40
95.40
95.40
95.40
94.08
94.08
94.08
94.08
95.85
95.85
95.85
95.85
95.85
95.85
95.85
95.85
96.93
96.93
96.93
96.93
96.93
96.93
96.93
96.93
96.93
96.94
96.94
96.94
96.94
96.94
96.94
96.94
96.94
95.85
95.85
95.85
95.85
95.85
95.85
95.85
95.85
95.85
97.77
97.77
97.77
97.77
97.77
97.77
97.77
98.04
98.04
98.04
98.04
98.04
98.04
98.04
98.49
98.49
98.49
98.49
98.49
98.49
98.49
98.49
98.49
98.49
98.49
98.08
98.08
98.08
98.08
98.08
98.13
98.13
98.13
98.13
98.13
98.13
98.13
98.13
98.13
98.28
98.28
98.28
98.28
98.28
98.28
98.28
98.28
98.28
98.28
98.28
98.28
98.28
98.28
98.18
98.18
98.18
98.18
98.18
98.18
98.18
96.76
96.76
96.76
96.76
96.76
96.76
96.76
96.76
96.76
96.58
96.58
96.58
96.58
96.58
96.58
96.58
96.58
97.32
97.32
97.32
97.32
97.32
97.32
97.32
97.32
96.91
96.91
96.91
96.91
96.91
96.91
96.91
96.91
96.91
96.91
95.56
95.56
95.56
95.56
95.56
95.56
95.56
95.78
95.78
95.78
95.78
95.78
95.78
95.78
95.78
96.18
96.18
96.18
96.18
96.18
94.84
94.84
94.84
94.84
94.84
94.84
94.84
94.21
94.21
94.21
94.21
95.69
95.69
95.69
95.69
96.93
96.93
96.93
96.93
96.93
96.93
96.93
96.18
96.18
96.18
96.18
96.18
96.13
96.13
96.13
96.13
96.13
96.13
96.13
94.30
94.30
94.30
94.30
94.30
94.30
94.30
94.30
92.58
92.58
92.58
92.58
92.58
92.12
92.12
92.12
92.12
92.12
93.02
93.02
93.02
93.02
93.02
93.47
93.47
93.47
93.47
93.47
93.47
93.47
93.03
93.03
93.03
93.03
93.03
96.30
96.30
96.30
96.30
96.30
96.30
94.91
94.91
94.91
94.91
94.91
94.91
94.91
96.51
96.51
96.51
96.51
96.51
94.99
94.99
94.99
94.99
94.99
94.99
94.99
94.99
94.99
94.99
94.99
92.03
92.03
92.03
92.03
84.68
84.68
84.68
84.68
