56.87
56.87
56.87
56.87
56.87
56.87
56.87
56.87
77.06
77.06
77.06
77.06
77.06
77.06
77.06
77.06
91.16
91.16
91.16
91.16
91.16
91.16
91.16
91.16
91.16
97.49
97.49
97.49
97.49
97.49
97.49
97.49
97.49
97.49
97.49
97.49
98.09
98.09
98.09
98.09
98.09
98.09
98.09
98.09
98.09
98.48
98.48
98.48
98.48
98.48
98.48
98.61
98.61
98.61
98.61
98.61
98.61
98.61
98.61
98.54
98.54
98.54
98.54
98.54
98.54
98.54
98.54
98.43
98.43
98.43
98.43
98.43
98.43
98.43
98.43
98.43
98.43
98.43
98.43
98.58
98.58
98.58
98.58
98.58
98.58
98.58
98.58
98.69
98.69
98.69
98.69
98.69
98.50
98.50
98.50
98.50
98.50
98.50
98.50
98.50
98.50
98.50
98.39
98.39
98.39
98.39
98.39
98.39
98.39
98.39
98.39
98.45
98.45
98.45
98.45
98.45
98.45
98.45
98.45
98.45
97.96
97.96
97.96
97.96
97.96
97.96
97.96
97.96
97.37
97.37
97.37
97.37
97.37
97.37
97.37
97.37
97.37
97.90
97.90
97.90
97.90
97.90
97.90
97.90
97.90
97.90
96.47
96.47
96.47
96.47
96.47
96.47
96.47
96.47
96.47
97.67
97.67
97.67
97.67
97.67
97.67
97.67
97.67
97.67
98.32
98.32
98.32
98.32
98.32
98.51
98.51
98.51
98.51
98.51
98.51
98.51
98.72
98.72
98.72
98.72
98.72
98.72
98.72
98.72
98.83
98.83
98.83
98.83
98.83
98.83
98.83
98.81
98.81
98.81
98.81
98.81
98.81
98.81
98.81
98.60
98.60
98.60
98.60
98.60
98.60
98.60
98.60
98.48
98.48
98.48
98.48
98.48
98.48
98.48
98.48
98.48
98.48
98.48
97.76
97.76
97.76
97.76
97.76
97.76
97.76
97.76
97.61
97.61
97.61
97.61
97.61
97.61
97.61
97.95
97.95
97.95
97.95
97.95
97.95
97.95
97.95
97.95
98.41
98.41
98.41
98.41
98.41
98.41
98.56
98.56
98.56
98.56
98.56
98.56
98.56
98.56
98.56
98.56
98.56
97.93
97.93
97.93
97.93
97.93
97.87
97.87
97.87
97.87
97.87
97.87
97.87
97.87
98.34
98.34
98.34
98.34
98.60
98.60
98.60
98.60
98.60
98.60
98.60
98.60
98.60
98.60
98.33
98.33
98.33
98.33
98.33
96.81
96.81
96.81
96.81
96.81
96.81
96.81
95.70
95.70
95.70
95.70
95.70
95.70
95.70
95.70
95.70
98.18
98.18
98.18
98.18
98.18
98.13
98.13
98.13
98.13
98.13
98.13
98.13
98.13
98.13
98.13
98.13
98.55
98.55
98.55
98.55
98.55
98.55
98.55
98.55
98.55
98.55
