98.88
98.88
98.88
98.88
98.88
98.88
98.88
98.88
98.69
98.69
98.69
98.69
98.69
98.69
98.68
98.68
98.68
98.68
98.68
98.68
98.68
98.68
98.84
98.84
98.84
98.84
98.91
98.91
98.91
98.91
98.91
98.91
98.91
98.91
98.91
98.91
98.86
98.86
98.86
98.86
98.86
98.86
98.86
98.86
98.86
98.87
98.87
98.87
98.87
98.87
98.87
98.87
98.87
98.91
98.91
98.91
98.91
98.91
98.91
98.91
98.91
98.88
98.88
98.88
98.88
98.88
98.82
98.82
98.82
98.82
98.82
98.82
98.82
98.82
98.79
98.79
98.79
98.79
98.79
98.84
98.84
98.84
98.84
98.84
98.84
98.53
98.53
98.53
98.53
98.70
98.70
98.70
98.70
98.70
98.53
98.53
98.53
98.53
98.53
98.53
98.53
98.53
98.53
98.63
98.63
98.63
98.63
98.63
98.63
98.63
98.15
98.15
98.15
98.15
98.15
98.15
98.15
97.81
97.81
97.81
97.81
97.81
97.81
97.81
97.81
97.81
98.26
98.26
98.26
98.26
98.26
98.26
98.26
98.26
97.92
97.92
97.92
97.92
97.92
97.92
97.92
97.92
97.92
97.79
97.79
97.79
97.79
97.79
97.79
97.79
97.79
97.79
97.79
97.79
98.40
98.40
98.40
98.40
98.83
98.83
98.83
98.83
98.83
98.83
98.83
98.83
98.83
98.83
98.79
98.79
98.79
98.79
98.79
98.79
98.79
98.79
98.79
98.79
98.62
98.62
98.62
98.62
98.54
98.54
98.54
98.54
98.57
98.57
98.57
98.57
98.57
98.57
98.57
98.57
98.73
98.73
98.73
98.73
98.73
98.73
98.73
98.73
98.73
98.73
98.81
98.81
98.81
98.81
98.81
98.81
98.81
98.91
98.91
98.91
98.91
98.91
98.91
98.91
98.85
98.85
98.85
98.85
98.85
98.85
98.85
98.85
98.85
98.79
98.79
98.79
98.79
98.79
98.79
98.79
98.79
98.48
98.48
98.48
98.48
98.48
98.48
98.48
98.18
98.18
98.18
98.18
98.18
98.18
98.18
98.18
98.18
98.42
98.42
98.42
98.42
98.42
98.42
98.42
98.42
98.42
98.48
98.48
98.48
98.48
98.48
98.48
98.48
98.48
98.62
98.62
98.62
98.62
98.62
98.62
98.62
98.74
98.74
98.74
98.74
98.74
98.74
98.74
98.78
98.78
98.78
98.78
98.78
98.78
98.78
98.78
98.81
98.81
98.81
98.81
98.81
98.81
98.81
98.81
98.82
98.82
98.82
98.82
98.82
98.82
98.82
98.74
98.74
98.74
98.74
98.74
98.77
98.77
98.77
98.77
98.77
98.77
98.77
98.77
98.77
98.59
98.59
98.59
98.59
98.59
98.59
98.59
98.59
98.52
98.52
98.52
98.52
98.52
98.52
98.52
98.52
98.52
98.52
97.91
97.91
97.91
97.91
98.50
98.50
98.50
98.50
98.50
98.50
98.50
98.50
98.50
98.50
98.50
98.69
98.69
98.69
98.69
98.69
