93.98
93.98
93.98
93.98
93.98
93.98
93.98
93.98
93.98
95.57
95.57
95.57
95.57
95.57
96.34
96.34
96.34
96.34
96.34
96.34
96.34
97.11
97.11
97.11
97.11
97.11
97.11
97.11
97.11
97.11
97.11
97.11
97.11
97.99
97.99
97.99
97.99
97.99
97.99
97.99
97.99
97.99
97.99
97.99
97.99
97.99
97.99
97.38
97.38
97.38
97.38
97.38
97.38
97.38
97.38
97.41
97.41
97.41
97.41
97.41
97.41
97.41
97.41
97.41
97.67
97.67
97.67
97.67
97.67
97.67
97.67
97.94
97.94
97.94
97.94
97.94
97.94
97.94
97.94
97.94
97.94
97.94
97.94
96.70
96.70
96.70
96.70
96.70
96.70
96.70
96.70
96.13
96.13
96.13
96.13
96.13
96.13
96.13
96.13
96.13
96.25
96.25
96.25
96.25
96.25
96.25
96.25
96.25
96.25
96.25
95.64
95.64
95.64
95.64
96.26
96.26
96.26
96.26
96.26
96.26
96.26
96.26
96.26
96.26
96.26
94.85
94.85
94.85
94.85
94.85
94.85
94.85
94.79
94.79
94.79
94.79
94.79
94.79
94.79
94.79
94.79
94.79
94.79
94.79
94.79
94.79
94.47
94.47
94.47
94.47
94.47
94.47
94.47
94.47
94.36
94.36
94.36
94.36
94.36
94.36
94.36
94.36
90.29
90.29
90.29
90.29
90.29
90.29
90.29
90.29
89.98
89.98
89.98
89.98
91.65
91.65
91.65
91.65
91.65
91.65
91.65
90.49
90.49
90.49
90.49
90.49
90.49
93.49
93.49
93.49
93.49
93.49
93.49
93.49
93.49
