92.99
92.99
92.99
92.99
92.99
92.99
92.99
92.99
92.99
92.82
92.82
92.82
92.82
92.82
92.82
92.82
92.82
92.82
92.82
92.82
96.63
96.63
96.63
96.63
96.63
96.63
96.63
96.63
97.58
97.58
97.58
97.58
97.58
97.58
97.58
97.58
98.12
98.12
98.12
98.12
98.12
98.12
98.12
98.45
98.45
98.45
98.45
98.45
98.45
97.96
97.96
97.96
97.96
97.96
98.27
98.27
98.27
98.27
98.27
98.27
98.27
98.27
98.27
97.31
97.31
97.31
97.31
97.31
97.31
97.31
97.31
97.31
98.11
98.11
98.11
98.11
98.11
97.95
97.95
97.95
97.95
97.95
97.95
97.95
97.95
98.37
98.37
98.37
98.37
98.37
98.37
98.37
98.37
98.29
98.29
98.29
98.29
98.29
98.29
98.29
96.58
96.58
96.58
96.58
96.58
96.58
96.58
95.94
95.94
95.94
95.94
95.94
93.70
93.70
93.70
93.70
93.70
93.70
93.70
93.70
95.53
95.53
95.53
95.53
95.33
95.33
95.33
95.33
95.33
95.33
97.02
97.02
97.02
97.02
97.02
97.02
97.02
97.02
97.02
97.02
98.25
98.25
98.25
98.25
98.25
98.25
98.25
98.61
98.61
98.61
98.61
98.61
98.61
98.61
98.61
98.58
98.58
98.58
98.58
98.58
98.58
98.58
98.58
98.58
98.58
98.58
98.58
98.58
98.58
98.58
98.58
98.58
98.58
98.58
97.56
97.56
97.56
97.56
97.56
97.56
98.04
98.04
98.04
98.04
98.04
98.33
98.33
98.33
98.33
98.33
98.33
98.33
98.33
98.44
98.44
98.44
98.44
98.44
98.44
98.44
98.44
98.63
98.63
98.63
98.63
98.63
98.63
98.63
98.63
98.63
98.63
98.63
98.63
98.53
98.53
98.53
98.53
98.53
98.53
98.53
98.53
97.91
97.91
97.91
97.91
