87.10
87.10
87.10
87.10
87.10
87.10
87.10
87.10
87.10
87.10
82.65
82.65
82.65
82.65
82.65
82.65
82.65
82.65
84.22
84.22
84.22
84.22
84.22
84.22
84.22
84.22
78.93
78.93
78.93
78.93
78.93
78.93
78.93
78.93
78.93
78.93
74.25
74.25
74.25
74.25
74.25
74.25
74.25
74.25
80.10
80.10
80.10
80.10
80.10
80.10
80.10
80.10
83.07
83.07
83.07
83.07
83.07
83.07
83.07
83.07
83.07
89.25
89.25
89.25
89.25
89.25
89.25
89.25
89.25
89.25
89.25
89.25
85.75
85.75
85.75
85.75
85.75
85.75
85.75
85.75
89.09
89.09
89.09
89.09
92.44
92.44
92.44
92.44
92.44
92.44
92.44
92.44
92.44
93.53
93.53
93.53
93.53
93.53
93.53
93.53
94.64
94.64
94.64
94.64
94.64
94.64
94.64
94.64
94.64
94.11
94.11
94.11
94.11
94.11
94.11
94.11
94.11
94.10
94.10
94.10
94.10
94.10
94.10
94.10
94.10
94.10
94.10
94.10
90.55
90.55
90.55
90.55
90.55
90.55
90.55
90.55
90.55
