89.64
89.64
89.64
89.64
89.64
89.64
89.64
89.64
90.29
90.29
90.29
90.29
90.29
90.29
90.29
90.29
90.50
90.50
90.50
90.50
90.50
90.50
90.50
90.50
90.50
92.29
92.29
92.29
92.29
92.29
92.29
92.29
92.29
90.71
90.71
90.71
90.71
90.71
90.71
90.71
90.71
90.71
87.76
87.76
87.76
87.76
87.76
87.76
89.42
89.42
89.42
89.42
89.42
89.42
89.42
86.40
86.40
86.40
86.40
90.31
90.31
90.31
90.31
90.31
90.31
90.31
90.31
90.31
89.48
89.48
89.48
89.48
89.48
92.17
92.17
92.17
92.17
94.88
94.88
94.88
94.88
94.88
94.88
94.88
94.88
94.88
95.44
95.44
95.44
95.44
95.44
95.44
95.44
95.44
96.46
96.46
96.46
96.46
96.46
96.46
97.33
97.33
97.33
97.33
97.33
97.33
97.33
97.33
96.30
96.30
96.30
96.30
95.29
95.29
95.29
95.29
95.03
95.03
95.03
95.03
95.03
95.03
95.03
95.03
95.03
96.03
96.03
96.03
96.03
97.74
97.74
97.74
97.74
97.74
97.74
97.74
97.74
97.67
97.67
97.67
97.67
97.67
96.65
96.65
96.65
96.65
96.65
96.65
96.65
96.65
96.65
96.65
96.65
96.46
96.46
96.46
96.46
95.53
95.53
95.53
95.53
95.53
95.53
95.53
95.53
95.53
95.53
95.53
95.53
95.37
95.37
95.37
95.37
95.37
95.37
95.37
95.37
95.37
95.37
95.37
95.37
95.37
95.37
