97.06
97.06
97.06
97.06
97.06
97.06
97.06
97.06
97.56
97.56
97.56
97.56
97.56
97.56
97.56
97.56
97.56
98.39
98.39
98.39
98.39
98.39
98.39
98.39
98.39
98.35
98.35
98.35
98.35
98.35
98.35
98.35
98.35
98.26
98.26
98.26
98.26
98.26
98.26
98.26
98.26
98.01
98.01
98.01
98.01
98.01
98.01
98.01
98.01
98.01
98.01
98.01
98.01
95.50
95.50
95.50
95.50
95.50
95.50
95.50
95.50
95.50
93.18
93.18
93.18
93.18
93.18
93.18
93.18
89.06
89.06
89.06
89.06
89.06
89.06
89.06
89.06
91.40
91.40
91.40
91.40
91.40
91.40
91.40
91.40
90.20
90.20
90.20
90.20
90.20
90.20
90.20
90.20
91.23
91.23
91.23
91.23
91.23
91.23
91.23
91.23
91.23
91.26
91.26
91.26
91.26
91.26
91.26
91.26
91.26
89.16
89.16
89.16
89.16
89.16
89.16
89.16
89.16
89.16
85.78
85.78
85.78
85.78
85.78
85.78
89.31
89.31
89.31
89.31
89.31
89.31
89.31
89.31
89.31
89.83
89.83
89.83
89.83
89.83
89.83
89.83
89.83
92.74
92.74
92.74
92.74
92.74
92.74
92.74
92.74
92.74
95.92
95.92
95.92
95.92
95.92
95.92
97.13
97.13
97.13
97.13
97.13
97.13
97.13
97.52
97.52
97.52
97.52
97.52
97.52
97.52
97.52
97.94
97.94
97.94
97.94
97.94
97.94
97.94
96.87
96.87
96.87
96.87
96.87
96.87
96.87
96.87
97.74
97.74
97.74
97.74
97.74
97.74
97.74
97.74
98.03
98.03
98.03
98.03
98.03
98.03
98.03
98.03
98.05
98.05
98.05
98.05
98.05
98.05
98.05
98.05
98.05
98.04
98.04
98.04
98.04
98.04
98.04
98.04
98.04
98.63
98.63
98.63
98.63
98.63
98.63
98.63
98.63
98.63
98.63
98.63
98.53
98.53
98.53
98.53
98.53
98.53
98.53
98.53
98.53
97.94
97.94
97.94
97.94
97.94
97.94
97.94
97.94
97.94
97.94
97.94
97.94
97.94
97.94
97.94
97.94
97.94
97.94
98.22
98.22
98.22
98.22
98.22
