63.33
63.33
63.33
63.33
63.33
69.88
69.88
69.88
69.88
69.88
69.88
69.88
69.88
69.86
69.86
69.86
69.86
69.86
69.86
58.63
58.63
58.63
58.63
58.63
58.63
57.81
57.81
57.81
57.81
57.81
57.81
73.66
73.66
73.66
73.66
73.66
73.66
73.66
73.66
85.36
85.36
85.36
85.36
85.36
85.36
85.36
85.36
87.97
87.97
87.97
87.97
87.97
87.97
87.97
89.62
89.62
89.62
89.62
89.62
89.62
91.64
91.64
91.64
91.64
94.94
94.94
94.94
94.94
94.94
94.94
94.94
94.94
95.06
95.06
95.06
95.06
95.06
95.06
97.00
97.00
97.00
97.00
97.00
97.00
97.00
96.17
96.17
96.17
96.17
96.17
96.17
96.17
96.17
96.17
98.16
98.16
98.16
98.16
98.16
98.16
98.16
98.16
98.16
98.16
98.16
98.47
98.47
98.47
98.47
98.47
98.47
98.47
98.47
98.64
98.64
98.64
98.64
98.64
98.64
98.64
98.64
98.64
98.64
98.64
98.64
98.58
98.58
98.58
98.58
98.58
98.58
98.58
98.58
98.58
98.58
98.58
98.58
98.79
98.79
98.79
98.79
98.79
98.79
98.79
98.69
98.69
98.69
98.69
98.69
98.29
98.29
98.29
98.29
98.29
98.29
98.29
97.46
97.46
97.46
97.46
97.46
97.46
97.46
97.46
97.46
97.46
97.46
97.46
95.45
95.45
95.45
95.45
95.45
95.45
95.45
95.45
87.77
87.77
87.77
87.77
87.77
87.77
93.16
93.16
93.16
93.16
93.16
93.16
97.43
97.43
97.43
97.43
97.43
97.43
97.43
97.43
96.66
96.66
96.66
96.66
96.66
96.66
96.66
96.66
98.21
98.21
98.21
98.21
97.45
97.45
97.45
97.45
97.45
97.45
97.97
97.97
97.97
97.97
97.97
97.97
97.71
97.71
97.71
97.71
97.71
97.71
97.71
97.71
97.71
97.71
97.71
97.68
97.68
97.68
97.68
97.68
97.68
97.68
97.68
98.08
98.08
98.08
98.08
98.08
98.50
98.50
98.50
98.50
98.50
98.50
98.50
98.54
98.54
98.54
98.54
98.54
98.54
98.54
98.54
98.24
98.24
98.24
98.24
98.24
98.24
98.32
98.32
98.32
98.32
98.32
98.32
98.32
98.32
98.32
98.32
98.32
97.32
97.32
97.32
97.32
97.32
97.32
98.07
98.07
98.07
98.07
98.07
98.41
98.41
98.41
98.41
98.41
98.35
98.35
98.35
98.35
98.35
98.35
98.35
98.35
98.00
98.00
98.00
98.00
98.00
97.94
97.94
97.94
97.94
97.94
98.52
98.52
98.52
98.52
98.52
98.52
98.52
98.73
98.73
98.73
98.73
98.73
98.73
98.73
98.73
98.73
98.73
98.73
98.73
98.73
98.73
98.73
98.45
98.45
98.45
98.45
98.72
98.72
98.72
98.72
98.72
98.72
98.72
98.72
98.72
98.62
98.62
98.62
98.62
98.62
98.62
98.62
98.62
98.79
98.79
98.79
98.79
98.79
98.79
98.79
98.79
98.65
98.65
98.65
98.65
98.65
98.65
98.65
98.65
98.76
98.76
98.76
98.76
98.76
98.76
98.76
98.76
98.28
98.28
98.28
98.28
98.28
98.28
98.28
98.28
98.28
