98.88
98.88
98.88
98.88
98.88
98.88
98.88
98.89
98.89
98.89
98.89
98.89
98.89
98.89
98.89
98.89
98.89
98.89
98.89
98.92
98.92
98.92
98.92
98.92
98.92
98.92
98.92
98.92
98.92
98.92
98.92
98.92
98.92
98.92
98.92
98.92
98.92
98.92
98.78
98.78
98.78
98.78
98.78
98.78
98.78
98.78
98.78
98.78
98.89
98.89
98.89
98.89
98.89
98.89
98.89
98.89
98.89
98.89
98.89
98.79
98.79
98.79
98.79
98.79
98.79
98.79
98.79
98.79
98.79
98.79
98.79
98.73
98.73
98.73
98.73
98.73
98.73
98.73
98.73
98.82
98.82
98.82
98.82
98.82
98.82
98.82
98.64
98.64
98.64
98.64
98.64
98.64
98.64
98.64
98.64
98.64
98.64
98.71
98.71
98.71
98.71
98.71
98.71
98.71
98.71
98.71
98.71
98.71
98.88
98.88
98.88
98.88
98.88
98.88
98.88
98.88
98.88
98.88
98.88
98.87
98.87
98.87
98.87
98.87
98.87
98.87
98.81
98.81
98.81
98.81
98.81
98.81
98.81
98.81
98.81
98.81
98.81
98.81
98.81
98.81
98.81
98.81
98.81
98.81
98.81
98.63
98.63
98.63
98.63
98.63
98.63
98.63
98.63
98.63
98.48
98.48
98.48
98.48
98.48
97.70
97.70
97.70
97.70
97.70
97.70
97.70
97.70
97.70
97.70
95.37
95.37
95.37
95.37
95.37
95.37
95.37
95.37
95.37
95.37
95.37
95.37
95.37
95.37
96.42
96.42
96.42
96.42
96.42
96.42
96.61
96.61
96.61
96.61
96.61
96.61
96.61
96.61
96.61
97.83
97.83
97.83
97.83
97.83
97.83
