97.75
97.75
97.75
97.75
97.75
97.75
97.75
97.75
97.75
97.69
97.69
97.69
97.69
97.69
97.69
97.69
97.69
97.69
95.78
95.78
95.78
95.78
95.78
95.78
95.78
95.78
96.80
96.80
96.80
96.80
96.80
96.80
96.80
96.80
96.80
96.80
96.80
96.59
96.59
96.59
96.59
96.59
96.59
95.74
95.74
95.74
95.74
95.74
95.74
95.74
95.74
92.29
92.29
92.29
92.29
92.29
92.29
92.29
92.29
94.30
94.30
94.30
94.30
97.18
97.18
97.18
97.18
97.18
97.18
97.18
97.18
97.18
98.02
98.02
98.02
98.02
98.02
98.02
98.02
98.02
98.02
98.44
98.44
98.44
98.44
98.44
98.44
98.44
98.46
98.46
98.46
98.46
98.46
98.46
98.46
98.46
98.37
98.37
98.37
98.37
98.37
98.37
98.37
98.37
98.37
98.48
98.48
98.48
98.48
98.48
98.48
98.48
98.37
98.37
98.37
98.37
98.37
98.37
98.37
98.37
98.54
98.54
98.54
98.54
98.54
98.54
98.54
98.54
98.54
98.54
98.54
98.54
