47.09
47.09
47.09
47.09
47.09
47.09
47.09
47.09
47.09
47.09
47.09
42.75
42.75
42.75
42.75
42.75
42.75
42.75
42.75
42.75
41.45
41.45
41.45
41.45
41.45
41.45
41.45
41.45
41.45
41.45
41.45
51.19
51.19
51.19
51.19
51.19
51.19
51.19
51.19
59.63
59.63
59.63
59.63
59.63
59.63
59.63
59.63
59.63
59.63
59.63
63.92
63.92
63.92
63.92
63.92
63.92
63.92
63.92
72.04
72.04
72.04
72.04
72.04
72.04
72.04
83.70
83.70
83.70
83.70
83.70
83.70
83.70
83.70
91.57
91.57
91.57
91.57
91.57
91.57
93.93
93.93
93.93
93.93
93.93
93.93
92.28
92.28
92.28
92.28
92.28
92.28
92.28
93.45
93.45
93.45
93.45
93.45
93.45
93.45
93.45
95.79
95.79
95.79
95.79
95.79
95.79
91.38
91.38
91.38
91.38
91.38
91.38
91.38
91.38
91.38
91.38
91.38
91.22
91.22
91.22
91.22
91.22
91.22
91.22
91.22
91.22
90.72
90.72
90.72
90.72
90.72
90.72
90.72
90.72
90.72
90.72
90.72
91.17
91.17
91.17
91.17
91.17
91.17
91.17
91.17
91.17
92.53
92.53
92.53
92.53
92.53
92.53
92.53
91.79
91.79
91.79
91.79
91.79
91.79
91.79
91.79
91.79
95.34
95.34
95.34
95.34
95.34
95.34
93.41
93.41
93.41
93.41
93.41
93.41
93.41
93.41
89.98
89.98
89.98
89.98
89.98
89.98
89.98
89.98
89.98
86.52
86.52
86.52
86.52
86.52
86.52
86.52
86.52
87.56
87.56
87.56
87.56
87.56
87.56
87.56
87.56
87.56
87.56
87.56
87.74
87.74
87.74
87.74
87.74
87.74
87.74
93.70
93.70
93.70
93.70
93.70
93.70
93.70
93.70
93.70
93.70
96.17
96.17
96.17
96.17
96.17
96.17
94.66
94.66
94.66
94.66
94.66
94.66
94.66
94.66
94.66
92.91
92.91
92.91
92.91
92.91
92.91
92.91
92.91
92.91
96.27
96.27
96.27
96.27
96.27
96.27
95.36
95.36
95.36
95.36
95.36
95.36
95.36
93.12
93.12
93.12
93.12
93.12
93.12
93.12
93.12
93.12
89.76
89.76
89.76
89.76
89.76
89.76
89.76
90.59
90.59
90.59
90.59
92.47
92.47
92.47
92.47
92.47
92.47
92.47
90.63
90.63
90.63
90.63
90.63
91.14
91.14
91.14
91.14
91.14
91.14
91.14
91.14
91.14
91.14
89.21
89.21
89.21
89.21
89.21
89.21
89.21
89.21
93.97
93.97
93.97
93.97
93.97
93.97
