98.70
98.70
98.70
98.70
98.70
98.70
98.70
98.70
98.70
98.75
98.75
98.75
98.75
98.75
98.75
98.75
98.72
98.72
98.72
98.72
98.72
98.72
98.72
98.78
98.78
98.78
98.78
98.78
98.78
98.78
98.78
98.78
98.78
98.78
98.78
98.78
98.78
98.78
98.78
98.59
98.59
98.59
98.59
98.59
98.59
98.59
98.59
98.59
98.59
98.62
98.62
98.62
98.62
98.62
98.62
98.45
98.45
98.45
98.45
98.45
98.45
98.45
98.45
98.58
98.58
98.58
98.58
98.58
98.58
98.58
98.58
98.51
98.51
98.51
98.51
98.51
98.51
98.51
98.22
98.22
98.22
98.22
98.22
98.22
98.22
97.54
97.54
97.54
97.54
97.54
97.54
97.54
97.27
97.27
97.27
97.27
97.27
97.27
93.37
93.37
93.37
93.37
93.37
93.37
93.37
94.25
94.25
94.25
94.25
94.25
94.25
94.25
94.25
94.25
96.30
96.30
96.30
96.30
96.30
96.30
96.30
96.30
95.54
95.54
95.54
95.54
95.54
95.54
95.54
95.54
96.82
96.82
96.82
96.82
96.82
96.82
98.11
98.11
98.11
98.11
98.11
98.11
98.11
98.11
98.36
98.36
98.36
98.36
98.36
98.36
98.72
98.72
98.72
98.72
98.72
98.72
98.72
98.72
98.72
98.72
98.72
98.76
98.76
98.76
98.76
98.76
98.76
98.76
98.76
98.76
98.76
98.76
98.76
98.69
98.69
98.69
98.69
98.69
98.55
98.55
98.55
98.55
98.55
98.55
98.55
98.55
98.55
98.65
98.65
98.65
98.65
98.65
98.65
98.65
98.59
98.59
98.59
98.59
98.59
98.59
98.59
98.49
98.49
98.49
98.49
98.49
98.70
98.70
98.70
98.70
98.70
98.70
98.70
98.70
98.74
98.74
98.74
98.74
98.74
98.74
98.74
98.74
98.80
98.80
98.80
98.80
98.80
98.80
98.80
98.80
98.80
98.80
98.80
98.85
98.85
98.85
98.85
98.85
98.85
98.85
98.85
98.85
98.85
98.85
98.85
98.84
98.84
98.84
98.84
98.84
98.84
98.84
98.84
98.79
98.79
98.79
98.79
98.79
98.79
98.79
98.81
98.81
98.81
98.81
98.81
98.83
98.83
98.83
98.83
98.83
98.83
98.60
98.60
98.60
98.60
98.60
98.60
98.60
98.60
98.63
98.63
98.63
98.63
98.63
98.63
98.63
98.63
98.55
98.55
98.55
98.55
98.55
98.55
98.55
98.55
98.55
98.55
98.55
98.45
98.45
98.45
98.45
98.45
98.45
98.45
98.45
97.68
97.68
97.68
97.68
97.68
97.68
97.68
97.68
97.68
97.67
97.67
97.67
97.67
97.67
97.67
97.67
97.67
97.67
97.67
97.67
98.10
98.10
98.10
98.10
98.10
98.10
98.10
98.10
98.10
98.10
98.10
98.24
98.24
98.24
98.24
98.24
98.24
98.24
98.24
97.17
97.17
97.17
97.17
97.17
97.17
97.17
97.51
97.51
97.51
97.51
97.51
97.51
97.51
98.01
98.01
98.01
98.01
98.01
98.01
98.01
98.01
98.01
98.19
98.19
98.19
98.19
98.19
98.19
98.19
98.19
98.19
98.19
98.19
98.19
98.28
98.28
98.28
98.28
98.28
98.28
98.28
98.73
98.73
98.73
98.73
98.73
98.73
98.73
98.85
98.85
98.85
98.85
98.85
98.85
98.85
98.80
98.80
98.80
98.80
98.80
98.80
98.80
98.42
98.42
98.42
98.42
98.42
98.42
98.42
98.20
98.20
98.20
98.20
98.20
98.20
98.20
98.20
98.20
98.20
98.47
98.47
98.47
98.47
98.47
98.47
98.47
98.47
98.32
98.32
98.32
98.32
98.32
98.32
98.32
98.32
98.27
98.27
98.27
98.27
98.27
98.27
98.27
98.27
98.27
98.27
98.27
98.36
98.36
98.36
98.36
98.36
98.36
98.36
98.36
95.60
95.60
95.60
95.60
95.60
95.60
95.60
95.60
95.60
