92.73
92.73
92.73
92.73
92.73
92.73
92.73
92.73
92.73
93.87
93.87
93.87
93.87
93.87
96.00
96.00
96.00
96.00
97.42
97.42
97.42
97.42
97.42
97.42
97.42
97.37
97.37
97.37
97.37
97.37
95.83
95.83
95.83
95.83
95.83
95.83
95.83
95.83
97.53
97.53
97.53
97.53
97.53
97.93
97.93
97.93
97.93
97.93
97.93
97.93
97.93
96.89
96.89
96.89
96.89
96.89
96.89
96.23
96.23
96.23
96.23
96.23
96.23
96.23
96.23
96.98
96.98
96.98
96.98
96.98
96.98
96.98
96.98
96.04
96.04
96.04
96.04
96.04
96.04
96.04
96.04
96.04
92.10
92.10
92.10
92.10
92.10
92.10
92.10
92.10
92.10
92.10
92.10
92.11
92.11
92.11
92.11
92.11
92.11
92.11
92.11
92.11
92.11
92.11
92.11
93.12
93.12
93.12
93.12
93.12
93.12
93.12
93.12
93.12
83.87
83.87
83.87
83.87
83.87
83.87
83.87
87.10
87.10
87.10
87.10
87.10
87.10
89.32
89.32
89.32
89.32
89.32
89.32
89.32
89.32
89.32
94.34
94.34
94.34
94.34
94.34
94.34
94.34
92.55
92.55
92.55
92.55
92.55
92.61
92.61
92.61
92.61
92.61
92.61
92.61
92.61
92.61
95.47
95.47
95.47
95.47
95.47
96.78
96.78
96.78
96.78
96.78
96.78
96.78
96.78
96.78
97.27
97.27
97.27
97.27
97.27
97.27
97.27
97.27
97.27
97.27
97.27
97.12
97.12
97.12
97.12
97.12
97.12
97.12
97.12
97.12
96.87
96.87
96.87
96.87
96.87
96.87
96.87
96.87
