97.99
97.99
97.99
97.99
97.99
97.99
97.99
97.99
95.81
95.81
95.81
95.81
95.81
95.81
95.81
95.81
95.81
95.81
95.81
92.30
92.30
92.30
92.30
91.15
91.15
91.15
91.15
89.99
89.99
89.99
89.99
89.99
90.51
90.51
90.51
90.51
90.51
90.51
90.51
90.51
90.51
90.51
90.51
90.51
88.63
88.63
88.63
88.63
88.63
88.63
88.63
88.63
85.74
85.74
85.74
85.74
85.74
85.74
85.74
85.74
85.74
90.22
90.22
90.22
90.22
93.91
93.91
93.91
93.91
93.91
93.91
93.91
94.46
94.46
94.46
94.46
94.46
94.46
94.46
93.64
93.64
93.64
93.64
93.64
92.29
92.29
92.29
92.29
92.29
92.29
92.29
92.29
92.29
92.29
92.29
91.50
91.50
91.50
91.50
91.50
91.50
94.18
94.18
94.18
94.18
94.18
94.18
94.18
94.18
93.28
93.28
93.28
93.28
93.28
93.28
93.28
93.28
93.28
93.28
93.28
93.28
95.14
95.14
95.14
95.14
95.14
95.14
95.14
95.14
97.13
97.13
97.13
97.13
97.13
97.13
97.13
97.13
97.13
97.13
97.13
96.60
96.60
96.60
96.60
96.60
96.60
96.60
96.60
96.60
96.60
96.60
97.00
97.00
97.00
97.00
97.00
97.00
97.00
98.40
98.40
98.40
98.40
98.40
98.40
98.40
98.40
98.60
98.60
98.60
98.60
98.60
98.60
98.60
98.60
98.24
98.24
98.24
98.24
98.24
98.24
98.24
98.24
98.24
98.24
98.24
98.56
98.56
98.56
98.56
98.56
98.56
98.56
98.56
98.60
98.60
98.60
98.60
98.60
98.60
98.60
98.60
98.52
98.52
98.52
98.52
98.52
98.52
98.52
98.52
98.42
98.42
98.42
98.42
98.42
98.42
98.42
98.42
98.42
98.26
98.26
98.26
98.26
98.26
98.26
98.26
98.23
98.23
98.23
98.23
98.79
98.79
98.79
98.79
98.79
98.79
98.79
98.79
98.79
98.79
98.79
98.85
98.85
98.85
98.85
98.85
98.85
98.85
98.85
98.85
98.85
98.85
98.84
98.84
98.84
98.84
98.84
98.84
98.84
98.84
98.76
98.76
98.76
98.76
98.76
98.72
98.72
98.72
98.72
98.72
98.72
98.72
98.72
98.72
98.69
98.69
98.69
98.69
98.69
98.69
98.69
98.69
98.83
98.83
98.83
98.83
98.83
98.83
98.83
98.83
98.83
98.83
98.83
98.68
98.68
98.68
98.68
98.68
98.68
98.68
98.68
98.68
98.68
98.68
98.68
98.04
98.04
98.04
98.04
98.04
98.04
98.04
98.04
98.04
98.04
98.04
98.04
98.04
98.04
97.63
97.63
97.63
97.63
97.63
97.63
97.63
97.63
97.63
97.63
97.63
95.48
95.48
95.48
95.48
95.48
95.48
95.48
95.48
