98.77
98.77
98.77
98.77
98.77
98.77
98.77
98.77
98.81
98.81
98.81
98.81
98.81
98.81
98.81
98.81
98.81
98.73
98.73
98.73
98.73
98.73
98.73
98.73
98.82
98.82
98.82
98.82
98.82
98.82
98.82
98.82
98.82
98.82
98.82
98.82
98.60
98.60
98.60
98.60
98.60
98.60
98.60
98.60
98.60
98.61
98.61
98.61
98.61
98.61
98.61
97.93
97.93
97.93
97.93
98.47
98.47
98.47
98.47
98.47
98.47
98.66
98.66
98.66
98.66
98.66
98.66
98.66
98.66
98.62
98.62
98.62
98.62
98.72
98.72
98.72
98.72
98.72
98.72
98.72
98.53
98.53
98.53
98.53
98.53
98.53
98.53
98.53
98.53
98.63
98.63
98.63
98.63
98.63
98.84
98.84
98.84
98.84
98.84
98.84
98.77
98.77
98.77
98.77
98.77
98.77
98.77
98.77
98.73
98.73
98.73
98.73
98.73
98.73
98.73
98.73
98.73
98.75
98.75
98.75
98.75
98.75
98.75
98.75
98.75
98.80
98.80
98.80
98.80
98.80
98.80
98.80
98.80
98.60
98.60
98.60
98.60
98.60
98.38
98.38
98.38
98.38
98.38
98.30
98.30
98.30
98.30
98.30
98.30
98.30
98.30
98.37
98.37
98.37
98.37
98.84
98.84
98.84
98.84
98.84
98.84
98.84
98.84
98.72
98.72
98.72
98.72
98.72
98.87
98.87
98.87
98.87
98.87
98.87
98.87
98.87
98.87
98.87
98.87
98.87
98.87
98.87
98.80
98.80
98.80
98.80
98.80
98.80
98.80
98.69
98.69
98.69
98.69
98.69
98.69
98.69
98.69
98.69
98.69
98.69
98.27
98.27
98.27
98.27
98.27
98.27
98.27
98.27
98.27
94.47
94.47
94.47
94.47
94.47
