98.54
98.54
98.54
98.54
98.54
98.69
98.69
98.69
98.69
98.69
98.69
98.69
98.69
98.69
98.79
98.79
98.79
98.79
98.79
98.79
98.79
98.44
98.44
98.44
98.44
98.44
98.44
98.22
98.22
98.22
98.22
98.74
98.74
98.74
98.74
98.74
98.62
98.62
98.62
98.62
98.62
98.62
98.62
98.62
98.62
98.27
98.27
98.27
98.27
98.27
98.27
97.99
97.99
97.99
97.99
97.99
97.99
96.09
96.09
96.09
96.09
96.09
96.09
96.41
96.41
96.41
96.41
96.41
96.41
96.59
96.59
96.59
96.59
96.59
96.59
96.59
95.54
95.54
95.54
95.54
97.92
97.92
97.92
97.92
98.79
98.79
98.79
98.79
98.79
98.79
98.79
98.79
98.79
98.79
98.79
98.79
98.86
98.86
98.86
98.86
98.86
98.86
98.86
98.88
98.88
98.88
98.88
98.88
98.88
98.88
98.88
98.88
98.88
98.88
98.80
98.80
98.80
98.80
98.80
98.80
98.80
98.46
98.46
98.46
98.46
98.46
98.46
98.34
98.34
98.34
98.34
98.34
98.34
98.48
98.48
98.48
98.48
98.48
98.51
98.51
98.51
98.51
98.51
98.51
98.51
98.85
98.85
98.85
98.85
98.85
98.85
98.85
98.85
98.79
98.79
98.79
98.79
98.79
98.79
98.79
98.91
98.91
98.91
98.91
98.91
98.91
98.95
98.95
98.95
98.95
98.95
98.95
98.95
98.95
98.95
98.95
98.95
98.94
98.94
98.94
98.94
98.94
98.94
98.94
98.91
98.91
98.91
98.91
98.91
98.91
98.91
98.91
98.91
98.91
98.91
98.78
98.78
98.78
98.78
98.80
98.80
98.80
98.80
98.80
98.80
98.80
96.68
96.68
96.68
96.68
97.20
97.20
97.20
97.20
97.20
97.20
98.39
98.39
98.39
98.39
98.39
98.63
98.63
98.63
98.63
98.63
98.63
98.63
98.63
98.63
98.63
98.63
98.85
98.85
98.85
98.85
98.85
98.85
98.85
98.85
98.86
98.86
98.86
98.86
98.86
98.86
98.86
98.92
98.92
98.92
98.92
98.92
98.92
98.92
98.92
98.80
98.80
98.80
98.80
98.80
98.80
98.80
98.68
98.68
98.68
98.68
98.52
98.52
98.52
98.52
98.52
98.52
98.52
98.52
98.68
98.68
98.68
98.68
98.68
98.68
98.68
98.68
98.68
98.68
98.68
98.68
98.89
98.89
98.89
98.89
98.89
98.89
98.89
98.89
98.63
98.63
98.63
98.63
98.63
98.63
98.63
98.63
98.51
98.51
98.51
98.51
98.51
98.51
98.51
98.51
98.51
98.51
98.51
97.35
97.35
97.35
97.35
97.62
97.62
97.62
97.62
97.62
97.62
97.62
97.43
97.43
97.43
97.43
97.43
97.43
97.43
97.43
96.29
96.29
96.29
96.29
96.29
96.29
95.33
95.33
95.33
95.33
95.33
95.33
95.33
95.72
95.72
95.72
95.72
97.80
97.80
97.80
97.80
97.80
97.80
98.28
98.28
98.28
98.28
98.28
98.28
98.55
98.55
98.55
98.55
98.55
98.55
98.77
98.77
98.77
98.77
98.77
98.77
