45.53
45.53
45.53
45.53
45.53
45.53
45.53
54.83
54.83
54.83
54.83
44.44
44.44
44.44
44.44
44.44
44.44
44.44
50.38
50.38
50.38
50.38
50.38
50.38
50.38
50.38
50.38
50.38
50.38
52.61
52.61
52.61
52.61
52.61
52.61
52.61
52.61
52.61
52.61
52.61
50.34
50.34
50.34
50.34
50.34
50.34
50.34
50.34
44.32
44.32
44.32
44.32
44.32
44.32
44.32
50.19
50.19
50.19
50.19
50.19
50.19
54.62
54.62
54.62
54.62
54.62
54.62
54.62
54.62
54.53
54.53
54.53
54.53
54.53
54.53
54.53
54.53
54.53
54.53
54.53
59.84
59.84
59.84
59.84
59.84
59.84
66.71
66.71
66.71
66.71
66.71
66.71
66.71
74.55
74.55
74.55
74.55
74.55
74.55
74.55
74.55
74.55
84.93
84.93
84.93
84.93
84.93
84.93
84.93
84.93
84.93
84.93
84.93
90.26
90.26
90.26
90.26
90.26
90.26
92.70
92.70
92.70
92.70
92.70
92.70
92.70
92.70
92.70
92.99
92.99
92.99
92.99
92.99
92.99
92.99
92.84
92.84
92.84
92.84
92.84
92.84
92.84
93.07
93.07
93.07
93.07
93.07
93.07
93.07
93.07
88.80
88.80
88.80
88.80
88.80
88.80
88.80
88.80
88.80
86.84
86.84
86.84
86.84
92.28
92.28
92.28
92.28
92.28
92.28
92.28
92.28
92.28
94.33
94.33
94.33
94.33
94.33
94.33
94.33
95.95
95.95
95.95
95.95
95.95
95.95
95.95
95.95
94.99
94.99
94.99
94.99
94.99
94.99
93.99
93.99
93.99
93.99
93.99
93.99
93.33
93.33
93.33
93.33
93.33
93.33
93.33
93.33
93.33
93.33
93.33
90.15
90.15
90.15
90.15
90.15
90.15
90.15
85.49
85.49
85.49
85.49
85.49
85.49
85.49
77.94
77.94
77.94
77.94
82.40
82.40
82.40
82.40
86.64
86.64
86.64
86.64
86.64
86.64
86.64
86.64
86.64
91.70
91.70
91.70
91.70
91.70
91.70
91.70
91.70
91.70
93.40
93.40
93.40
93.40
93.40
93.40
93.40
93.40
93.40
93.40
93.40
95.56
95.56
95.56
95.56
95.56
95.56
95.56
95.56
95.44
95.44
95.44
95.44
95.44
95.44
95.70
95.70
95.70
95.70
95.70
95.70
95.70
95.70
94.07
94.07
94.07
94.07
94.07
94.07
94.07
93.77
93.77
93.77
93.77
93.77
93.77
93.77
93.77
93.77
95.35
95.35
95.35
95.35
95.35
95.35
95.35
95.35
94.33
94.33
94.33
94.33
94.33
94.33
94.33
94.33
91.92
91.92
91.92
91.92
91.92
91.92
91.92
91.92
92.26
92.26
92.26
92.26
92.26
92.26
91.13
91.13
91.13
91.13
91.13
91.13
91.13
93.12
93.12
93.12
93.12
93.12
93.12
93.12
93.12
92.23
92.23
92.23
92.23
92.23
92.23
92.23
92.23
92.23
92.23
92.23
90.64
90.64
90.64
90.64
90.64
90.64
90.64
90.64
