95.84
95.84
95.84
95.84
95.36
95.36
95.36
95.36
95.36
95.36
95.36
89.31
89.31
89.31
89.31
89.31
89.31
89.31
89.31
89.31
86.94
86.94
86.94
86.94
86.94
86.94
86.94
86.94
91.00
91.00
91.00
91.00
91.00
91.00
91.00
91.00
91.86
91.86
91.86
91.86
91.86
91.86
91.86
92.86
92.86
92.86
92.86
92.86
92.86
92.86
92.86
92.86
92.86
92.86
93.69
93.69
93.69
93.69
93.69
93.69
93.69
94.86
94.86
94.86
94.86
94.86
94.86
94.86
94.86
93.00
93.00
93.00
93.00
93.00
93.96
93.96
93.96
93.96
93.96
93.96
93.96
93.96
97.13
97.13
97.13
97.13
97.13
97.13
95.72
95.72
95.72
95.72
95.72
95.72
97.96
97.96
97.96
97.96
97.96
97.96
98.37
98.37
98.37
98.37
98.37
98.62
98.62
98.62
98.62
98.62
98.62
98.62
98.62
