85.92
85.92
85.92
85.92
85.92
85.92
85.92
85.92
85.92
85.82
85.82
85.82
85.82
85.82
85.82
85.82
85.82
86.42
86.42
86.42
86.42
86.42
86.42
86.42
86.42
87.64
87.64
87.64
87.64
87.64
87.64
87.64
87.64
84.67
84.67
84.67
84.67
84.67
84.67
84.67
84.67
84.67
84.67
84.67
85.12
85.12
85.12
85.12
85.12
85.12
85.12
85.12
85.12
85.07
85.07
85.07
85.07
85.07
85.07
85.07
83.30
83.30
83.30
83.30
83.30
83.30
83.30
83.30
83.30
83.30
83.30
82.34
82.34
82.34
82.34
82.34
79.25
79.25
79.25
79.25
79.25
79.25
79.25
79.25
79.25
77.52
77.52
77.52
77.52
77.52
77.52
77.52
77.52
77.52
72.35
72.35
72.35
72.35
72.35
72.35
72.35
71.77
71.77
71.77
71.77
71.77
71.77
71.77
71.77
71.77
71.77
71.77
74.80
74.80
74.80
74.80
74.80
74.80
74.80
74.80
74.80
80.10
80.10
80.10
80.10
80.10
80.10
80.10
80.10
80.10
80.10
80.10
86.08
86.08
86.08
86.08
86.08
89.33
89.33
89.33
89.33
89.33
89.33
89.33
89.33
90.90
90.90
90.90
90.90
90.90
90.90
94.13
94.13
94.13
94.13
94.13
94.13
94.13
94.13
94.13
94.13
94.13
94.39
94.39
94.39
94.39
94.39
94.39
94.39
94.39
95.65
95.65
95.65
95.65
95.65
95.65
95.65
95.65
95.65
96.33
96.33
96.33
96.33
96.33
96.33
96.33
96.33
95.75
95.75
95.75
95.75
95.75
95.75
95.75
95.75
95.75
94.80
94.80
94.80
94.80
94.80
94.80
94.80
94.80
93.15
93.15
93.15
93.15
93.15
93.15
93.15
93.15
92.07
92.07
92.07
92.07
92.07
92.07
92.07
92.07
92.07
94.49
94.49
94.49
94.49
94.49
94.49
94.49
94.49
94.69
94.69
94.69
94.69
94.69
94.69
94.69
94.69
95.16
95.16
95.16
95.16
95.16
95.16
95.16
96.07
96.07
96.07
96.07
96.07
96.07
96.07
96.07
96.46
96.46
96.46
96.46
96.46
96.46
95.94
95.94
95.94
95.94
95.94
95.94
95.94
95.21
95.21
95.21
95.21
94.99
94.99
94.99
94.99
94.99
94.99
94.99
94.99
93.45
93.45
93.45
93.45
93.45
93.45
93.45
93.45
93.45
93.45
93.45
93.45
90.79
90.79
90.79
90.79
90.79
90.79
90.79
90.79
