98.93
98.93
98.93
98.93
98.93
98.93
98.93
98.93
98.93
98.93
98.93
98.93
98.93
98.93
98.93
98.80
98.80
98.80
98.80
98.80
98.80
98.80
98.80
98.70
98.70
98.70
98.70
98.70
98.70
98.70
98.57
98.57
98.57
98.57
98.57
98.20
98.20
98.20
98.20
98.64
98.64
98.64
98.64
98.64
98.64
98.64
98.64
98.81
98.81
98.81
98.81
98.81
98.81
98.81
98.75
98.75
98.75
98.75
98.75
98.75
98.75
98.75
98.75
98.73
98.73
98.73
98.73
98.73
98.73
98.73
98.73
98.73
98.51
98.51
98.51
98.51
98.51
98.51
98.51
98.51
98.00
98.00
98.00
98.00
98.00
98.00
98.00
98.00
98.00
98.00
98.00
98.00
98.26
98.26
98.26
98.26
98.26
98.26
98.69
98.69
98.69
98.69
98.69
98.69
98.69
98.65
98.65
98.65
98.65
98.65
98.65
98.65
98.43
98.43
98.43
98.43
98.43
98.43
98.43
98.43
98.66
98.66
98.66
98.66
98.66
98.66
98.66
98.80
98.80
98.80
98.80
98.80
98.80
98.80
98.80
98.81
98.81
98.81
98.81
98.81
98.81
98.81
98.81
98.81
98.77
98.77
98.77
98.77
98.77
98.77
98.77
98.77
98.78
98.78
98.78
98.78
98.78
98.78
98.78
98.79
98.79
98.79
98.79
98.91
98.91
98.91
98.91
98.91
98.91
98.90
98.90
98.90
98.90
98.90
98.90
98.90
98.90
98.85
98.85
98.85
98.85
98.85
98.85
98.85
98.85
98.78
98.78
98.78
98.78
98.78
98.78
98.78
98.78
98.78
