84.97
84.97
84.97
84.97
84.97
84.97
93.89
93.89
93.89
93.89
93.89
93.89
95.28
95.28
95.28
95.28
95.28
95.28
95.28
96.74
96.74
96.74
96.74
96.74
96.74
96.74
96.74
96.74
96.74
96.74
97.60
97.60
97.60
97.60
97.60
97.60
97.60
97.60
96.63
96.63
96.63
96.63
96.63
96.63
96.63
96.63
98.34
98.34
98.34
98.34
98.34
98.34
98.22
98.22
98.22
98.22
98.22
98.22
98.22
98.22
98.51
98.51
98.51
98.51
98.51
98.51
98.51
98.58
98.58
98.58
98.58
98.58
98.58
98.58
98.58
98.58
98.58
98.58
98.40
98.40
98.40
98.40
98.40
98.40
98.40
98.40
98.66
98.66
98.66
98.66
98.66
98.66
98.66
98.66
98.36
98.36
98.36
98.36
98.36
98.36
98.22
98.22
98.22
98.22
98.22
98.22
98.22
98.22
98.22
98.11
98.11
98.11
98.11
98.11
98.11
98.11
98.11
96.25
96.25
96.25
96.25
96.25
96.25
96.25
98.06
98.06
98.06
98.06
98.06
98.06
98.06
98.06
98.06
97.95
97.95
97.95
97.95
97.95
97.95
97.71
97.71
97.71
97.71
97.71
97.71
97.50
97.50
97.50
97.50
97.50
97.50
97.50
97.50
97.50
97.50
97.50
97.50
96.69
96.69
96.69
96.69
96.61
96.61
96.61
96.61
96.61
96.61
96.61
96.61
97.51
97.51
97.51
97.51
97.51
97.51
97.51
97.51
97.51
97.80
97.80
97.80
97.80
98.54
98.54
98.54
98.54
98.54
98.54
98.54
98.54
98.69
98.69
98.69
98.69
98.69
98.69
98.75
98.75
98.75
98.75
98.75
98.75
98.75
98.75
98.75
98.75
98.76
98.76
98.76
98.76
98.76
98.76
98.76
98.76
98.75
98.75
98.75
98.75
98.75
98.75
98.75
98.82
98.82
98.82
98.82
98.82
98.82
98.82
98.82
98.82
98.82
98.82
98.82
98.69
98.69
98.69
98.69
98.35
98.35
98.35
98.35
98.35
97.72
97.72
97.72
97.72
97.72
97.72
97.72
97.72
98.19
98.19
98.19
98.19
98.19
98.19
98.19
98.19
98.39
98.39
98.39
98.39
98.39
98.39
98.39
98.39
98.39
98.39
98.05
98.05
98.05
98.05
98.64
98.64
98.64
98.64
98.64
98.64
98.64
98.64
