97.59
97.59
97.59
97.59
97.59
97.59
97.59
97.59
97.75
97.75
97.75
97.75
97.75
97.75
97.75
97.75
97.75
96.26
96.26
96.26
96.26
96.26
96.26
96.26
96.26
96.26
98.32
98.32
98.32
98.32
98.32
98.32
98.32
98.68
98.68
98.68
98.68
98.68
98.68
98.68
98.68
98.68
98.85
98.85
98.85
98.85
98.85
98.85
98.85
98.89
98.89
98.89
98.89
98.89
98.89
98.89
98.89
98.89
98.89
98.89
98.89
98.89
98.89
98.89
98.89
98.89
98.80
98.80
98.80
98.80
98.80
98.80
98.80
98.35
98.35
98.35
98.35
98.35
98.35
98.35
98.35
98.35
98.35
98.35
97.00
97.00
97.00
97.00
96.11
96.11
96.11
96.11
96.11
96.11
96.11
97.40
97.40
97.40
97.40
97.40
97.40
97.95
97.95
97.95
97.95
97.95
97.95
97.95
97.95
97.95
97.95
97.95
96.73
96.73
96.73
96.73
96.73
96.73
96.73
96.73
97.40
97.40
97.40
97.40
97.40
98.10
98.10
98.10
98.10
98.10
97.76
97.76
97.76
97.76
97.76
97.31
97.31
97.31
97.31
97.31
97.31
97.31
96.47
96.47
96.47
96.47
96.47
96.47
96.18
96.18
96.18
96.18
96.40
96.40
96.40
96.40
96.05
96.05
96.05
96.05
96.05
96.05
97.17
97.17
97.17
97.17
97.17
96.58
96.58
96.58
96.58
96.58
96.58
96.46
96.46
96.46
96.46
96.46
96.46
96.37
96.37
96.37
96.37
96.37
96.37
96.37
96.37
96.37
95.76
95.76
95.76
95.76
95.76
95.76
95.76
95.76
95.76
94.40
94.40
94.40
94.40
94.40
85.69
85.69
85.69
85.69
85.69
85.69
79.93
79.93
79.93
79.93
79.93
79.93
91.17
91.17
91.17
91.17
91.17
91.17
91.17
92.57
92.57
92.57
92.57
92.57
92.57
93.96
93.96
93.96
93.96
93.96
93.96
93.96
97.08
97.08
97.08
97.08
97.08
97.08
97.08
95.19
95.19
95.19
95.19
95.19
95.19
95.19
95.19
95.19
97.74
97.74
97.74
97.74
97.74
97.74
97.74
97.74
97.79
97.79
97.79
97.79
97.79
97.79
97.44
97.44
97.44
97.44
97.44
97.44
97.44
97.44
97.44
97.52
97.52
97.52
97.52
97.52
97.52
97.52
97.52
97.52
97.52
97.52
97.52
97.52
97.52
96.91
96.91
96.91
96.91
96.91
96.91
96.91
96.91
95.77
95.77
95.77
95.77
95.77
95.77
95.77
95.77
