85.15
85.15
85.15
85.15
85.15
85.15
85.15
89.94
89.94
89.94
89.94
89.94
93.54
93.54
93.54
93.54
93.54
96.21
96.21
96.21
96.21
96.21
96.21
96.21
94.22
94.22
94.22
94.22
94.22
94.22
94.60
94.60
94.60
94.60
94.60
94.60
94.60
89.54
89.54
89.54
89.54
89.54
89.54
89.54
89.54
85.43
85.43
85.43
85.43
86.64
86.64
86.64
86.64
86.64
92.60
92.60
92.60
92.60
92.60
92.60
97.58
97.58
97.58
97.58
97.58
97.58
97.58
97.58
97.58
98.46
98.46
98.46
98.46
98.46
98.46
98.46
98.46
98.65
98.65
98.65
98.65
98.65
98.65
98.65
98.40
98.40
98.40
98.40
98.40
98.40
98.40
98.40
98.41
98.41
98.41
98.41
98.41
98.41
98.41
98.41
96.41
96.41
96.41
96.41
94.87
94.87
94.87
94.87
97.17
97.17
97.17
97.17
97.17
97.17
97.17
97.17
97.17
97.17
97.26
97.26
97.26
97.26
97.26
97.26
97.26
97.26
95.91
95.91
95.91
95.91
95.91
95.91
95.91
90.61
90.61
90.61
90.61
87.58
87.58
87.58
87.58
86.80
86.80
86.80
86.80
86.80
86.80
86.80
86.80
86.80
86.80
86.80
85.98
85.98
85.98
85.98
85.98
91.18
91.18
91.18
91.18
91.18
94.66
94.66
94.66
94.66
96.34
96.34
96.34
96.34
96.34
96.34
96.34
94.60
94.60
94.60
94.60
94.60
94.00
94.00
94.00
94.00
94.00
89.66
89.66
89.66
89.66
89.66
89.66
89.66
89.66
85.83
85.83
85.83
85.83
85.83
85.83
85.83
85.83
85.83
89.71
89.71
89.71
89.71
