77.37
77.37
77.37
77.37
77.37
77.37
77.37
77.37
71.10
71.10
71.10
71.10
68.51
68.51
68.51
68.51
68.51
68.51
68.51
74.00
74.00
74.00
74.00
74.00
74.00
74.00
74.00
74.00
74.00
74.00
74.00
82.17
82.17
82.17
82.17
82.17
82.17
82.17
82.17
82.17
82.17
82.17
89.34
89.34
89.34
89.34
89.34
89.34
89.34
89.34
89.34
89.34
89.34
89.34
92.72
92.72
92.72
92.72
92.72
92.72
92.72
92.72
92.72
92.72
92.72
94.18
94.18
94.18
94.18
94.18
94.18
94.18
94.18
92.80
92.80
92.80
92.80
92.80
90.06
90.06
90.06
90.06
90.06
77.96
77.96
77.96
77.96
77.96
77.96
77.96
77.96
81.60
81.60
81.60
81.60
87.61
87.61
87.61
87.61
87.61
87.61
87.61
87.61
90.78
90.78
90.78
90.78
95.45
95.45
95.45
95.45
95.45
95.45
95.45
95.45
95.45
96.24
96.24
96.24
96.24
96.24
96.24
96.24
96.24
96.24
96.24
96.24
96.24
96.24
96.24
95.51
95.51
95.51
95.51
95.51
95.51
92.90
92.90
92.90
92.90
92.90
92.90
92.90
92.90
91.18
91.18
91.18
91.18
91.18
91.18
91.18
81.73
81.73
81.73
81.73
69.46
69.46
69.46
69.46
69.46
53.46
53.46
53.46
53.46
53.46
53.46
53.46
53.46
53.46
42.51
42.51
42.51
42.51
42.51
40.50
40.50
40.50
40.50
40.50
40.50
40.50
36.02
36.02
36.02
36.02
36.02
36.02
36.02
