73.76
73.76
73.76
73.76
73.76
73.76
73.76
73.76
73.76
62.56
62.56
62.56
62.56
62.56
62.56
62.56
62.56
52.21
52.21
52.21
52.21
52.21
52.21
52.21
59.31
59.31
59.31
59.31
59.31
59.31
60.07
60.07
60.07
60.07
60.07
60.07
60.07
60.07
62.81
62.81
62.81
62.81
62.81
62.81
62.81
62.30
62.30
62.30
62.30
66.73
66.73
66.73
66.73
66.73
66.73
66.73
74.06
74.06
74.06
74.06
74.06
74.06
83.40
83.40
83.40
83.40
83.40
83.40
83.40
83.40
88.64
88.64
88.64
88.64
92.42
92.42
92.42
92.42
92.42
92.42
92.42
95.12
95.12
95.12
95.12
95.12
95.12
95.12
95.12
97.53
97.53
97.53
97.53
97.53
97.53
97.53
97.53
98.68
98.68
98.68
98.68
98.68
98.68
98.68
98.80
98.80
98.80
98.80
98.80
98.85
98.85
98.85
98.85
98.85
98.85
98.85
98.85
98.68
98.68
98.68
98.68
98.68
97.79
97.79
97.79
97.79
97.79
97.79
98.31
98.31
98.31
98.31
98.31
98.31
98.31
98.31
98.31
98.67
98.67
98.67
98.67
98.67
98.83
98.83
98.83
98.83
98.83
98.83
98.83
98.83
98.83
98.83
98.83
98.82
98.82
98.82
98.82
98.82
98.82
98.82
98.82
98.82
98.82
98.82
98.82
98.82
98.82
98.83
98.83
98.83
98.83
98.83
98.83
98.83
98.47
98.47
98.47
98.47
