97.86
97.86
97.86
97.86
97.86
97.86
96.93
96.93
96.93
96.93
96.93
96.93
96.93
96.93
96.93
96.75
96.75
96.75
96.75
96.75
96.75
96.75
96.75
96.75
97.77
97.77
97.77
97.77
97.77
97.77
97.77
97.77
97.77
97.77
97.77
96.11
96.11
96.11
96.11
96.11
95.90
95.90
95.90
95.90
95.90
95.90
95.90
94.30
94.30
94.30
94.30
94.30
94.30
96.16
96.16
96.16
96.16
96.16
96.16
96.16
96.16
96.16
96.16
96.16
97.34
97.34
97.34
97.34
97.34
97.34
97.34
97.34
96.00
96.00
96.00
96.00
96.48
96.48
96.48
96.48
96.48
96.48
96.48
96.48
96.48
95.96
95.96
95.96
95.96
95.96
95.96
95.96
95.96
96.11
96.11
96.11
96.11
97.38
97.38
97.38
97.38
97.38
97.38
97.38
97.13
97.13
97.13
97.13
97.13
97.13
97.13
97.09
97.09
97.09
97.09
97.09
97.09
97.09
97.09
97.09
97.36
97.36
97.36
97.36
97.36
97.36
97.36
97.36
96.46
96.46
96.46
96.46
96.46
96.46
96.46
96.46
95.41
95.41
95.41
95.41
95.41
95.41
95.41
95.41
93.57
93.57
93.57
93.57
93.57
93.57
93.57
93.57
93.57
93.57
93.57
89.92
89.92
89.92
89.92
89.92
89.92
89.92
89.92
89.92
88.11
88.11
88.11
88.11
88.11
88.11
88.11
88.11
88.11
81.59
81.59
81.59
81.59
81.59
81.59
81.59
81.59
81.59
85.22
85.22
85.22
85.22
85.22
85.22
85.22
85.22
85.22
92.01
92.01
92.01
92.01
92.01
92.01
92.01
92.01
92.01
92.77
92.77
92.77
92.77
92.77
92.77
92.77
92.77
95.27
95.27
95.27
95.27
95.27
95.27
95.27
95.27
96.85
96.85
96.85
96.85
96.85
96.85
96.85
96.85
97.05
97.05
97.05
97.05
97.05
97.05
97.05
97.05
97.52
97.52
97.52
97.52
97.52
97.52
97.52
97.52
96.46
96.46
96.46
96.46
96.46
96.46
96.46
96.46
96.46
96.46
96.46
94.65
94.65
94.65
94.65
94.65
94.65
94.65
94.65
94.65
94.65
