95.52
95.52
95.52
95.52
95.52
95.52
95.52
95.52
95.52
95.52
95.52
97.65
97.65
97.65
97.65
97.65
97.65
97.65
97.65
97.75
97.75
97.75
97.75
97.75
98.31
98.31
98.31
98.31
98.31
98.31
98.31
98.31
98.38
98.38
98.38
98.38
98.64
98.64
98.64
98.64
98.64
98.64
98.64
98.64
98.64
98.46
98.46
98.46
98.46
98.46
98.46
98.46
98.46
98.46
98.46
98.46
98.46
98.65
98.65
98.65
98.65
98.65
98.65
98.65
98.76
98.76
98.76
98.76
98.76
98.76
98.76
98.76
98.30
98.30
98.30
98.30
98.30
98.30
98.30
98.30
98.30
98.10
98.10
98.10
98.10
98.10
98.10
98.10
98.10
98.10
98.10
98.10
98.40
98.40
98.40
98.40
98.40
98.40
98.40
98.40
98.09
98.09
98.09
98.09
98.09
98.09
98.09
98.09
98.09
97.81
97.81
97.81
97.81
97.81
97.81
97.81
97.81
97.81
97.92
97.92
97.92
97.92
97.92
97.92
97.92
97.92
97.85
97.85
97.85
97.85
98.13
98.13
98.13
98.13
98.13
98.12
98.12
98.12
98.12
98.12
98.12
98.12
98.12
98.12
98.35
98.35
98.35
98.35
98.35
98.35
98.35
98.35
98.35
98.35
98.35
96.66
96.66
96.66
96.66
96.66
96.66
96.66
96.66
97.38
97.38
97.38
97.38
97.38
97.38
97.38
97.38
97.38
97.38
97.38
96.80
96.80
96.80
96.80
96.80
96.80
96.80
96.80
96.80
98.39
98.39
98.39
98.39
98.39
98.39
98.39
98.39
98.15
98.15
98.15
98.15
