98.35
98.35
98.35
98.35
98.35
98.35
98.35
98.35
98.08
98.08
98.08
98.08
98.08
98.08
98.08
98.08
98.08
97.36
97.36
97.36
97.36
97.36
97.36
97.36
97.36
97.36
96.79
96.79
96.79
96.79
96.79
96.79
96.79
96.79
96.85
96.85
96.85
96.85
96.85
96.54
96.54
96.54
96.54
96.54
96.54
96.54
96.54
96.54
96.35
96.35
96.35
96.35
96.35
96.35
96.35
96.35
96.35
96.35
96.35
96.35
95.49
95.49
95.49
95.49
95.49
95.49
95.49
95.49
95.49
95.49
95.49
95.49
94.47
94.47
94.47
94.47
94.47
94.47
94.47
94.47
92.95
92.95
92.95
92.95
92.95
92.95
92.95
91.58
91.58
91.58
91.58
91.58
91.58
91.58
91.58
91.58
91.58
91.58
86.90
86.90
86.90
86.90
87.25
87.25
87.25
87.25
87.25
87.25
86.07
86.07
86.07
86.07
86.07
86.07
86.07
86.07
89.40
89.40
89.40
89.40
89.40
89.40
89.40
89.40
93.09
93.09
93.09
93.09
93.09
93.09
93.09
93.09
93.09
93.09
93.09
92.04
92.04
92.04
92.04
92.04
92.04
92.04
92.04
92.04
92.04
92.04
93.68
93.68
93.68
93.68
93.68
93.68
93.68
93.68
96.65
96.65
96.65
96.65
96.65
96.65
96.65
96.66
96.66
96.66
96.66
96.66
96.66
96.66
96.66
96.66
96.66
96.66
96.66
96.66
96.66
97.12
97.12
97.12
97.12
97.12
97.12
95.62
95.62
95.62
95.62
95.62
95.62
95.62
95.62
94.87
94.87
94.87
94.87
94.87
94.87
94.87
94.87
94.87
94.87
94.58
94.58
94.58
94.58
94.58
94.58
94.58
94.58
94.02
94.02
94.02
94.02
94.02
94.02
94.02
94.02
94.02
94.02
94.02
94.22
94.22
94.22
94.22
94.22
94.22
94.22
94.22
94.22
94.22
94.22
92.56
92.56
92.56
92.56
92.56
92.56
92.56
90.24
90.24
90.24
90.24
90.24
90.24
90.24
90.24
86.84
86.84
86.84
86.84
86.84
86.84
86.84
86.84
86.37
86.37
86.37
86.37
86.37
86.37
86.37
86.37
86.37
