98.83
98.83
98.83
98.83
98.83
98.83
98.83
98.83
98.88
98.88
98.88
98.88
98.88
98.88
98.88
98.88
98.88
98.88
98.88
98.88
98.88
98.88
98.88
98.88
98.88
98.88
98.88
98.88
98.88
98.88
98.88
98.88
98.84
98.84
98.84
98.84
98.84
98.84
98.84
98.84
98.88
98.88
98.88
98.88
98.88
98.88
98.88
98.88
98.85
98.85
98.85
98.85
98.85
98.85
98.85
98.85
98.75
98.75
98.75
98.75
98.75
98.85
98.85
98.85
98.85
98.85
98.85
98.85
98.85
98.85
98.80
98.80
98.80
98.80
98.80
98.80
98.80
98.80
98.80
98.80
98.47
98.47
98.47
98.47
98.66
98.66
98.66
98.66
98.66
98.66
98.66
98.50
98.50
98.50
98.50
98.50
98.50
98.48
98.48
98.48
98.48
98.48
98.48
98.48
98.48
98.66
98.66
98.66
98.66
98.66
98.66
98.66
98.66
98.66
98.87
98.87
98.87
98.87
98.87
98.87
98.87
98.87
98.87
98.87
98.93
98.93
98.93
98.93
98.93
98.93
98.93
98.93
98.92
98.92
98.92
98.92
98.92
98.92
98.92
98.94
98.94
98.94
98.94
98.94
98.94
98.94
98.94
98.92
98.92
98.92
98.92
98.92
98.92
98.92
98.92
98.92
98.92
98.92
98.96
98.96
98.96
98.96
98.96
98.96
98.96
98.90
98.90
98.90
98.90
98.90
98.90
98.90
98.75
98.75
98.75
98.75
98.79
98.79
98.79
98.79
98.79
98.79
98.64
98.64
98.64
98.64
98.64
98.64
98.64
97.96
97.96
97.96
97.96
97.96
97.96
97.96
97.96
97.85
97.85
97.85
97.85
