98.83
98.83
98.83
98.83
98.83
98.83
98.83
98.83
98.83
98.83
98.83
98.83
98.93
98.93
98.93
98.93
98.93
98.93
98.93
98.93
98.95
98.95
98.95
98.95
98.95
98.95
98.95
98.95
98.94
98.94
98.94
98.94
98.94
98.94
98.93
98.93
98.93
98.93
98.93
98.93
98.93
98.86
98.86
98.86
98.86
98.86
98.86
98.86
98.86
98.86
98.86
98.86
98.86
98.86
98.86
98.86
98.86
98.77
98.77
98.77
98.77
98.77
98.77
98.77
98.82
98.82
98.82
98.82
98.82
98.79
98.79
98.79
98.79
98.79
98.79
98.72
98.72
98.72
98.72
98.72
98.72
98.72
98.61
98.61
98.61
98.61
98.61
98.61
98.61
98.61
98.76
98.76
98.76
98.76
98.71
98.71
98.71
98.71
98.71
98.71
98.71
98.71
98.71
98.71
98.71
98.71
98.58
98.58
98.58
98.58
98.58
98.58
98.58
98.58
98.48
98.48
98.48
98.48
98.48
98.48
98.48
98.48
98.63
98.63
98.63
98.63
98.63
98.63
98.63
98.63
98.63
98.63
98.63
98.63
98.79
98.79
98.79
98.79
98.79
98.79
98.79
98.79
98.79
98.79
98.79
98.79
98.79
98.79
98.79
98.79
98.79
98.79
98.79
98.79
98.79
98.79
98.50
98.50
98.50
98.50
98.50
98.50
98.50
98.50
98.69
98.69
98.69
98.69
98.69
98.69
98.69
98.52
98.52
98.52
98.52
98.52
98.52
98.52
98.52
98.40
98.40
98.40
98.40
98.40
98.40
98.40
98.40
97.61
97.61
97.61
97.61
97.61
97.61
97.61
97.61
92.94
92.94
92.94
92.94
92.94
92.94
93.75
93.75
93.75
93.75
95.77
95.77
95.77
95.77
95.77
95.77
95.77
95.77
93.00
93.00
93.00
93.00
93.00
93.00
93.00
93.00
94.82
94.82
94.82
94.82
94.82
94.82
94.82
94.82
98.29
98.29
98.29
98.29
98.29
98.29
98.29
98.29
98.29
98.78
98.78
98.78
98.78
98.78
98.78
98.78
98.78
98.91
98.91
98.91
98.91
98.91
98.91
98.91
98.91
98.94
98.94
98.94
98.94
98.94
98.94
98.94
98.94
98.94
98.94
98.94
98.94
98.94
98.93
98.93
98.93
98.93
98.93
98.93
98.93
