97.19
97.19
97.19
97.19
97.19
97.19
96.53
96.53
96.53
96.53
97.17
97.17
97.17
97.17
97.17
97.17
95.88
95.88
95.88
95.88
95.88
95.88
95.88
95.88
95.88
95.88
95.88
94.58
94.58
94.58
94.58
94.58
94.58
94.58
94.58
94.58
94.05
94.05
94.05
94.05
94.05
94.05
94.05
94.05
97.00
97.00
97.00
97.00
97.00
97.00
97.00
97.00
97.00
96.37
96.37
96.37
96.37
96.37
96.37
96.37
96.37
96.37
96.37
96.37
96.37
97.65
97.65
97.65
97.65
97.65
97.65
97.65
97.65
97.65
97.65
97.65
96.77
96.77
96.77
96.77
96.77
96.77
96.77
96.77
96.77
96.77
96.60
96.60
96.60
96.60
96.60
96.60
96.60
96.60
96.60
96.60
96.60
96.60
95.03
95.03
95.03
95.03
95.03
95.03
95.03
95.03
95.03
95.03
95.03
95.03
95.03
95.03
95.03
95.03
95.03
95.03
95.03
95.03
90.85
90.85
90.85
90.85
90.85
90.85
90.85
90.85
90.85
89.52
89.52
89.52
89.52
89.52
89.52
89.52
89.52
94.04
94.04
94.04
94.04
94.04
94.04
94.04
94.04
97.40
97.40
97.40
97.40
97.40
97.40
97.40
97.40
97.40
97.40
97.40
97.80
97.80
97.80
97.80
97.80
97.80
97.80
97.80
97.80
97.89
97.89
97.89
97.89
97.89
97.89
96.66
96.66
96.66
96.66
96.66
96.66
96.66
96.66
96.66
96.66
96.66
95.68
95.68
95.68
95.68
95.68
95.68
95.68
95.68
95.76
95.76
95.76
95.76
95.76
95.76
94.19
94.19
94.19
94.19
94.19
94.19
93.35
93.35
93.35
93.35
93.35
93.35
93.35
93.35
93.50
93.50
93.50
93.50
93.50
93.50
94.58
94.58
94.58
94.58
94.58
94.58
94.58
94.58
94.40
94.40
94.40
94.40
94.40
94.40
94.40
94.40
93.62
93.62
93.62
93.62
94.64
94.64
94.64
94.64
94.64
94.64
94.64
94.92
94.92
94.92
94.92
94.92
94.92
94.92
92.36
92.36
92.36
92.36
92.36
92.36
92.36
92.36
92.36
92.36
93.99
93.99
93.99
93.99
93.99
93.99
93.99
93.99
95.45
95.45
95.45
95.45
95.45
95.45
96.11
96.11
96.11
96.11
96.11
96.11
95.60
95.60
95.60
95.60
95.60
95.60
95.60
95.60
95.60
94.26
94.26
94.26
94.26
94.26
94.26
94.26
94.26
94.26
95.31
95.31
95.31
95.31
95.31
95.31
95.31
95.31
95.31
94.28
94.28
94.28
94.28
94.28
94.28
94.28
94.28
94.28
95.19
95.19
95.19
95.19
95.19
95.19
95.19
95.19
94.54
94.54
94.54
94.54
94.54
94.54
94.54
94.24
94.24
94.24
94.24
94.24
94.24
94.24
