86.83
86.83
86.83
86.83
86.83
86.83
86.83
86.83
85.88
85.88
85.88
85.88
85.88
85.88
85.88
84.42
84.42
84.42
84.42
84.42
84.42
84.42
84.42
84.42
83.61
83.61
83.61
83.61
83.61
83.61
83.61
83.61
86.59
86.59
86.59
86.59
86.59
86.59
86.59
88.39
88.39
88.39
88.39
88.39
88.39
88.39
89.35
89.35
89.35
89.35
89.35
89.35
89.35
89.35
91.92
91.92
91.92
91.92
91.92
94.79
94.79
94.79
94.79
94.79
94.79
94.79
94.80
94.80
94.80
94.80
94.80
94.80
94.80
94.80
94.80
94.59
94.59
94.59
94.59
94.59
94.59
94.59
94.59
93.48
93.48
93.48
93.48
93.48
93.48
93.48
91.38
91.38
91.38
91.38
94.64
94.64
94.64
94.64
94.64
94.64
94.64
94.64
94.35
94.35
94.35
94.35
94.35
94.35
94.35
92.86
92.86
92.86
92.86
92.86
92.86
90.31
90.31
90.31
90.31
90.31
90.31
90.31
90.31
90.31
85.22
85.22
85.22
85.22
85.22
87.25
87.25
87.25
87.25
87.25
87.25
87.25
87.25
93.36
93.36
93.36
93.36
93.36
93.36
93.36
93.36
93.36
94.19
94.19
94.19
94.19
94.19
95.71
95.71
95.71
95.71
95.71
95.71
95.71
95.71
95.71
95.33
95.33
95.33
95.33
95.33
95.33
95.33
95.33
96.25
96.25
96.25
96.25
96.25
96.25
96.25
96.25
96.25
96.25
95.78
95.78
95.78
95.78
95.78
95.78
95.78
95.78
95.78
95.78
95.78
95.78
95.78
95.78
94.23
94.23
94.23
94.23
94.23
94.23
94.23
94.23
94.23
89.56
89.56
89.56
89.56
89.56
89.56
89.56
89.56
89.56
88.69
88.69
88.69
88.69
88.69
88.69
88.69
88.69
88.69
81.96
81.96
81.96
81.96
83.07
83.07
83.07
83.07
83.07
83.07
83.07
83.07
80.23
80.23
80.23
80.23
80.23
80.23
80.23
80.23
81.60
81.60
81.60
81.60
81.60
81.60
81.60
81.60
81.60
81.60
81.60
82.34
82.34
82.34
82.34
82.34
82.34
86.59
86.59
86.59
86.59
86.59
86.59
86.59
88.14
88.14
88.14
88.14
88.14
88.14
88.14
88.14
