98.91
98.91
98.91
98.91
98.91
98.91
98.91
98.91
98.95
98.95
98.95
98.95
98.95
98.95
98.88
98.88
98.88
98.88
98.88
98.88
98.88
98.88
98.88
98.83
98.83
98.83
98.83
98.83
98.83
98.83
98.83
98.83
98.83
98.83
98.88
98.88
98.88
98.88
98.88
98.88
98.88
98.88
98.88
98.88
98.88
98.90
98.90
98.90
98.90
98.90
98.90
98.90
98.90
98.73
98.73
98.73
98.73
98.73
98.73
98.46
98.46
98.46
98.46
98.46
98.46
98.46
98.46
98.76
98.76
98.76
98.76
98.76
98.76
98.76
98.76
98.55
98.55
98.55
98.55
98.55
98.55
98.55
98.55
97.82
97.82
97.82
97.82
97.82
97.82
97.82
97.82
96.50
96.50
96.50
96.50
96.50
96.50
96.50
96.50
96.50
95.00
95.00
95.00
95.00
95.00
95.00
95.00
95.00
95.00
95.00
93.52
93.52
93.52
93.52
93.52
93.52
93.52
93.52
95.91
95.91
95.91
95.91
95.91
95.91
95.31
95.31
95.31
95.31
95.31
95.31
95.31
95.31
95.31
97.51
97.51
97.51
97.51
97.51
97.51
97.51
97.51
98.20
98.20
98.20
98.20
98.20
98.20
98.20
98.05
98.05
98.05
98.05
98.05
98.05
98.05
98.49
98.49
98.49
98.49
98.49
98.49
98.49
98.49
98.49
98.49
98.49
98.60
98.60
98.60
98.60
98.60
98.60
98.60
98.60
98.50
98.50
98.50
98.50
98.50
98.50
98.50
96.69
96.69
96.69
96.69
96.69
96.69
96.69
96.69
96.69
95.88
95.88
95.88
95.88
95.88
95.88
95.88
95.88
90.00
90.00
90.00
90.00
93.08
93.08
93.08
93.08
96.45
96.45
96.45
96.45
96.45
96.45
96.45
98.05
98.05
98.05
98.05
98.05
98.05
98.05
98.05
98.37
98.37
98.37
98.37
98.37
98.37
98.54
98.54
98.54
98.54
98.76
98.76
98.76
98.76
98.76
98.76
98.76
98.76
98.76
98.76
98.76
98.58
98.58
98.58
98.58
98.58
98.58
98.58
98.58
98.66
98.66
98.66
98.66
98.66
98.66
98.66
98.66
