95.48
95.48
95.48
95.48
95.48
95.48
95.48
95.48
95.48
94.75
94.75
94.75
94.75
94.75
94.75
93.37
93.37
93.37
93.37
93.37
92.13
92.13
92.13
92.13
92.13
92.13
92.13
92.13
93.41
93.41
93.41
93.41
96.47
96.47
96.47
96.47
96.47
96.47
96.47
96.47
97.31
97.31
97.31
97.31
97.31
97.31
96.56
96.56
96.56
96.56
96.56
96.56
95.90
95.90
95.90
95.90
95.90
95.90
95.90
95.90
94.78
94.78
94.78
94.78
94.78
94.78
94.78
94.78
94.78
95.56
95.56
95.56
95.56
95.56
95.56
97.36
97.36
97.36
97.36
97.36
97.36
97.36
97.36
97.36
97.36
97.36
97.12
97.12
97.12
97.12
97.12
97.12
97.12
97.12
97.12
97.12
97.12
97.25
97.25
97.25
97.25
97.25
97.25
97.25
97.25
97.25
96.35
96.35
96.35
96.35
96.35
96.35
96.35
96.35
96.35
94.80
94.80
94.80
94.80
94.80
94.80
94.80
94.80
94.80
93.87
93.87
93.87
93.87
93.87
93.87
93.87
93.87
93.87
93.87
93.87
96.30
96.30
96.30
96.30
96.30
96.30
96.30
96.36
96.36
96.36
96.36
96.36
96.36
96.36
96.36
96.94
96.94
96.94
96.94
96.94
96.94
96.63
96.63
96.63
96.63
96.63
96.63
96.63
96.63
96.63
96.63
96.63
94.96
94.96
94.96
94.96
94.96
94.96
94.96
94.96
91.86
91.86
91.86
91.86
91.86
90.82
90.82
90.82
90.82
90.82
90.82
90.82
90.82
90.82
90.82
90.82
89.56
89.56
89.56
89.56
88.83
88.83
88.83
88.83
88.83
88.83
88.83
88.83
90.56
90.56
90.56
90.56
90.56
90.56
90.56
90.56
90.56
90.56
90.56
91.26
91.26
91.26
91.26
91.26
91.26
91.26
95.74
95.74
95.74
95.74
95.74
95.74
95.74
95.74
95.95
95.95
95.95
95.95
95.95
95.95
95.95
95.95
96.49
96.49
96.49
96.49
96.49
96.49
96.49
96.49
96.49
96.49
96.49
96.77
96.77
96.77
96.77
96.77
96.77
95.13
95.13
95.13
95.13
95.13
95.13
95.13
95.09
95.09
95.09
95.09
95.11
95.11
95.11
95.11
95.11
95.11
95.11
95.11
95.11
94.86
94.86
94.86
94.86
94.86
94.86
95.34
95.34
95.34
95.34
95.34
94.84
94.84
94.84
94.84
94.84
94.84
94.84
94.84
95.81
95.81
95.81
95.81
95.81
95.81
93.62
93.62
93.62
93.62
93.62
93.62
93.62
90.86
90.86
90.86
90.86
90.86
90.86
90.86
90.86
90.86
90.86
90.86
87.61
87.61
87.61
87.61
87.61
87.61
87.61
87.61
87.61
87.61
87.61
87.61
87.61
87.61
81.19
81.19
81.19
81.19
81.19
81.19
81.19
81.19
