98.51
98.51
98.51
98.51
98.51
98.51
98.51
98.51
98.51
98.64
98.64
98.64
98.64
98.64
98.64
98.64
98.64
98.64
98.64
98.64
98.64
98.71
98.71
98.71
98.71
98.71
98.71
98.71
98.71
98.67
98.67
98.67
98.67
98.67
98.50
98.50
98.50
98.50
98.50
98.50
98.50
98.50
98.62
98.62
98.62
98.62
98.62
98.40
98.40
98.40
98.40
98.40
98.40
97.97
97.97
97.97
97.97
97.97
97.97
97.97
97.59
97.59
97.59
97.59
97.59
97.59
97.59
98.27
98.27
98.27
98.27
98.27
98.27
98.27
96.98
96.98
96.98
96.98
96.98
96.98
96.98
96.98
96.98
97.34
97.34
97.34
97.34
97.34
97.34
97.34
97.01
97.01
97.01
97.01
97.01
97.01
97.01
97.10
97.10
97.10
97.10
97.10
97.10
97.10
97.10
97.42
97.42
97.42
97.42
97.42
97.42
97.42
97.12
97.12
97.12
97.12
97.12
97.12
97.12
97.12
97.12
97.20
97.20
97.20
97.20
97.20
97.20
97.20
97.20
97.20
97.74
97.74
97.74
97.74
97.74
97.74
97.74
97.74
97.74
96.92
96.92
96.92
96.92
96.92
96.92
96.92
97.58
97.58
97.58
97.58
97.58
97.58
97.58
97.58
97.58
97.51
97.51
97.51
97.51
97.51
97.51
97.51
98.16
98.16
98.16
98.16
98.16
