95.48
95.48
95.48
95.48
95.48
95.48
95.48
95.48
95.48
97.20
97.20
97.20
97.20
97.20
97.20
97.20
97.20
94.93
94.93
94.93
94.93
94.93
94.93
94.93
94.93
95.99
95.99
95.99
95.99
95.99
95.99
95.99
95.99
95.99
96.31
96.31
96.31
96.31
96.31
96.31
96.31
96.31
96.31
96.31
96.31
97.72
97.72
97.72
97.72
97.72
97.72
97.72
97.72
98.31
98.31
98.31
98.31
98.31
98.31
97.81
97.81
97.81
97.81
97.81
97.55
97.55
97.55
97.55
97.55
97.55
97.55
97.55
98.24
98.24
98.24
98.24
98.24
97.88
97.88
97.88
97.88
97.09
97.09
97.09
97.09
97.09
97.09
97.09
97.09
97.09
97.09
97.09
97.72
97.72
97.72
97.72
97.72
97.72
97.72
97.72
97.72
97.72
97.72
97.19
97.19
97.19
97.19
97.19
97.19
97.19
97.19
97.19
97.19
97.19
97.19
95.31
95.31
95.31
95.31
95.31
95.31
95.31
95.31
95.31
95.31
97.30
97.30
97.30
97.30
97.30
97.30
97.30
97.30
97.30
98.12
98.12
98.12
98.12
98.12
98.12
98.12
98.18
98.18
98.18
98.18
98.18
98.18
98.02
98.02
98.02
98.02
98.02
98.02
98.02
98.02
98.03
98.03
98.03
98.03
98.03
98.03
98.03
98.03
98.56
98.56
98.56
98.56
98.56
98.56
98.56
98.56
98.73
98.73
98.73
98.73
98.73
98.73
98.73
98.73
98.73
98.73
98.73
98.93
98.93
98.93
98.93
98.93
98.93
98.93
98.93
98.96
98.96
98.96
98.96
98.96
98.96
98.96
98.93
98.93
98.93
98.93
98.96
98.96
98.96
98.96
98.96
98.96
98.96
98.84
98.84
98.84
98.84
98.84
98.84
98.84
98.51
98.51
98.51
98.51
98.34
98.34
98.34
98.34
98.34
98.34
98.34
96.95
96.95
96.95
96.95
96.95
96.95
96.95
96.95
