82.88
82.88
82.88
82.88
82.88
82.88
82.88
82.88
82.88
82.88
80.02
80.02
80.02
80.02
80.02
80.02
80.02
80.02
80.02
80.02
80.02
81.96
81.96
81.96
81.96
80.83
80.83
80.83
80.83
80.83
80.83
80.83
80.83
80.83
80.83
80.83
78.64
78.64
78.64
78.64
78.64
78.64
78.64
78.64
78.64
76.55
76.55
76.55
76.55
76.55
76.55
76.55
76.55
75.28
75.28
75.28
75.28
75.28
75.28
75.28
75.28
75.28
72.72
72.72
72.72
72.72
72.72
72.72
72.72
72.72
72.72
63.38
63.38
63.38
63.38
63.38
63.38
63.38
63.38
63.38
62.72
62.72
62.72
62.72
64.46
64.46
64.46
64.46
64.46
64.46
64.46
64.46
64.46
57.89
57.89
57.89
57.89
57.89
57.89
57.89
64.66
64.66
64.66
64.66
64.66
64.66
57.12
57.12
57.12
57.12
57.12
57.12
57.12
57.12
57.12
59.30
59.30
59.30
59.30
59.30
59.30
56.99
56.99
56.99
56.99
56.99
56.99
56.99
56.99
58.35
58.35
58.35
58.35
58.35
58.35
58.35
58.35
52.54
52.54
52.54
52.54
52.54
52.54
52.54
51.21
51.21
51.21
51.21
51.21
51.21
56.38
56.38
56.38
56.38
43.68
43.68
43.68
43.68
43.68
43.68
43.68
43.68
47.80
47.80
47.80
47.80
47.80
47.80
47.80
34.42
34.42
34.42
34.42
34.42
34.42
34.42
34.42
34.42
34.42
34.42
40.82
40.82
40.82
40.82
44.32
44.32
44.32
44.32
44.32
44.32
44.32
44.32
44.32
52.56
52.56
52.56
52.56
52.56
52.56
52.56
52.56
52.56
59.32
59.32
59.32
59.32
59.32
59.32
59.32
59.32
59.32
66.98
66.98
66.98
66.98
66.98
66.98
66.98
66.98
66.98
73.05
73.05
73.05
73.05
73.05
73.05
73.05
73.05
75.92
75.92
75.92
75.92
75.92
75.92
75.92
75.56
75.56
75.56
75.56
75.56
75.56
75.56
75.56
75.56
75.79
75.79
75.79
75.79
75.79
75.79
75.79
75.79
78.56
78.56
78.56
78.56
78.56
78.56
78.56
78.56
77.83
77.83
77.83
77.83
77.83
77.83
77.83
77.83
76.95
76.95
76.95
76.95
76.95
76.95
76.95
81.07
81.07
81.07
81.07
81.07
81.07
81.07
81.07
78.34
78.34
78.34
78.34
78.34
78.34
78.34
78.34
78.34
76.60
76.60
76.60
76.60
76.60
76.60
76.60
76.60
76.60
75.81
75.81
75.81
75.81
75.81
75.81
75.81
75.81
75.81
78.61
78.61
78.61
78.61
78.61
78.61
78.61
78.61
78.61
78.61
78.61
81.44
81.44
81.44
81.44
81.44
81.44
81.44
81.44
81.44
79.94
79.94
79.94
79.94
79.94
79.94
79.94
76.02
76.02
76.02
76.02
76.02
76.02
76.02
76.02
76.02
76.02
76.02
76.02
77.69
77.69
77.69
77.69
77.69
77.69
77.69
77.69
81.14
81.14
81.14
81.14
77.30
77.30
77.30
77.30
77.30
77.30
77.30
77.30
76.05
76.05
76.05
76.05
76.05
76.05
76.05
76.05
73.34
73.34
73.34
73.34
75.66
75.66
75.66
75.66
75.66
75.66
75.66
78.49
78.49
78.49
78.49
78.49
78.49
78.49
78.49
79.26
79.26
79.26
79.26
79.26
79.26
79.26
74.83
74.83
74.83
74.83
74.83
74.83
74.83
74.83
75.73
75.73
75.73
75.73
75.73
75.73
75.73
75.73
75.73
79.80
79.80
79.80
79.80
79.80
79.80
79.80
79.80
79.80
82.36
82.36
82.36
82.36
82.36
82.36
82.36
82.36
82.36
78.35
78.35
78.35
78.35
78.35
78.35
78.35
78.35
78.35
78.35
78.35
80.60
80.60
80.60
80.60
80.60
80.60
80.60
80.60
80.60
80.60
80.60
84.41
84.41
84.41
84.41
84.41
84.41
84.41
84.41
83.17
83.17
83.17
83.17
83.17
83.17
83.17
83.17
