98.82
98.82
98.82
98.82
98.82
98.82
98.82
98.82
98.82
98.82
98.82
98.75
98.75
98.75
98.75
98.75
98.75
98.75
98.75
98.94
98.94
98.94
98.94
98.94
98.94
98.94
98.94
98.96
98.96
98.96
98.96
98.96
98.96
98.96
98.96
98.96
98.96
98.96
98.96
98.96
98.96
98.96
98.98
98.98
98.98
98.98
98.98
98.98
98.98
98.96
98.96
98.96
98.96
98.96
98.96
98.96
98.93
98.93
98.93
98.93
98.93
98.93
98.93
98.93
98.93
98.80
98.80
98.80
98.80
98.80
98.80
98.80
98.80
98.90
98.90
98.90
98.90
98.90
98.90
98.90
98.90
98.90
98.90
98.90
98.90
98.90
98.90
98.85
98.85
98.85
98.85
98.85
98.85
98.85
98.85
98.85
98.85
98.85
98.85
98.85
98.85
98.85
98.85
98.85
98.85
98.85
98.92
98.92
98.92
98.92
98.92
98.92
98.92
98.92
98.89
98.89
98.89
98.89
98.94
98.94
98.94
98.94
98.94
98.94
98.94
98.94
98.94
98.94
98.94
98.94
98.94
98.94
98.94
