97.91
97.91
97.91
97.91
97.91
97.91
97.91
97.91
98.56
98.56
98.56
98.56
98.56
98.56
98.56
98.56
98.58
98.58
98.58
98.58
98.58
98.58
98.58
98.71
98.71
98.71
98.71
98.71
98.71
98.71
98.71
98.47
98.47
98.47
98.47
98.47
98.47
98.47
98.47
97.42
97.42
97.42
97.42
97.42
97.42
97.42
97.42
96.99
96.99
96.99
96.99
96.99
96.99
96.99
96.99
96.99
97.84
97.84
97.84
97.84
97.84
97.84
97.84
97.84
98.36
98.36
98.36
98.36
98.36
98.36
98.36
98.36
98.76
98.76
98.76
98.76
98.76
98.76
98.76
98.40
98.40
98.40
98.40
98.40
98.40
98.40
98.40
98.12
98.12
98.12
98.12
98.12
98.12
98.12
98.12
98.12
98.12
98.30
98.30
98.30
98.30
98.75
98.75
98.75
98.75
98.75
98.75
98.54
98.54
98.54
98.54
98.54
98.54
98.54
98.50
98.50
98.50
98.50
98.50
98.50
98.50
98.70
98.70
98.70
98.70
98.70
98.70
98.70
98.79
98.79
98.79
98.79
98.79
98.79
98.79
98.79
98.50
98.50
98.50
98.50
98.50
98.50
98.47
98.47
98.47
98.47
98.47
98.47
98.47
98.47
98.59
98.59
98.59
98.59
98.59
98.59
98.59
98.59
98.41
98.41
98.41
98.41
98.41
98.41
98.41
98.41
98.41
98.41
98.41
96.64
96.64
96.64
96.64
96.38
96.38
96.38
96.38
96.38
96.38
96.38
96.38
96.38
97.42
97.42
97.42
97.42
97.42
97.42
97.42
97.75
97.75
97.75
97.75
97.75
97.75
97.75
97.75
97.75
98.30
98.30
98.30
98.30
98.30
98.30
98.30
98.30
98.30
98.47
98.47
98.47
98.47
98.47
98.47
98.47
98.47
98.47
98.47
98.47
98.47
98.47
98.47
