98.25
98.25
98.25
98.25
96.79
96.79
96.79
96.79
96.79
96.79
96.79
96.79
96.32
96.32
96.32
96.32
96.32
96.32
97.78
97.78
97.78
97.78
97.78
97.78
97.78
97.78
98.26
98.26
98.26
98.26
98.26
97.91
97.91
97.91
97.91
97.91
97.91
97.91
97.91
97.91
98.74
98.74
98.74
98.74
98.74
98.74
98.74
98.74
98.92
98.92
98.92
98.92
98.92
98.92
98.92
98.95
98.95
98.95
98.95
98.95
98.95
98.95
98.95
98.95
98.95
98.95
98.95
98.95
98.95
98.95
98.95
98.95
98.95
98.95
98.96
98.96
98.96
98.96
98.96
98.96
98.94
98.94
98.94
98.94
98.94
98.94
98.94
98.94
98.92
98.92
98.92
98.92
98.92
98.92
98.92
98.92
98.92
98.92
98.71
98.71
98.71
98.71
98.79
98.79
98.79
98.79
98.79
98.79
98.79
98.79
98.79
98.70
98.70
98.70
98.70
98.70
98.70
98.70
98.91
98.91
98.91
98.91
98.91
98.91
98.91
