97.09
97.09
97.09
97.09
97.09
97.09
97.09
97.09
97.43
97.43
97.43
97.43
97.43
97.43
97.43
97.43
97.43
97.43
97.43
96.57
96.57
96.57
96.57
96.57
96.57
96.57
96.57
97.87
97.87
97.87
97.87
97.87
97.87
97.87
97.87
96.99
96.99
96.99
96.99
96.99
96.99
96.99
96.99
97.83
97.83
97.83
97.83
97.83
97.83
97.83
97.83
96.70
96.70
96.70
96.70
96.70
96.70
96.70
96.70
95.34
95.34
95.34
95.34
95.34
95.34
91.29
91.29
91.29
91.29
91.29
91.29
91.29
91.29
91.29
91.29
91.29
94.48
94.48
94.48
94.48
94.48
94.48
94.86
94.86
94.86
94.86
94.86
94.86
94.86
94.86
94.86
94.86
94.86
94.86
93.84
93.84
93.84
93.84
93.84
93.84
93.84
93.84
93.84
92.98
92.98
92.98
92.98
92.98
92.98
92.98
92.98
93.34
93.34
93.34
93.34
93.34
93.34
93.34
93.34
93.34
93.96
93.96
93.96
93.96
93.96
93.96
93.96
93.96
95.98
95.98
95.98
95.98
95.98
95.98
95.98
95.98
95.78
95.78
95.78
95.78
95.78
95.78
95.78
95.78
94.04
94.04
94.04
94.04
94.04
94.04
94.04
94.04
96.37
96.37
96.37
96.37
96.37
96.37
96.37
96.37
97.02
97.02
97.02
97.02
97.02
97.02
97.02
97.02
96.33
96.33
96.33
96.33
96.33
96.33
96.33
96.33
97.04
97.04
97.04
97.04
97.04
97.04
97.04
97.04
97.04
97.04
96.03
96.03
96.03
96.03
96.03
93.41
93.41
93.41
93.41
93.41
93.41
