97.85
97.85
97.85
97.85
97.85
97.85
97.85
97.85
97.85
97.85
97.85
96.35
96.35
96.35
96.35
96.35
96.35
96.35
93.94
93.94
93.94
93.94
93.94
93.94
93.94
92.15
92.15
92.15
92.15
92.15
92.15
92.15
92.15
92.15
92.15
92.15
92.15
86.78
86.78
86.78
86.78
86.78
86.78
86.78
86.78
86.78
86.21
86.21
86.21
86.21
86.21
86.21
81.72
81.72
81.72
81.72
81.72
81.72
81.72
80.90
80.90
80.90
80.90
80.90
80.90
80.90
80.90
82.33
82.33
82.33
82.33
82.33
82.33
82.33
82.33
82.33
82.33
82.33
85.09
85.09
85.09
85.09
85.09
85.09
85.09
85.09
83.38
83.38
83.38
83.38
83.38
83.38
83.38
83.38
83.38
81.33
81.33
81.33
81.33
81.33
81.33
81.33
81.33
81.33
81.33
84.43
84.43
84.43
84.43
84.43
84.47
84.47
84.47
84.47
84.47
84.47
86.42
86.42
86.42
86.42
86.42
86.42
86.42
86.42
86.42
86.58
86.58
86.58
86.58
86.58
86.58
86.58
86.58
86.58
84.21
84.21
84.21
84.21
83.78
83.78
83.78
83.78
83.78
83.78
83.78
83.78
84.43
84.43
84.43
84.43
84.43
84.43
84.43
84.43
83.44
83.44
83.44
83.44
83.44
83.44
83.44
83.44
83.44
84.72
84.72
84.72
84.72
84.72
84.72
84.72
84.72
87.73
87.73
87.73
87.73
87.42
87.42
87.42
87.42
87.42
87.42
87.42
87.42
87.42
88.60
88.60
88.60
88.60
88.60
88.60
88.60
88.60
88.60
88.60
88.60
89.08
89.08
89.08
89.08
89.08
89.08
89.08
89.08
89.08
89.08
89.08
89.08
89.08
89.08
89.47
89.47
89.47
89.47
89.47
89.47
89.47
89.47
89.47
89.47
89.47
88.93
88.93
88.93
88.93
88.93
88.93
88.93
91.44
91.44
91.44
91.44
91.44
91.44
91.44
91.44
90.68
90.68
90.68
90.68
90.68
90.68
90.68
92.62
92.62
92.62
92.62
92.62
92.62
92.62
92.62
94.71
94.71
94.71
94.71
93.69
93.69
93.69
93.69
93.69
93.69
93.69
93.69
93.69
93.69
93.69
96.93
96.93
96.93
96.93
96.93
96.93
96.93
96.93
98.05
98.05
98.05
98.05
98.05
98.05
