98.81
98.81
98.81
98.81
98.81
98.81
98.81
98.81
98.81
98.73
98.73
98.73
98.73
98.73
98.73
98.73
98.82
98.82
98.82
98.82
98.82
98.82
98.82
98.82
98.84
98.84
98.84
98.84
98.84
98.84
98.84
98.73
98.73
98.73
98.73
98.73
98.73
98.73
98.73
98.73
98.50
98.50
98.50
98.50
98.50
98.50
98.50
98.50
98.67
98.67
98.67
98.67
98.67
98.67
98.67
98.67
98.36
98.36
98.36
98.36
98.36
98.36
98.36
98.36
98.36
97.92
97.92
97.92
97.92
97.92
97.92
97.56
97.56
97.56
97.56
96.77
96.77
96.77
96.77
96.77
96.77
96.77
96.77
98.51
98.51
98.51
98.51
98.51
98.51
98.51
98.51
98.51
98.51
98.51
98.51
98.04
98.04
98.04
98.04
98.04
98.04
98.04
97.39
97.39
97.39
97.39
97.39
97.59
97.59
97.59
97.59
97.59
97.59
97.59
97.59
97.59
97.81
97.81
97.81
97.81
97.81
94.86
94.86
94.86
94.86
94.86
94.86
94.86
94.86
97.96
97.96
97.96
97.96
98.52
98.52
98.52
98.52
98.52
98.52
98.52
98.52
98.52
98.52
98.52
98.52
98.52
98.52
98.34
98.34
98.34
98.34
98.34
98.34
98.34
98.34
97.44
97.44
97.44
97.44
97.44
97.44
97.44
97.44
97.44
96.75
96.75
96.75
96.75
