96.96
96.96
96.96
96.96
96.96
96.96
96.96
96.96
96.96
95.44
95.44
95.44
95.44
95.44
93.79
93.79
93.79
93.79
93.79
94.11
94.11
94.11
94.11
94.11
94.11
94.11
94.11
94.11
97.01
97.01
97.01
97.01
97.01
97.01
97.01
97.01
97.01
97.70
97.70
97.70
97.70
97.70
97.70
97.70
97.70
98.28
98.28
98.28
98.28
98.28
98.28
98.28
97.81
97.81
97.81
97.81
97.81
97.81
97.81
97.81
97.81
97.81
97.81
97.81
98.18
98.18
98.18
98.18
98.18
98.18
98.18
98.18
96.78
96.78
96.78
96.78
96.78
96.78
96.78
96.78
96.78
97.74
97.74
97.74
97.74
97.74
97.74
97.90
97.90
97.90
97.90
97.90
97.90
97.90
98.63
98.63
98.63
98.63
98.63
98.63
98.63
98.63
98.67
98.67
98.67
98.67
98.67
98.67
98.67
98.67
98.67
98.67
98.82
98.82
98.82
98.82
98.82
98.82
98.82
98.81
98.81
98.81
98.81
98.81
98.81
98.81
98.62
98.62
98.62
98.62
98.62
98.62
98.62
98.62
98.12
98.12
98.12
98.12
98.12
98.12
98.12
98.12
98.12
97.01
97.01
97.01
97.01
97.01
97.01
97.01
97.01
93.96
93.96
93.96
93.96
93.96
93.96
93.96
89.71
89.71
89.71
89.71
89.71
89.71
89.71
85.05
85.05
85.05
85.05
85.05
85.05
85.05
74.85
74.85
74.85
74.85
74.85
76.45
76.45
76.45
76.45
76.45
76.45
76.45
76.45
76.45
76.45
76.45
76.45
86.48
86.48
86.48
86.48
92.27
92.27
92.27
92.27
92.27
92.27
94.60
94.60
94.60
94.60
94.60
94.60
94.60
94.60
94.60
97.22
97.22
97.22
97.22
97.22
97.22
97.22
