55.76
55.76
55.76
55.76
55.76
55.76
55.76
55.76
66.80
66.80
66.80
66.80
66.80
66.80
66.80
66.80
90.53
90.53
90.53
90.53
90.53
90.53
90.53
90.53
90.53
97.64
97.64
97.64
97.64
97.64
97.64
97.64
97.64
98.01
98.01
98.01
98.01
98.01
98.01
98.01
98.01
97.75
97.75
97.75
97.75
97.75
97.75
97.75
97.75
97.75
97.98
97.98
97.98
97.98
97.98
97.98
97.98
97.98
97.98
97.98
97.98
98.61
98.61
98.61
98.61
98.61
98.61
98.61
98.61
98.61
98.61
98.61
98.40
98.40
98.40
98.40
98.40
98.40
98.40
98.40
98.29
98.29
98.29
98.29
98.29
98.29
98.29
98.29
98.29
98.29
98.62
98.62
98.62
98.62
98.62
98.62
98.62
98.62
98.62
98.62
98.62
98.62
98.22
98.22
98.22
98.22
98.22
98.22
98.22
97.99
97.99
97.99
97.99
97.99
97.99
98.54
98.54
98.54
98.54
98.54
98.54
98.54
98.54
98.63
98.63
98.63
98.63
98.63
98.63
98.63
98.63
98.66
98.66
98.66
98.66
98.66
98.66
98.66
98.63
98.63
98.63
98.63
98.63
98.63
98.63
98.63
98.63
97.92
97.92
97.92
97.92
97.92
97.92
97.33
97.33
97.33
97.33
97.33
97.33
97.33
97.33
97.33
90.56
90.56
90.56
90.56
90.56
90.56
90.78
90.78
90.78
90.78
94.81
94.81
94.81
94.81
94.81
94.81
94.81
95.41
95.41
95.41
95.41
95.41
95.41
95.41
95.41
95.41
95.41
95.41
96.84
96.84
96.84
96.84
96.84
96.84
96.84
96.84
96.84
97.85
97.85
97.85
97.85
97.85
97.85
97.85
98.35
98.35
98.35
98.35
98.35
98.35
98.35
98.12
98.12
98.12
98.12
98.12
98.12
98.39
98.39
98.39
98.39
98.39
98.39
98.39
98.16
98.16
98.16
98.16
98.16
98.16
98.16
98.16
98.16
98.43
98.43
98.43
98.43
98.76
98.76
98.76
98.76
98.76
98.76
98.76
98.76
98.76
98.75
98.75
98.75
98.75
98.75
98.75
98.75
98.75
98.75
98.75
98.75
98.75
98.75
98.75
98.59
98.59
98.59
98.59
98.59
98.59
98.59
98.59
98.59
