94.49
94.49
94.49
94.49
94.49
94.49
94.49
94.49
95.42
95.42
95.42
95.42
95.42
95.42
95.42
95.42
95.42
95.42
95.42
97.44
97.44
97.44
97.44
97.44
97.44
97.44
97.78
97.78
97.78
97.78
97.78
97.78
97.78
97.78
98.07
98.07
98.07
98.07
98.07
98.07
98.07
98.07
97.35
97.35
97.35
97.35
97.35
97.35
97.35
97.35
97.35
97.56
97.56
97.56
97.56
97.56
97.56
97.56
97.31
97.31
97.31
97.31
97.31
97.31
97.31
96.06
96.06
96.06
96.06
96.06
96.06
96.06
96.06
92.72
92.72
92.72
92.72
92.72
92.72
92.72
92.72
92.72
93.78
93.78
93.78
93.78
93.78
93.78
93.78
93.78
96.15
96.15
96.15
96.15
96.15
96.15
94.28
94.28
94.28
94.28
94.28
94.28
94.28
94.28
94.28
95.25
95.25
95.25
95.25
95.25
95.25
95.25
95.25
95.25
96.26
96.26
96.26
96.26
96.26
96.61
96.61
96.61
96.61
96.61
96.61
96.61
96.61
96.61
97.13
97.13
97.13
97.13
97.13
97.13
97.13
97.13
97.58
97.58
97.58
97.58
97.58
97.58
97.58
97.58
97.30
97.30
97.30
97.30
97.30
97.30
97.30
97.30
97.30
96.86
96.86
96.86
96.86
96.86
96.86
96.86
96.86
96.86
98.12
98.12
98.12
98.12
98.12
98.12
98.12
98.12
98.12
98.12
98.12
98.12
97.79
97.79
97.79
97.79
97.79
97.79
97.79
96.65
96.65
96.65
96.65
96.65
96.65
96.65
96.65
96.65
97.40
97.40
97.40
97.40
97.40
97.40
97.40
97.40
97.55
97.55
97.55
97.55
97.55
97.55
97.55
96.86
96.86
96.86
96.86
96.86
96.86
96.86
96.86
96.86
96.86
93.60
93.60
93.60
93.60
93.60
91.67
91.67
91.67
91.67
91.67
92.35
92.35
92.35
92.35
92.35
92.35
92.35
92.57
92.57
92.57
92.57
92.57
92.57
92.57
92.57
92.57
92.57
92.04
92.04
92.04
92.04
92.04
92.04
92.04
92.04
92.12
92.12
92.12
92.12
92.12
95.07
95.07
95.07
95.07
95.07
95.07
95.07
95.07
95.07
95.07
95.07
95.07
95.24
95.24
95.24
95.24
95.24
95.24
95.24
95.24
97.38
97.38
97.38
97.38
97.38
97.38
97.38
97.38
97.05
97.05
97.05
97.05
97.05
97.05
97.05
97.05
97.05
97.56
97.56
97.56
97.56
97.56
97.56
97.56
96.87
96.87
96.87
96.87
96.87
96.87
96.87
97.35
97.35
97.35
97.35
97.35
97.35
97.35
97.35
97.35
98.34
98.34
98.34
98.34
98.34
98.34
98.34
98.34
98.44
98.44
98.44
98.44
98.44
98.44
98.44
98.44
98.44
98.44
98.44
98.15
98.15
98.15
98.15
98.15
98.15
98.15
98.15
98.15
98.15
98.15
98.08
98.08
98.08
98.08
98.08
98.08
98.08
98.08
97.96
97.96
97.96
97.96
97.96
97.96
97.96
97.96
97.96
97.91
97.91
97.91
97.91
97.91
97.91
97.91
97.91
97.91
97.91
97.91
97.20
97.20
97.20
97.20
97.20
97.20
97.20
97.20
97.20
