98.78
98.78
98.78
98.78
98.78
98.78
98.78
98.78
98.78
98.78
98.78
98.83
98.83
98.83
98.83
98.83
98.83
98.83
98.83
98.94
98.94
98.94
98.94
98.94
98.94
98.94
98.94
98.91
98.91
98.91
98.91
98.91
98.91
98.91
98.91
98.91
98.93
98.93
98.93
98.93
98.93
98.93
98.93
98.93
98.88
98.88
98.88
98.88
98.88
98.88
98.88
98.88
98.85
98.85
98.85
98.85
98.85
98.85
98.85
98.85
98.85
98.83
98.83
98.83
98.83
98.83
98.83
98.91
98.91
98.91
98.91
98.91
98.91
98.91
98.91
98.91
98.81
98.81
98.81
98.81
98.81
98.81
98.81
98.81
98.93
98.93
98.93
98.93
98.93
98.93
98.93
98.93
98.93
98.93
98.93
98.96
98.96
98.96
98.96
98.96
98.96
98.96
98.96
98.96
98.96
98.96
98.96
98.96
98.96
98.96
98.96
98.96
98.96
98.96
98.96
98.96
98.96
98.96
98.96
98.96
98.96
98.96
98.91
98.91
98.91
98.91
98.91
98.91
98.91
98.91
98.90
98.90
98.90
98.90
98.90
98.90
98.90
98.94
98.94
98.94
98.94
98.94
98.94
