94.19
94.19
94.19
94.19
94.19
94.19
94.19
93.18
93.18
93.18
93.18
93.18
93.18
93.18
93.18
93.18
94.37
94.37
94.37
94.37
94.37
94.37
94.37
94.37
94.37
92.76
92.76
92.76
92.76
92.76
92.76
92.76
92.76
91.61
91.61
91.61
91.61
91.61
91.61
91.61
91.61
91.61
91.46
91.46
91.46
91.46
91.46
91.46
91.46
89.02
89.02
89.02
89.02
89.02
89.02
89.02
89.02
87.41
87.41
87.41
87.41
91.56
91.56
91.56
91.56
91.56
91.56
94.47
94.47
94.47
94.47
94.47
94.47
94.47
96.54
96.54
96.54
96.54
96.54
96.54
96.54
96.54
96.54
96.54
96.54
96.54
96.01
96.01
96.01
96.01
96.01
96.01
96.01
96.01
96.55
96.55
96.55
96.55
96.55
95.92
95.92
95.92
95.92
95.92
94.40
94.40
94.40
94.40
94.40
94.40
94.40
89.94
89.94
89.94
89.94
87.79
87.79
87.79
87.79
87.79
87.79
87.79
87.79
