75.53
75.53
75.53
75.53
75.53
75.53
75.53
75.53
88.79
88.79
88.79
88.79
88.79
88.79
88.79
88.79
90.63
90.63
90.63
90.63
90.63
90.63
90.63
90.63
90.63
91.36
91.36
91.36
91.36
91.36
91.36
91.36
91.36
91.36
92.03
92.03
92.03
92.03
92.03
94.08
94.08
94.08
94.08
94.08
94.08
94.08
94.08
93.70
93.70
93.70
93.70
93.70
94.47
94.47
94.47
94.47
94.47
95.16
95.16
95.16
95.16
95.16
95.16
95.16
95.16
93.65
93.65
93.65
93.65
93.65
93.65
93.65
93.65
93.65
94.64
94.64
94.64
94.64
94.64
94.64
94.64
94.64
94.88
94.88
94.88
94.88
94.88
92.54
92.54
92.54
92.54
92.54
92.54
92.54
92.54
92.54
92.54
92.54
92.47
92.47
92.47
92.47
92.47
92.47
92.47
92.47
93.38
93.38
93.38
93.38
93.38
93.38
93.38
93.38
94.05
94.05
94.05
94.05
94.05
94.05
94.05
94.05
94.05
