86.99
86.99
86.99
86.99
86.99
86.99
86.99
86.99
97.64
97.64
97.64
97.64
97.64
97.64
97.64
97.64
97.64
97.64
97.64
98.23
98.23
98.23
98.23
98.23
98.23
98.23
98.23
98.51
98.51
98.51
98.51
98.51
98.51
98.51
98.51
97.86
97.86
97.86
97.86
97.86
97.86
97.86
97.86
97.79
97.79
97.79
97.79
97.92
97.92
97.92
97.92
97.92
97.92
97.92
97.92
97.92
97.92
97.33
97.33
97.33
97.33
97.33
97.33
97.33
97.33
97.33
96.93
96.93
96.93
96.93
96.93
96.93
96.93
96.93
96.93
96.26
96.26
96.26
96.26
96.26
96.26
96.26
96.26
96.26
97.20
97.20
97.20
97.20
97.20
97.20
97.86
97.86
97.86
97.86
97.86
97.86
97.86
97.86
97.82
97.82
97.82
97.82
97.82
98.03
98.03
98.03
98.03
98.03
98.03
98.03
97.62
97.62
97.62
97.62
97.62
97.62
98.46
98.46
98.46
98.46
98.46
98.46
98.46
98.46
98.53
98.53
98.53
98.53
98.53
98.53
98.53
98.53
98.53
98.53
98.53
98.61
98.61
98.61
98.61
98.61
98.43
98.43
98.43
98.43
98.43
98.43
98.43
98.09
98.09
98.09
98.09
98.09
98.09
98.09
98.09
98.09
98.29
98.29
98.29
98.29
98.29
98.29
98.29
98.29
98.29
98.29
98.29
98.70
98.70
98.70
98.70
98.72
98.72
98.72
98.72
98.72
98.72
98.72
98.72
98.83
98.83
98.83
98.83
98.93
98.93
98.93
98.93
98.93
98.93
98.96
98.96
98.96
98.96
98.96
98.96
98.96
98.96
98.96
98.96
98.96
98.93
98.93
98.93
98.93
98.93
98.93
98.93
98.81
98.81
98.81
98.81
98.81
98.81
98.81
98.35
98.35
98.35
98.35
98.35
97.24
97.24
97.24
97.24
97.24
97.24
97.24
97.24
97.24
97.24
97.24
96.78
96.78
96.78
96.78
96.78
96.78
96.78
94.99
94.99
94.99
94.99
94.99
94.99
94.99
94.99
95.53
95.53
95.53
95.53
95.53
95.53
95.53
95.53
96.29
96.29
96.29
96.29
97.18
97.18
97.18
97.18
97.18
97.18
97.18
97.18
97.18
97.46
97.46
97.46
97.46
97.46
97.46
97.46
96.69
96.69
96.69
96.69
96.69
96.69
