95.36
95.36
95.36
95.36
95.36
95.36
95.36
95.36
95.36
95.36
95.36
95.35
95.35
95.35
95.35
95.35
95.35
95.35
95.35
95.35
95.35
95.35
95.35
94.68
94.68
94.68
94.68
94.68
94.68
94.68
94.68
95.30
95.30
95.30
95.30
95.30
95.30
95.30
95.30
94.90
94.90
94.90
94.90
94.90
94.90
92.65
92.65
92.65
92.65
92.65
92.65
92.65
92.65
92.65
91.77
91.77
91.77
91.77
91.77
91.77
91.77
91.77
91.77
90.44
90.44
90.44
90.44
90.44
90.44
90.44
89.68
89.68
89.68
89.68
89.68
89.68
89.68
89.68
89.68
90.04
90.04
90.04
90.04
89.90
89.90
89.90
89.90
89.90
89.90
89.90
89.90
89.90
89.90
89.72
89.72
89.72
89.72
89.72
89.72
89.72
89.72
89.72
92.09
92.09
92.09
92.09
92.09
92.09
93.60
93.60
93.60
93.60
93.60
93.60
91.76
91.76
91.76
91.76
93.83
93.83
93.83
93.83
93.83
93.83
93.83
93.83
93.83
93.83
93.86
93.86
93.86
93.86
93.86
93.86
93.53
93.53
93.53
93.53
93.53
93.53
93.53
93.53
93.53
93.53
93.53
93.28
93.28
93.28
93.28
94.16
94.16
94.16
94.16
94.16
94.16
95.38
95.38
95.38
95.38
95.38
95.38
95.38
95.38
95.38
95.75
95.75
95.75
95.75
95.75
95.75
95.75
95.75
95.10
95.10
95.10
95.10
95.10
95.10
95.10
95.10
93.57
93.57
93.57
93.57
93.57
93.57
93.57
93.57
93.57
94.68
94.68
94.68
94.68
94.68
93.86
93.86
93.86
93.86
94.77
94.77
94.77
94.77
94.77
94.77
94.77
95.45
95.45
95.45
95.45
95.45
95.45
95.45
95.45
95.45
95.45
