93.99
93.99
93.99
93.99
93.99
93.99
93.99
95.87
95.87
95.87
95.87
95.87
95.87
95.87
95.87
96.75
96.75
96.75
96.75
96.75
96.75
96.75
96.75
96.75
96.75
96.75
96.75
96.36
96.36
96.36
96.36
96.36
96.36
96.36
96.36
96.36
96.36
96.36
96.36
95.93
95.93
95.93
95.93
95.93
95.93
95.93
95.96
95.96
95.96
95.96
95.96
95.96
95.96
95.96
93.84
93.84
93.84
93.84
93.84
89.36
89.36
89.36
89.36
89.36
89.36
89.36
86.26
86.26
86.26
86.26
86.26
86.26
86.26
86.26
86.26
82.76
82.76
82.76
82.76
82.76
82.76
82.76
82.76
82.76
81.12
81.12
81.12
81.12
83.88
83.88
83.88
83.88
83.88
83.88
83.88
83.88
83.88
85.36
85.36
85.36
85.36
85.36
85.36
85.36
85.36
91.81
91.81
91.81
91.81
91.81
91.81
91.81
92.16
92.16
92.16
92.16
92.16
92.16
92.16
92.16
92.59
92.59
92.59
92.59
93.95
93.95
93.95
93.95
93.95
93.95
93.95
