41.86
41.86
41.86
41.86
41.86
41.86
42.35
42.35
42.35
42.35
42.35
42.35
42.35
42.35
42.35
42.35
42.35
45.78
45.78
45.78
45.78
45.78
55.81
55.81
55.81
55.81
55.81
55.81
55.81
47.65
47.65
47.65
47.65
47.65
54.95
54.95
54.95
54.95
54.95
54.95
54.95
42.12
42.12
42.12
42.12
42.12
45.91
45.91
45.91
45.91
45.91
45.91
45.91
55.10
55.10
55.10
55.10
55.10
55.10
55.10
45.06
45.06
45.06
45.06
45.06
45.06
45.06
45.06
45.06
45.06
48.77
48.77
48.77
48.77
48.77
49.31
49.31
49.31
49.31
49.31
49.31
49.31
39.04
39.04
39.04
39.04
39.04
39.04
39.04
39.04
42.10
42.10
42.10
42.10
42.10
42.10
42.10
42.10
42.10
42.10
34.07
34.07
34.07
34.07
34.07
34.07
40.69
40.69
40.69
40.69
40.69
40.69
40.69
38.37
38.37
38.37
38.37
38.37
37.26
37.26
37.26
37.26
37.26
37.26
37.26
42.25
42.25
42.25
42.25
42.25
42.25
42.25
42.25
40.23
40.23
40.23
40.23
40.23
40.23
38.28
38.28
38.28
38.28
38.28
38.28
38.28
38.12
38.12
38.12
38.12
38.12
38.12
38.12
41.89
41.89
41.89
41.89
41.89
41.89
41.89
41.89
37.63
37.63
37.63
37.63
37.63
37.63
37.63
38.72
38.72
38.72
38.72
38.72
38.72
38.72
38.72
38.72
38.72
38.72
