38.71
38.71
38.71
38.71
38.71
38.71
38.71
44.12
44.12
44.12
44.12
44.12
44.12
44.12
45.96
45.96
45.96
45.96
45.96
45.96
45.96
45.96
45.96
46.56
46.56
46.56
46.56
53.24
53.24
53.24
53.24
53.24
53.24
53.24
65.50
65.50
65.50
65.50
65.50
65.50
65.50
65.50
65.50
82.60
82.60
82.60
82.60
82.60
82.60
82.60
82.60
82.60
82.60
82.60
84.41
84.41
84.41
84.41
84.41
84.41
84.41
90.72
90.72
90.72
90.72
90.72
90.72
90.72
90.72
90.72
90.72
90.72
90.69
90.69
90.69
90.69
90.69
90.69
90.69
93.77
93.77
93.77
93.77
93.77
93.77
93.77
93.77
93.77
94.82
94.82
94.82
94.82
94.82
94.82
94.82
94.82
94.58
94.58
94.58
94.58
94.58
94.58
94.58
94.58
94.58
94.58
94.58
94.58
94.58
94.58
90.69
90.69
90.69
90.69
90.69
90.69
90.69
90.69
90.69
91.12
91.12
91.12
91.12
91.12
91.12
91.12
91.12
90.80
90.80
90.80
90.80
91.06
91.06
91.06
91.06
91.06
91.06
91.78
91.78
91.78
91.78
91.78
91.78
91.78
91.78
90.60
90.60
90.60
90.60
90.60
90.60
90.60
92.09
92.09
92.09
92.09
92.09
92.09
92.09
92.09
92.09
92.09
92.09
92.09
90.05
90.05
90.05
90.05
90.05
90.05
90.05
90.05
91.06
91.06
91.06
91.06
91.06
91.06
91.06
90.15
90.15
90.15
90.15
90.15
90.15
90.15
90.15
87.34
87.34
87.34
87.34
87.34
87.34
85.07
85.07
85.07
85.07
85.07
83.89
83.89
83.89
83.89
83.89
83.89
83.89
83.89
83.89
79.32
79.32
79.32
79.32
79.32
79.32
63.63
63.63
63.63
63.63
63.63
63.63
63.63
63.63
63.63
