87.93
87.93
87.93
87.93
87.93
87.93
87.93
86.81
86.81
86.81
86.81
86.81
86.81
86.81
87.03
87.03
87.03
87.03
87.03
87.03
87.03
87.03
87.03
88.34
88.34
88.34
88.34
88.34
88.34
88.34
88.34
92.92
92.92
92.92
92.92
92.92
92.92
92.92
94.60
94.60
94.60
94.60
94.60
94.60
94.60
94.60
96.31
96.31
96.31
96.31
96.31
96.31
96.31
96.31
96.31
97.29
97.29
97.29
97.29
97.29
97.29
97.29
97.35
97.35
97.35
97.35
97.35
97.35
97.35
97.58
97.58
97.58
97.58
97.58
97.58
97.58
97.58
97.02
97.02
97.02
97.02
97.02
97.02
97.02
97.02
97.02
97.81
97.81
97.81
97.81
97.81
97.81
97.81
97.81
97.81
97.81
95.66
95.66
95.66
95.66
95.66
95.66
95.66
95.95
95.95
95.95
95.95
95.95
95.95
95.95
95.90
95.90
95.90
95.90
95.90
95.90
95.90
95.90
92.93
92.93
92.93
92.93
92.93
92.93
92.93
92.93
92.93
95.36
95.36
95.36
95.36
95.36
95.36
95.36
95.36
95.36
95.36
95.36
95.36
95.36
95.36
97.07
97.07
97.07
97.07
97.07
97.07
97.07
97.07
97.07
97.07
97.07
94.75
94.75
94.75
94.75
94.75
94.55
94.55
94.55
94.55
94.55
93.92
93.92
93.92
93.92
93.92
93.92
93.92
93.92
94.01
94.01
94.01
94.01
