98.88
98.88
98.88
98.88
98.88
98.88
98.88
98.88
98.88
98.88
98.88
98.77
98.77
98.77
98.77
98.77
98.85
98.85
98.85
98.85
98.85
98.85
98.85
98.85
98.87
98.87
98.87
98.87
98.87
98.87
98.87
98.87
98.84
98.84
98.84
98.84
98.84
98.84
98.84
98.84
98.84
98.77
98.77
98.77
98.77
98.77
98.77
98.77
98.77
98.77
98.83
98.83
98.83
98.83
98.83
98.80
98.80
98.80
98.80
98.80
98.80
98.80
98.80
98.56
98.56
98.56
98.56
98.56
98.56
98.56
98.56
98.56
98.56
98.56
98.84
98.84
98.84
98.84
98.84
98.84
98.84
98.84
98.91
98.91
98.91
98.91
98.91
98.91
98.91
98.91
98.79
98.79
98.79
98.79
98.79
98.79
98.79
98.46
98.46
98.46
98.46
98.26
98.26
98.26
98.26
98.26
98.26
98.26
98.73
98.73
98.73
98.73
98.73
98.73
98.73
98.73
98.73
98.90
98.90
98.90
98.90
98.90
98.90
98.90
98.90
98.90
98.90
98.90
98.94
98.94
98.94
98.94
98.94
98.94
98.94
98.94
98.91
98.91
98.91
98.91
98.91
98.91
98.91
98.91
98.91
98.91
98.91
98.91
98.91
98.91
98.91
98.91
98.81
98.81
98.81
98.81
98.81
98.81
98.81
98.81
98.81
98.81
98.82
98.82
98.82
98.82
98.82
98.56
98.56
98.56
98.56
98.56
98.56
98.56
98.56
98.79
98.79
98.79
98.79
98.79
98.79
98.79
98.79
98.79
98.79
98.79
98.79
98.72
98.72
98.72
98.72
98.72
98.72
98.72
98.72
98.69
98.69
98.69
98.69
98.69
98.69
98.69
98.69
98.69
97.95
97.95
97.95
97.95
97.95
97.95
96.85
96.85
96.85
96.85
96.85
96.85
96.85
96.85
96.82
96.82
96.82
96.82
96.82
96.82
96.82
