98.89
98.89
98.89
98.89
98.89
98.89
98.89
98.89
98.89
98.89
98.89
98.89
98.89
98.89
98.89
98.89
98.89
98.89
98.89
98.79
98.79
98.79
98.79
98.79
98.79
98.79
98.79
98.79
98.84
98.84
98.84
98.84
98.84
98.84
98.84
98.84
98.84
98.84
98.84
98.84
98.84
98.84
98.91
98.91
98.91
98.91
98.91
98.91
98.91
98.93
98.93
98.93
98.93
98.93
98.93
98.93
98.95
98.95
98.95
98.95
98.95
98.95
98.95
98.95
98.95
98.95
98.95
98.97
98.97
98.97
98.97
98.97
98.97
98.97
98.97
98.97
98.97
98.97
98.97
98.97
98.97
98.97
98.95
98.95
98.95
98.95
98.95
98.95
98.95
98.95
98.89
98.89
98.89
98.89
98.76
98.76
98.76
98.76
98.87
98.87
98.87
98.87
98.87
98.87
98.87
98.59
98.59
98.59
98.59
98.59
98.71
98.71
98.71
98.71
98.71
98.71
98.71
98.71
98.71
98.47
98.47
98.47
98.47
98.47
98.47
98.47
98.47
98.83
98.83
98.83
98.83
98.83
98.83
98.83
98.83
98.76
98.76
98.76
98.76
98.76
98.76
98.76
98.86
98.86
98.86
98.86
98.86
98.86
98.86
98.51
98.51
98.51
98.51
98.51
98.51
98.51
98.45
98.45
98.45
98.45
98.79
98.79
98.79
98.79
98.79
98.79
98.79
98.79
98.79
98.79
98.79
98.79
98.79
98.79
98.76
98.76
98.76
98.76
98.76
98.76
98.76
98.76
98.76
98.76
98.76
98.92
98.92
98.92
98.92
98.92
98.92
98.92
98.92
98.89
98.89
98.89
98.89
98.94
98.94
98.94
98.94
98.94
98.94
98.94
98.94
98.94
98.94
98.94
98.94
98.94
98.94
98.98
98.98
98.98
98.98
98.98
98.98
98.98
98.98
98.96
98.96
98.96
98.96
98.96
98.96
98.96
98.96
98.95
98.95
98.95
98.95
98.95
98.95
98.95
98.95
98.95
98.95
98.95
98.95
98.93
98.93
98.93
98.93
98.93
98.93
98.93
98.87
98.87
98.87
98.87
98.87
98.87
98.87
98.87
98.62
98.62
98.62
98.62
98.62
98.62
98.62
98.62
98.62
98.62
98.62
98.62
98.62
98.62
98.62
98.62
98.62
