90.88
90.88
90.88
90.88
90.88
90.88
90.88
90.88
95.49
95.49
95.49
95.49
95.49
95.49
95.49
96.54
96.54
96.54
96.54
96.54
96.54
96.82
96.82
96.82
96.82
96.82
96.82
96.82
96.82
96.82
96.82
96.82
98.14
98.14
98.14
98.14
98.14
98.14
98.14
97.99
97.99
97.99
97.99
97.99
97.99
97.99
97.99
98.17
98.17
98.17
98.17
98.17
98.17
98.17
98.65
98.65
98.65
98.65
98.65
98.65
98.65
98.65
98.65
98.78
98.78
98.78
98.78
98.78
98.78
98.78
98.78
98.78
98.67
98.67
98.67
98.67
98.67
98.67
98.67
98.67
98.67
98.67
98.67
98.56
98.56
98.56
98.56
98.56
98.56
98.56
98.68
98.68
98.68
98.68
98.68
98.68
98.68
98.68
98.68
98.68
98.68
98.72
98.72
98.72
98.72
98.72
98.72
98.72
98.72
98.53
98.53
98.53
98.53
98.53
98.53
98.53
98.53
98.53
98.18
98.18
98.18
98.18
98.18
97.99
97.99
97.99
97.99
98.31
98.31
98.31
98.31
98.31
98.31
98.31
98.31
98.48
98.48
98.48
98.48
98.48
98.48
98.48
98.48
98.18
98.18
98.18
98.18
98.18
98.18
98.18
98.18
97.64
97.64
97.64
97.64
97.64
97.64
97.64
97.64
97.82
97.82
97.82
97.82
97.82
97.82
97.82
97.82
