97.54
97.54
97.54
97.54
97.54
97.54
97.11
97.11
97.11
97.11
97.11
96.14
96.14
96.14
96.14
96.14
95.63
95.63
95.63
95.63
95.63
95.63
95.63
95.63
95.63
95.63
96.03
96.03
96.03
96.03
96.03
96.03
96.03
96.03
96.03
96.21
96.21
96.21
96.21
96.21
96.21
96.21
96.21
96.01
96.01
96.01
96.01
96.01
96.01
94.56
94.56
94.56
94.56
94.56
94.56
94.56
94.56
94.56
94.56
94.45
94.45
94.45
94.45
94.45
94.45
94.45
93.92
93.92
93.92
93.92
93.92
93.92
93.92
93.92
93.92
92.54
92.54
92.54
92.54
92.54
92.54
92.54
92.54
92.54
93.89
93.89
93.89
93.89
93.89
93.89
93.89
93.89
88.29
88.29
88.29
88.29
88.29
88.29
88.29
88.29
89.04
89.04
89.04
89.04
89.04
89.04
89.04
89.04
92.64
92.64
92.64
92.64
92.64
92.64
92.64
92.64
91.93
91.93
91.93
91.93
91.93
91.93
91.93
91.93
91.93
91.93
91.93
