96.94
96.94
96.94
96.94
96.94
96.94
96.94
96.34
96.34
96.34
96.34
96.34
96.34
96.34
96.34
95.14
95.14
95.14
95.14
95.14
95.14
94.17
94.17
94.17
94.17
94.17
94.17
94.17
94.17
95.77
95.77
95.77
95.77
95.77
95.77
95.77
95.77
95.77
95.35
95.35
95.35
95.35
95.35
95.35
95.35
95.35
96.10
96.10
96.10
96.10
96.10
96.10
96.10
96.10
96.93
96.93
96.93
96.93
96.93
96.93
96.93
97.60
97.60
97.60
97.60
97.60
97.60
97.60
97.60
97.73
97.73
97.73
97.73
98.56
98.56
98.56
98.56
98.56
98.56
98.56
98.56
97.52
97.52
97.52
97.52
97.52
97.52
97.52
97.52
96.58
96.58
96.58
96.58
96.77
96.77
96.77
96.77
96.77
96.77
96.77
96.77
96.77
97.70
97.70
97.70
97.70
97.70
97.70
97.70
97.70
97.70
97.70
97.70
98.16
98.16
98.16
98.16
98.16
98.16
98.16
98.11
98.11
98.11
98.11
97.77
97.77
97.77
97.77
97.77
97.77
97.77
