97.76
97.76
97.76
97.76
97.76
97.76
97.76
97.76
97.20
97.20
97.20
97.20
97.20
97.20
97.20
97.20
98.10
98.10
98.10
98.10
98.10
98.10
98.10
97.78
97.78
97.78
97.78
97.36
97.36
97.36
97.36
97.36
97.36
97.36
97.36
97.36
97.65
97.65
97.65
97.65
97.65
97.65
97.65
97.84
97.84
97.84
97.84
97.84
97.84
97.84
97.84
97.84
97.84
97.84
96.81
96.81
96.81
96.81
96.81
96.81
96.81
96.81
96.81
96.81
96.81
98.21
98.21
98.21
98.21
98.21
98.21
98.21
98.21
98.21
98.21
98.21
98.21
97.45
97.45
97.45
97.45
97.45
97.45
97.45
97.45
97.80
97.80
97.80
97.80
97.80
97.80
97.80
97.80
97.80
97.80
97.80
97.60
97.60
97.60
97.60
97.60
97.60
97.60
97.41
97.41
97.41
97.41
97.41
97.41
97.41
91.52
91.52
91.52
91.52
91.52
91.52
91.52
91.52
93.11
93.11
93.11
93.11
93.11
93.11
93.11
93.11
96.18
96.18
96.18
96.18
96.18
96.18
96.18
97.75
97.75
97.75
97.75
98.59
98.59
98.59
98.59
98.59
98.59
98.59
98.58
98.58
98.58
98.58
98.58
98.58
98.58
98.58
98.58
98.58
98.58
98.76
98.76
98.76
98.76
98.76
98.76
98.76
98.76
98.76
98.76
98.76
98.81
98.81
98.81
98.81
98.81
98.81
98.81
98.81
98.81
98.81
98.81
98.81
98.69
98.69
98.69
98.69
98.69
98.69
98.69
98.69
98.69
98.69
