98.30
98.30
98.30
98.30
98.30
98.30
98.30
98.30
98.57
98.57
98.57
98.57
98.57
98.57
98.57
98.48
98.48
98.48
98.48
98.65
98.65
98.65
98.65
98.65
98.65
98.65
98.78
98.78
98.78
98.78
98.78
98.78
98.78
98.78
98.78
98.78
98.78
98.78
98.78
98.78
98.60
98.60
98.60
98.60
98.60
98.80
98.80
98.80
98.80
98.80
98.80
98.80
98.80
98.80
98.80
98.80
98.77
98.77
98.77
98.77
98.77
98.77
98.77
98.77
98.77
98.77
98.66
98.66
98.66
98.66
98.66
98.66
98.13
98.13
98.13
98.13
98.13
98.13
98.13
98.13
98.13
98.13
98.53
98.53
98.53
98.53
98.53
98.53
98.53
98.53
98.05
98.05
98.05
98.05
98.05
98.05
98.05
98.05
98.05
98.19
98.19
98.19
98.19
98.19
98.19
98.19
98.26
98.26
98.26
98.26
98.26
98.26
98.26
98.26
98.26
98.26
98.30
98.30
98.30
98.30
98.30
98.30
98.30
98.30
97.54
97.54
97.54
97.54
97.54
97.54
97.54
97.54
97.54
97.54
97.89
97.89
97.89
97.89
97.89
97.89
97.89
97.89
98.21
98.21
98.21
98.21
98.51
98.51
98.51
98.51
98.51
98.51
98.51
98.51
98.53
98.53
98.53
98.53
98.73
98.73
98.73
98.73
98.73
98.73
98.73
98.76
98.76
98.76
98.76
98.76
98.76
98.76
98.71
98.71
98.71
98.71
98.71
98.71
98.71
98.71
98.71
98.71
98.71
98.59
98.59
98.59
98.59
98.59
98.39
98.39
98.39
98.39
98.39
98.39
98.39
98.39
98.39
96.75
96.75
96.75
96.75
97.00
97.00
97.00
97.00
97.00
97.00
97.00
94.66
94.66
94.66
94.66
94.66
94.66
94.66
94.66
94.66
96.27
96.27
96.27
96.27
96.27
96.27
96.27
96.27
96.27
96.59
96.59
96.59
96.59
96.59
96.59
96.59
93.29
93.29
93.29
93.29
