97.79
97.79
97.79
97.79
97.79
97.79
97.79
97.79
97.59
97.59
97.59
97.59
97.59
97.59
97.59
97.29
97.29
97.29
97.29
97.29
97.29
97.59
97.59
97.59
97.59
97.59
97.59
97.59
97.59
97.59
98.24
98.24
98.24
98.24
98.24
98.24
98.24
98.24
98.52
98.52
98.52
98.52
98.52
98.52
98.52
98.52
98.52
98.52
98.52
98.52
98.55
98.55
98.55
98.55
98.55
98.55
98.55
98.55
98.55
98.55
98.55
98.55
98.55
98.55
98.69
98.69
98.69
98.69
98.69
98.69
98.69
98.54
98.54
98.54
98.54
98.54
98.54
98.66
98.66
98.66
98.66
98.66
98.66
98.66
98.04
98.04
98.04
98.04
98.24
98.24
98.24
98.24
98.24
98.24
98.24
97.86
97.86
97.86
97.86
97.86
97.86
97.86
97.86
97.86
97.86
97.86
96.39
96.39
96.39
96.39
96.39
94.21
94.21
94.21
94.21
94.21
94.21
94.21
94.21
94.21
94.21
94.21
92.77
92.77
92.77
92.77
92.77
92.77
92.77
92.77
92.77
92.77
89.28
89.28
89.28
89.28
89.28
89.28
89.28
93.39
93.39
93.39
93.39
93.39
93.39
93.39
93.39
96.00
96.00
96.00
96.00
96.00
96.00
96.00
95.37
95.37
95.37
95.37
95.37
95.37
95.37
96.71
96.71
96.71
96.71
96.71
96.71
96.71
97.72
97.72
97.72
97.72
97.84
97.84
97.84
97.84
97.84
97.84
97.84
97.84
97.51
97.51
97.51
97.51
97.51
97.51
97.51
98.04
98.04
98.04
98.04
98.04
98.04
98.04
98.04
98.52
98.52
98.52
98.52
98.52
98.52
98.52
98.52
98.39
98.39
98.39
98.39
98.39
98.39
98.39
98.39
98.53
98.53
98.53
98.53
98.53
98.53
98.53
98.53
98.53
98.53
98.53
98.53
