96.34
96.34
96.34
96.34
96.34
96.34
97.30
97.30
97.30
97.30
97.30
97.30
97.30
97.30
97.30
97.30
97.30
97.29
97.29
97.29
97.29
97.29
97.29
97.29
96.88
96.88
96.88
96.88
96.88
96.88
96.88
97.48
97.48
97.48
97.48
97.48
97.48
97.48
97.48
98.16
98.16
98.16
98.16
98.16
98.16
98.16
98.60
98.60
98.60
98.60
98.60
98.60
98.60
98.60
98.60
98.60
98.22
98.22
98.22
98.22
98.22
98.22
98.22
98.38
98.38
98.38
98.38
98.38
98.38
98.38
98.38
98.38
98.38
98.54
98.54
98.54
98.54
98.80
98.80
98.80
98.80
98.80
98.80
98.80
98.91
98.91
98.91
98.91
98.91
98.91
98.91
98.91
98.89
98.89
98.89
98.89
98.89
98.89
98.89
98.89
98.89
98.89
98.89
98.79
98.79
98.79
98.79
98.79
98.19
98.19
98.19
98.19
98.19
98.19
98.19
98.19
93.38
93.38
93.38
93.38
90.42
90.42
90.42
90.42
90.42
90.42
90.42
90.42
96.12
96.12
96.12
96.12
96.12
96.12
96.12
96.12
91.19
91.19
91.19
91.19
91.19
91.19
91.19
91.19
91.19
91.19
91.19
91.19
76.66
76.66
76.66
76.66
76.66
75.79
75.79
75.79
75.79
75.79
75.79
75.79
75.79
73.87
73.87
73.87
73.87
73.87
73.87
73.87
73.87
73.87
73.87
69.07
69.07
69.07
69.07
69.07
68.90
68.90
68.90
68.90
68.90
68.90
70.48
70.48
70.48
70.48
70.48
70.48
70.48
70.48
70.48
70.02
70.02
70.02
70.02
70.02
70.02
70.02
70.02
70.49
70.49
70.49
70.49
70.49
70.49
70.49
70.49
70.49
67.07
67.07
67.07
67.07
67.07
67.07
67.07
67.07
67.07
67.07
67.07
73.18
73.18
73.18
73.18
73.18
73.18
73.18
73.18
73.18
72.32
72.32
72.32
72.32
72.32
72.32
72.32
80.87
80.87
80.87
80.87
80.87
80.87
80.87
88.34
88.34
88.34
88.34
88.34
88.34
88.34
88.34
88.34
94.05
94.05
94.05
94.05
94.05
94.05
94.05
94.05
94.05
96.79
96.79
96.79
96.79
96.79
96.79
96.79
96.63
96.63
96.63
96.63
96.63
96.63
96.63
96.63
98.45
98.45
98.45
98.45
98.45
98.45
98.45
98.76
98.76
98.76
98.76
98.76
98.76
98.76
98.76
98.76
98.76
98.76
98.86
98.86
98.86
98.86
98.86
98.86
98.86
98.86
98.91
98.91
98.91
98.91
98.91
98.91
98.91
98.91
98.91
98.80
98.80
98.80
98.80
98.80
98.67
98.67
98.67
98.67
98.67
98.67
98.67
98.68
98.68
98.68
98.68
98.68
98.68
98.68
98.68
98.87
98.87
98.87
98.87
98.87
98.87
98.87
98.87
98.87
98.87
98.87
98.87
98.87
98.87
98.87
98.81
98.81
98.81
98.81
98.81
98.81
98.81
98.72
98.72
98.72
98.72
98.72
98.72
98.72
98.72
98.72
98.72
98.72
98.72
98.52
98.52
98.52
98.52
98.52
98.52
98.52
98.52
98.69
98.69
98.69
98.69
98.69
98.69
98.69
98.69
98.69
98.69
98.69
98.69
98.69
98.69
98.69
98.69
98.85
98.85
98.85
98.85
98.85
98.85
98.64
98.64
98.64
98.64
98.64
98.64
98.64
