98.92
98.92
98.92
98.92
98.92
98.92
98.92
98.92
98.93
98.93
98.93
98.93
98.93
98.93
98.93
98.93
98.93
98.93
98.93
98.94
98.94
98.94
98.94
98.94
98.94
98.94
98.94
98.94
98.94
98.94
98.94
98.94
98.94
98.94
98.94
98.94
98.94
98.94
98.94
98.94
98.94
98.94
98.94
98.94
98.94
98.94
98.94
98.94
98.95
98.95
98.95
98.95
98.95
98.95
98.95
98.95
98.95
98.95
98.95
98.95
98.95
98.95
98.95
98.95
98.95
98.95
98.95
98.87
98.87
98.87
98.87
98.87
98.87
98.87
98.87
98.87
98.91
98.91
98.91
98.91
98.91
98.91
98.91
98.91
98.91
98.91
98.91
98.91
98.90
98.90
98.90
98.90
98.90
98.90
98.90
98.90
98.90
98.90
98.90
98.91
98.91
98.91
98.91
98.91
98.91
98.91
98.91
98.91
98.91
98.91
98.88
98.88
98.88
98.88
98.88
98.88
98.88
98.88
98.88
98.91
98.91
98.91
98.91
98.91
98.91
98.91
98.91
98.53
98.53
98.53
98.53
98.73
98.73
98.73
98.73
98.73
98.73
98.73
98.73
98.73
98.47
98.47
98.47
98.47
98.47
98.47
98.47
98.50
98.50
98.50
98.50
98.50
98.50
98.80
98.80
98.80
98.80
98.80
98.80
98.80
98.80
98.80
98.80
98.80
98.80
98.80
98.80
98.70
98.70
98.70
98.70
98.75
98.75
98.75
98.75
98.75
98.75
98.75
98.70
98.70
98.70
98.70
98.80
98.80
98.80
98.80
98.80
98.80
98.80
98.80
98.80
98.80
98.80
98.80
98.83
98.83
98.83
98.83
98.83
98.83
98.83
98.83
98.90
98.90
98.90
98.90
98.90
98.91
98.91
98.91
98.91
98.91
98.90
98.90
98.90
98.90
98.90
98.90
98.90
98.90
98.90
98.90
98.92
98.92
98.92
98.92
98.92
98.92
98.92
98.92
98.92
98.92
98.92
98.92
98.93
98.93
98.93
98.93
98.93
98.93
98.93
98.93
98.93
98.93
98.93
98.93
98.93
98.93
98.93
98.93
98.92
98.92
98.92
98.92
98.92
98.92
98.85
98.85
98.85
98.85
98.85
98.85
98.85
98.85
98.85
98.85
98.85
98.85
98.85
98.85
98.88
98.88
98.88
98.88
98.88
98.88
98.88
98.88
98.88
98.88
98.88
98.88
98.92
98.92
98.92
98.92
98.92
98.92
98.92
98.92
98.92
98.92
98.92
98.92
98.93
98.93
98.93
98.93
98.93
98.93
98.93
98.93
98.93
98.93
98.93
98.93
98.93
98.93
98.93
98.93
98.93
98.93
98.93
98.87
98.87
98.87
98.87
98.78
98.78
98.78
98.78
98.65
98.65
98.65
98.65
98.70
98.70
98.70
98.70
98.70
98.70
98.70
98.70
97.73
97.73
97.73
97.73
97.73
97.73
97.73
97.73
97.08
97.08
97.08
97.08
97.08
97.08
98.43
98.43
98.43
98.43
98.43
98.43
98.43
98.73
98.73
98.73
98.73
98.73
98.73
98.73
98.73
98.73
98.73
98.73
98.73
98.73
98.73
98.85
98.85
98.85
98.85
98.85
98.85
98.93
98.93
98.93
98.93
98.93
98.93
98.93
98.93
98.93
98.93
98.93
98.93
98.93
98.93
98.93
98.93
98.93
98.93
98.93
98.93
98.93
98.93
98.94
98.94
98.94
98.94
98.94
98.94
98.94
98.94
98.73
98.73
98.73
98.73
98.91
98.91
98.91
98.91
98.91
98.91
