98.32
98.32
98.32
98.32
98.32
98.32
98.32
98.32
98.68
98.68
98.68
98.68
98.68
98.68
98.68
98.82
98.82
98.82
98.82
98.82
98.82
98.82
98.82
98.85
98.85
98.85
98.85
98.85
98.85
98.87
98.87
98.87
98.87
98.87
98.87
98.87
98.87
98.81
98.81
98.81
98.81
98.81
98.81
98.47
98.47
98.47
98.47
98.47
98.33
98.33
98.33
98.33
98.33
98.33
98.33
98.33
98.31
98.31
98.31
98.31
98.31
98.31
98.31
98.31
98.39
98.39
98.39
98.39
98.39
98.39
98.39
98.39
98.12
98.12
98.12
98.12
98.09
98.09
98.09
98.09
97.81
97.81
97.81
97.81
97.81
97.81
97.81
97.81
97.81
98.39
98.39
98.39
98.39
98.39
98.39
98.39
98.46
98.46
98.46
98.46
98.46
98.46
98.46
98.46
98.46
98.46
98.46
98.46
98.46
98.46
97.92
97.92
97.92
97.92
97.92
97.92
97.92
97.92
97.92
97.92
97.92
97.09
97.09
97.09
97.09
97.09
97.09
97.09
97.09
97.09
97.09
97.09
97.95
97.95
97.95
97.95
97.95
97.95
97.95
98.18
98.18
98.18
98.18
98.18
98.18
98.18
97.20
97.20
97.20
97.20
97.50
97.50
97.50
97.50
97.50
97.50
97.50
97.67
97.67
97.67
97.67
97.67
97.67
97.67
97.67
98.69
98.69
98.69
98.69
98.69
98.69
98.69
98.69
98.78
98.78
98.78
98.78
98.78
98.78
98.78
98.78
98.82
98.82
98.82
98.82
98.82
98.82
98.82
