98.30
98.30
98.30
98.30
98.30
98.30
98.30
98.30
98.30
98.30
98.30
98.35
98.35
98.35
98.35
98.35
98.35
98.35
98.35
98.35
98.35
98.12
98.12
98.12
98.12
98.12
98.12
98.12
97.70
97.70
97.70
97.70
97.70
97.70
97.70
97.29
97.29
97.29
97.29
97.29
97.29
97.29
97.29
97.29
98.13
98.13
98.13
98.13
98.13
98.13
98.13
98.13
97.97
97.97
97.97
97.97
97.97
97.97
97.34
97.34
97.34
97.34
97.34
97.34
97.34
97.34
97.34
97.41
97.41
97.41
97.41
97.41
97.41
97.41
97.41
97.41
98.37
98.37
98.37
98.37
98.37
98.37
98.39
98.39
98.39
98.39
98.39
98.39
98.30
98.30
98.30
98.30
98.30
98.30
98.30
98.50
98.50
98.50
98.50
98.70
98.70
98.70
98.70
98.70
98.70
98.54
98.54
98.54
98.54
98.54
98.54
98.54
98.54
98.54
98.54
98.30
98.30
98.30
98.30
98.30
98.30
98.30
98.30
98.30
98.30
98.30
98.24
98.24
98.24
98.24
98.24
98.24
98.24
98.24
98.24
97.91
97.91
97.91
97.91
97.91
97.91
97.91
97.91
97.54
97.54
97.54
97.54
97.54
97.54
97.54
97.54
97.54
97.16
97.16
97.16
97.16
97.16
97.16
97.16
97.16
97.16
97.16
97.16
97.15
97.15
97.15
97.15
97.15
97.15
97.15
97.15
97.15
97.28
97.28
97.28
97.28
96.60
96.60
96.60
96.60
96.60
96.60
96.60
96.70
96.70
96.70
96.70
96.70
96.70
96.59
96.59
96.59
96.59
96.59
96.59
96.59
96.59
97.23
97.23
97.23
97.23
97.23
97.02
97.02
97.02
97.02
97.02
97.02
97.02
