96.54
96.54
96.54
96.54
96.54
95.64
95.64
95.64
95.64
95.64
96.39
96.39
96.39
96.39
96.39
96.39
96.39
96.39
96.39
95.98
95.98
95.98
95.98
95.98
95.98
95.98
93.02
93.02
93.02
93.02
92.15
92.15
92.15
92.15
86.61
86.61
86.61
86.61
86.61
86.61
86.61
86.61
89.92
89.92
89.92
89.92
93.37
93.37
93.37
93.37
93.37
93.37
93.37
93.37
94.55
94.55
94.55
94.55
94.55
97.15
97.15
97.15
97.15
97.15
97.15
97.15
97.60
97.60
97.60
97.60
98.30
98.30
98.30
98.30
98.30
98.45
98.45
98.45
98.45
98.45
98.45
98.45
98.45
98.00
98.00
98.00
98.00
98.00
98.00
98.00
98.00
97.11
97.11
97.11
97.11
97.11
97.11
97.11
97.11
94.75
94.75
94.75
94.75
94.75
94.75
94.75
94.75
94.75
94.75
94.75
94.75
93.69
93.69
93.69
93.69
93.69
93.69
93.69
93.69
93.69
93.84
93.84
93.84
93.84
93.84
93.84
93.84
92.54
92.54
92.54
92.54
96.25
96.25
96.25
96.25
96.25
96.25
96.25
96.25
96.25
96.25
97.76
97.76
97.76
97.76
97.76
98.45
98.45
98.45
98.45
98.45
98.45
98.45
98.45
98.64
98.64
98.64
98.64
98.64
98.64
98.64
98.64
98.64
98.64
98.64
96.25
96.25
96.25
96.25
96.25
96.25
96.25
96.25
96.25
88.29
88.29
88.29
88.29
88.29
87.88
87.88
87.88
87.88
87.88
87.88
87.88
85.85
85.85
85.85
85.85
85.85
85.85
85.85
85.85
85.85
85.85
88.76
88.76
88.76
88.76
91.46
91.46
91.46
91.46
91.46
91.46
91.46
91.78
91.78
91.78
91.78
91.78
92.38
92.38
92.38
92.38
92.38
92.38
92.38
94.37
94.37
94.37
94.37
94.37
94.37
94.37
94.37
94.37
94.67
94.67
94.67
94.67
94.67
94.67
94.67
94.67
94.67
94.67
94.67
94.67
95.73
95.73
95.73
95.73
95.73
96.58
96.58
96.58
96.58
97.65
97.65
97.65
97.65
97.65
97.65
97.65
97.65
97.72
97.72
97.72
97.72
97.72
97.72
97.72
97.72
96.46
96.46
96.46
96.46
96.46
96.46
96.46
96.46
96.46
95.91
95.91
95.91
95.91
95.91
95.91
95.91
96.55
96.55
96.55
96.55
96.55
96.55
96.55
96.55
97.48
97.48
97.48
97.48
97.48
97.48
97.48
97.34
97.34
97.34
97.34
97.34
97.34
96.77
96.77
96.77
96.77
96.77
96.77
97.89
97.89
97.89
97.89
97.89
97.89
97.89
98.56
98.56
98.56
98.56
98.56
98.56
98.56
98.56
98.24
98.24
98.24
98.24
98.24
98.24
98.24
98.24
98.55
98.55
98.55
98.55
98.55
98.55
