98.20
98.20
98.20
98.20
98.20
98.20
98.20
98.20
98.20
98.17
98.17
98.17
98.17
98.17
98.17
98.17
98.17
98.17
98.31
98.31
98.31
98.31
98.31
98.31
98.31
98.11
98.11
98.11
98.11
98.11
98.11
98.20
98.20
98.20
98.20
98.20
98.20
98.20
98.20
98.20
98.20
98.20
97.58
97.58
97.58
97.58
97.58
97.58
97.58
97.58
97.58
95.76
95.76
95.76
95.76
95.76
95.76
95.76
95.76
96.57
96.57
96.57
96.57
96.57
96.57
96.57
94.84
94.84
94.84
94.84
94.84
94.84
94.84
94.84
94.84
91.00
91.00
91.00
91.00
89.30
89.30
89.30
89.30
89.30
89.30
89.30
89.30
89.01
89.01
89.01
89.01
89.01
89.01
89.01
89.01
89.01
89.01
89.01
91.95
91.95
91.95
91.95
94.55
94.55
94.55
94.55
94.55
94.55
94.55
97.29
97.29
97.29
97.29
97.29
97.29
97.29
97.29
97.29
98.25
98.25
98.25
98.25
98.25
97.97
97.97
97.97
97.97
97.97
97.85
97.85
97.85
97.85
97.85
97.85
97.85
97.85
98.50
98.50
98.50
98.50
98.50
98.50
98.50
98.08
98.08
98.08
98.08
98.08
98.08
98.08
96.50
96.50
96.50
96.50
96.50
96.50
96.50
96.50
96.50
94.59
94.59
94.59
94.59
94.59
94.59
94.59
94.59
94.59
