93.60
93.60
93.60
93.60
93.60
93.60
93.60
93.54
93.54
93.54
93.54
93.54
93.54
93.54
93.54
90.72
90.72
90.72
90.72
90.72
90.72
90.72
90.72
87.36
87.36
87.36
87.36
87.36
87.36
87.36
87.36
90.52
90.52
90.52
90.52
90.52
90.52
90.52
90.52
90.52
92.78
92.78
92.78
92.78
96.26
96.26
96.26
96.26
96.26
96.26
96.26
96.10
96.10
96.10
96.10
96.10
96.10
96.10
96.10
96.10
96.10
96.10
94.28
94.28
94.28
94.28
94.28
94.28
94.28
93.01
93.01
93.01
93.01
93.01
93.01
93.01
93.01
93.01
90.43
90.43
90.43
90.43
90.43
90.43
90.43
90.43
90.43
90.65
90.65
90.65
90.65
91.52
91.52
91.52
91.52
92.46
92.46
92.46
92.46
92.46
92.46
92.46
92.46
92.46
95.13
95.13
95.13
95.13
95.13
95.13
95.13
95.13
95.13
95.13
95.13
95.66
95.66
95.66
95.66
95.66
95.66
95.66
95.66
95.66
95.20
95.20
95.20
95.20
96.51
96.51
96.51
96.51
96.51
96.51
96.51
96.51
96.55
96.55
96.55
96.55
96.55
96.55
96.55
96.55
96.55
96.55
96.55
95.35
95.35
95.35
95.35
95.35
95.35
95.35
95.35
95.35
95.35
95.35
95.35
94.08
94.08
94.08
94.08
94.08
94.08
94.08
94.08
93.60
93.60
93.60
93.60
93.60
93.60
93.60
93.60
93.60
94.67
94.67
94.67
94.67
94.67
95.05
95.05
95.05
95.05
95.05
95.05
95.05
95.05
95.03
95.03
95.03
95.03
95.03
95.03
95.03
95.03
95.03
95.61
95.61
95.61
95.61
95.61
96.13
96.13
96.13
96.13
96.13
96.13
96.13
96.27
96.27
96.27
96.27
96.27
96.27
96.27
96.21
96.21
96.21
96.21
96.21
96.21
96.21
96.21
95.71
95.71
95.71
95.71
95.71
95.71
95.71
95.71
