44.66
44.66
44.66
44.66
44.66
44.66
47.67
47.67
47.67
47.67
47.67
47.67
47.67
47.67
47.67
47.67
47.67
43.17
43.17
43.17
43.17
42.23
42.23
42.23
42.23
49.49
49.49
49.49
49.49
49.49
49.49
49.49
49.49
44.20
44.20
44.20
44.20
44.20
44.20
44.20
44.20
44.20
42.54
42.54
42.54
42.54
42.54
42.54
42.54
42.54
44.28
44.28
44.28
44.28
44.28
44.28
44.28
37.42
37.42
37.42
37.42
37.42
37.42
37.42
37.42
37.42
47.10
47.10
47.10
47.10
47.10
53.86
53.86
53.86
53.86
53.86
56.54
56.54
56.54
56.54
56.54
56.54
56.54
56.54
56.54
63.94
63.94
63.94
63.94
63.94
63.94
63.94
84.20
84.20
84.20
84.20
84.20
84.20
84.20
84.20
84.20
94.34
94.34
94.34
94.34
94.34
94.34
94.34
97.61
97.61
97.61
97.61
97.61
97.61
97.61
97.61
97.61
97.61
97.61
97.61
98.35
98.35
98.35
98.35
98.35
98.35
98.35
98.35
98.35
98.71
98.71
98.71
98.71
98.71
98.71
98.71
98.71
98.71
98.71
98.71
98.59
98.59
98.59
98.59
98.59
98.59
98.59
98.59
98.72
98.72
98.72
98.72
98.72
98.72
98.72
98.72
98.72
98.72
98.72
98.16
98.16
98.16
98.16
96.55
96.55
96.55
96.55
96.55
96.55
93.72
93.72
93.72
93.72
91.81
91.81
91.81
91.81
91.81
91.81
94.48
94.48
94.48
94.48
94.48
94.48
94.48
94.48
96.90
96.90
96.90
96.90
96.90
96.90
96.90
96.90
96.90
96.27
96.27
96.27
96.27
96.27
96.27
96.27
95.50
95.50
95.50
95.50
97.85
97.85
97.85
97.85
97.85
97.85
97.85
97.85
97.85
97.85
97.85
97.85
97.82
97.82
97.82
97.82
97.82
97.82
97.82
97.82
98.09
98.09
98.09
98.09
98.75
98.75
98.75
98.75
98.75
98.75
98.75
98.63
98.63
98.63
98.63
98.63
98.63
98.63
98.63
98.63
98.63
98.63
98.75
98.75
98.75
98.75
98.75
98.55
98.55
98.55
98.55
98.55
98.55
98.62
98.62
98.62
98.62
98.62
98.62
98.62
98.62
98.76
98.76
98.76
98.76
98.76
98.76
98.76
98.76
98.76
98.76
98.76
98.75
98.75
98.75
98.75
98.75
98.75
98.75
98.75
98.75
98.75
98.75
98.75
98.49
98.49
98.49
98.49
98.49
98.49
98.49
98.49
97.22
97.22
97.22
97.22
97.22
97.22
97.22
97.22
97.22
97.22
97.22
97.28
97.28
97.28
97.28
97.28
97.28
97.20
97.20
97.20
97.20
97.20
97.20
97.20
97.20
97.20
98.02
98.02
98.02
98.02
98.74
98.74
98.74
98.74
98.74
98.74
98.74
98.74
98.74
98.74
98.74
98.74
98.74
98.74
98.74
98.74
98.85
98.85
98.85
98.85
98.85
98.85
98.85
98.85
98.85
98.85
98.85
98.78
98.78
98.78
98.78
98.78
98.78
98.78
98.78
98.78
98.63
98.63
98.63
98.63
98.63
98.63
98.63
98.57
98.57
98.57
98.57
98.57
98.57
98.57
98.54
98.54
98.54
98.54
98.54
98.54
98.54
98.54
98.54
98.73
98.73
98.73
98.73
98.73
98.73
98.73
98.73
98.82
98.82
98.82
98.82
98.82
98.82
98.82
98.82
98.80
98.80
98.80
98.80
98.80
98.80
98.80
98.80
98.80
98.80
98.80
98.76
98.76
98.76
98.76
98.76
98.76
98.76
98.76
98.64
98.64
98.64
98.64
98.64
98.64
98.64
