98.47
98.47
98.47
98.47
98.73
98.73
98.73
98.73
98.73
98.73
98.73
98.61
98.61
98.61
98.61
98.61
98.61
98.61
98.58
98.58
98.58
98.58
98.58
98.58
98.58
98.58
98.58
98.58
98.58
98.58
98.53
98.53
98.53
98.53
98.53
98.59
98.59
98.59
98.59
98.59
98.59
98.59
98.59
98.59
98.35
98.35
98.35
98.35
98.43
98.43
98.43
98.43
98.43
98.43
98.43
98.43
98.43
98.38
98.38
98.38
98.38
98.38
98.38
98.38
98.33
98.33
98.33
98.33
98.33
98.33
98.33
98.33
98.33
98.33
98.33
98.28
98.28
98.28
98.28
98.28
98.28
98.28
98.28
98.28
98.65
98.65
98.65
98.65
98.65
98.65
98.65
98.65
98.62
98.62
98.62
98.62
98.62
98.62
98.62
98.59
98.59
98.59
98.59
98.59
97.59
97.59
97.59
97.59
97.59
97.59
97.59
97.59
97.59
97.59
97.59
98.23
98.23
98.23
98.23
98.23
98.23
98.23
98.23
98.23
98.23
98.23
97.65
97.65
97.65
97.65
97.65
97.65
97.65
97.65
96.46
96.46
96.46
96.46
96.46
96.46
96.46
96.46
96.72
96.72
96.72
96.72
96.72
96.72
96.72
96.72
94.52
94.52
94.52
94.52
94.52
94.52
94.52
96.24
96.24
96.24
96.24
96.24
96.24
96.24
96.24
97.25
97.25
97.25
97.25
97.25
97.25
97.25
97.69
97.69
97.69
97.69
97.69
97.69
97.69
98.50
98.50
98.50
98.50
98.50
98.50
98.50
98.48
98.48
98.48
98.48
98.48
98.48
98.48
98.48
98.36
98.36
98.36
98.36
98.36
98.36
98.36
97.92
97.92
97.92
97.92
97.92
97.92
97.92
97.92
97.92
97.92
97.92
97.92
97.22
97.22
97.22
97.22
97.22
97.22
97.22
97.22
97.22
97.22
97.22
98.30
98.30
98.30
98.30
98.30
98.30
98.30
98.30
98.30
98.30
98.30
98.30
98.30
98.30
97.85
97.85
97.85
97.85
97.85
97.85
97.85
97.85
97.83
97.83
97.83
97.83
97.83
97.83
97.83
97.17
97.17
97.17
97.17
97.17
97.17
97.17
97.17
97.17
97.17
89.05
89.05
89.05
89.05
96.16
96.16
96.16
96.16
96.16
96.16
96.16
96.17
96.17
96.17
96.17
96.17
96.17
96.17
97.30
97.30
97.30
97.30
97.30
97.30
97.30
97.30
97.30
97.30
97.30
97.07
97.07
97.07
97.07
97.07
97.07
97.07
97.76
97.76
97.76
97.76
97.76
97.76
97.76
97.76
97.76
98.42
98.42
98.42
98.42
98.42
98.42
98.42
98.42
98.23
98.23
98.23
98.23
98.01
98.01
98.01
98.01
98.01
98.01
98.01
98.01
98.01
98.59
98.59
98.59
98.59
98.59
98.59
98.59
98.59
98.59
98.59
98.59
98.59
98.29
98.29
98.29
98.29
98.29
98.29
98.29
97.73
97.73
97.73
97.73
97.73
97.73
95.66
95.66
95.66
95.66
95.66
95.66
95.66
96.55
96.55
96.55
96.55
97.93
97.93
97.93
97.93
97.93
97.93
97.93
