47.27
47.27
47.27
47.27
47.27
47.27
47.27
47.27
53.21
53.21
53.21
53.21
56.66
56.66
56.66
56.66
56.66
56.66
56.66
56.66
56.66
65.08
65.08
65.08
65.08
65.08
65.08
70.94
70.94
70.94
70.94
70.94
70.94
70.94
70.94
70.94
77.58
77.58
77.58
77.58
77.58
77.58
77.58
77.58
79.42
79.42
79.42
79.42
79.42
79.42
80.07
80.07
80.07
80.07
86.91
86.91
86.91
86.91
86.91
86.91
86.91
86.91
86.91
86.91
86.91
92.36
92.36
92.36
92.36
92.36
92.36
92.36
92.36
93.05
93.05
93.05
93.05
93.05
93.05
93.05
93.05
92.89
92.89
92.89
92.89
92.89
92.89
92.89
92.89
92.89
92.89
92.89
92.89
92.89
92.89
90.44
90.44
90.44
90.44
90.44
90.44
90.44
90.44
90.44
90.34
90.34
90.34
90.34
90.34
88.74
88.74
88.74
88.74
88.74
88.74
88.74
88.74
86.25
86.25
86.25
86.25
86.25
83.74
83.74
83.74
83.74
85.62
85.62
85.62
85.62
85.62
85.62
85.62
85.62
84.80
84.80
84.80
84.80
84.80
84.80
84.80
84.80
84.80
82.11
82.11
82.11
82.11
82.11
79.94
79.94
79.94
79.94
79.94
79.94
78.48
78.48
78.48
78.48
77.41
77.41
77.41
77.41
77.41
81.29
81.29
81.29
81.29
81.29
81.29
81.29
81.29
81.29
89.22
89.22
89.22
89.22
89.22
89.22
89.22
89.22
89.22
94.70
94.70
94.70
94.70
94.70
94.70
94.70
94.70
97.80
97.80
97.80
97.80
97.80
97.80
97.80
97.80
97.58
97.58
97.58
97.58
97.58
97.58
97.58
97.58
97.58
97.58
97.58
97.58
96.11
96.11
96.11
96.11
96.11
96.11
96.11
96.11
