62.21
62.21
62.21
62.21
62.21
62.21
62.21
62.21
82.92
82.92
82.92
82.92
82.92
82.92
95.59
95.59
95.59
95.59
95.59
95.59
95.59
98.45
98.45
98.45
98.45
98.45
98.45
98.45
98.45
98.45
98.64
98.64
98.64
98.64
98.64
98.64
98.64
98.64
98.70
98.70
98.70
98.70
98.70
98.70
98.70
98.67
98.67
98.67
98.67
98.67
98.67
98.67
98.70
98.70
98.70
98.70
98.70
98.70
98.70
98.70
98.46
98.46
98.46
98.46
98.46
98.46
98.46
98.46
98.46
98.46
98.46
95.47
95.47
95.47
95.47
95.47
95.47
95.47
95.47
96.04
96.04
96.04
96.04
96.04
96.04
96.04
97.65
97.65
97.65
97.65
97.65
97.65
97.65
97.65
97.65
98.14
98.14
98.14
98.14
98.14
98.14
98.14
98.67
98.67
98.67
98.67
98.67
98.67
98.67
98.67
98.60
98.60
98.60
98.60
98.60
98.60
98.60
98.75
98.75
98.75
98.75
98.75
98.75
98.75
98.75
98.37
98.37
98.37
98.37
98.37
98.37
98.37
98.37
98.10
98.10
98.10
98.10
98.10
98.10
98.10
98.10
96.07
96.07
96.07
96.07
95.04
95.04
95.04
95.04
97.74
97.74
97.74
97.74
97.74
97.74
97.74
97.74
97.74
98.37
98.37
98.37
98.37
98.37
98.37
98.37
98.37
97.87
97.87
97.87
97.87
97.87
97.87
98.04
98.04
98.04
98.04
98.04
98.04
98.04
98.04
98.04
98.04
98.83
98.83
98.83
98.83
98.83
98.83
98.83
98.83
98.80
98.80
98.80
98.80
98.80
98.80
98.80
98.80
98.91
98.91
98.91
98.91
98.91
98.91
98.91
98.88
98.88
98.88
98.88
98.88
98.88
98.88
98.88
98.88
98.88
98.88
98.88
98.88
98.88
98.88
98.88
98.88
98.62
98.62
98.62
98.62
98.62
98.62
98.62
98.62
98.62
98.63
98.63
98.63
98.63
98.63
98.63
98.63
98.51
98.51
98.51
98.51
98.51
98.51
98.51
98.51
98.51
98.51
98.51
98.51
98.04
98.04
98.04
98.04
98.56
98.56
98.56
98.56
98.56
98.56
98.56
