96.97
96.97
96.97
96.97
96.97
96.97
94.53
94.53
94.53
94.53
94.53
94.53
94.53
93.45
93.45
93.45
93.45
93.45
93.45
94.36
94.36
94.36
94.36
94.36
93.80
93.80
93.80
93.80
93.80
93.80
93.80
93.80
91.39
91.39
91.39
91.39
91.39
91.39
91.39
91.39
87.26
87.26
87.26
87.26
87.26
87.26
87.89
87.89
87.89
87.89
92.87
92.87
92.87
92.87
92.87
92.87
92.87
92.87
93.11
93.11
93.11
93.11
93.11
93.11
93.11
94.27
94.27
94.27
94.27
94.27
94.27
94.27
95.95
95.95
95.95
95.95
95.95
95.95
95.22
95.22
95.22
95.22
95.22
95.22
95.22
95.22
95.22
95.22
95.22
95.91
95.91
95.91
95.91
95.91
95.91
95.91
96.76
96.76
96.76
96.76
96.76
96.76
96.76
97.42
97.42
97.42
97.42
97.42
97.42
97.42
97.42
97.54
97.54
97.54
97.54
97.54
97.54
97.54
97.54
97.54
97.58
97.58
97.58
97.58
97.58
97.58
97.58
97.24
97.24
97.24
97.24
97.24
97.24
97.24
97.24
97.24
97.24
97.24
97.25
97.25
97.25
97.25
97.25
96.90
96.90
96.90
96.90
96.90
96.90
96.90
96.90
96.90
95.93
95.93
95.93
95.93
95.93
95.93
95.93
95.93
95.93
95.93
95.93
95.87
95.87
95.87
95.87
94.90
94.90
94.90
94.90
94.90
95.57
95.57
95.57
95.57
95.57
97.15
97.15
97.15
97.15
97.15
97.15
97.15
97.15
97.15
97.15
97.15
97.54
97.54
97.54
97.54
97.54
97.54
97.54
97.69
97.69
97.69
97.69
97.69
97.69
97.69
97.26
97.26
97.26
97.26
97.26
97.26
97.26
95.08
95.08
95.08
95.08
95.08
95.08
95.08
94.17
94.17
94.17
94.17
94.67
94.67
94.67
94.67
94.67
94.67
94.67
94.67
94.67
93.63
93.63
93.63
93.63
93.63
93.63
93.63
90.31
90.31
90.31
90.31
87.06
87.06
87.06
87.06
86.47
86.47
86.47
86.47
86.47
86.47
86.47
86.47
86.47
86.47
86.47
82.35
82.35
82.35
82.35
82.35
82.35
82.35
82.35
81.61
81.61
81.61
81.61
81.61
81.61
81.61
81.61
76.81
76.81
76.81
76.81
76.81
76.81
76.81
82.63
82.63
82.63
82.63
82.63
82.63
91.99
91.99
91.99
91.99
91.99
91.99
91.99
91.99
91.99
95.25
95.25
95.25
95.25
95.25
95.25
95.25
95.25
96.70
96.70
96.70
96.70
96.70
96.70
96.70
96.70
96.70
96.70
96.70
97.40
97.40
97.40
97.40
97.40
97.40
97.40
97.40
96.63
96.63
96.63
96.63
96.63
95.61
95.61
95.61
95.61
95.61
95.61
95.61
95.61
94.54
94.54
94.54
94.54
94.54
94.54
94.54
93.02
93.02
93.02
93.02
95.47
95.47
95.47
95.47
95.47
95.47
95.47
95.47
95.47
94.15
94.15
94.15
94.15
94.15
94.15
94.15
94.15
