94.13
94.13
94.13
94.13
94.13
94.13
94.13
93.28
93.28
93.28
93.28
93.28
93.28
93.28
93.85
93.85
93.85
93.85
93.85
93.85
93.85
93.85
93.85
93.85
93.85
93.85
93.66
93.66
93.66
93.66
93.66
93.66
93.66
93.66
93.66
93.66
93.13
93.13
93.13
93.13
93.13
93.13
91.77
91.77
91.77
91.77
91.77
91.77
91.77
91.77
92.56
92.56
92.56
92.56
92.56
92.56
92.56
92.56
89.17
89.17
89.17
89.17
89.17
89.17
89.17
90.01
90.01
90.01
90.01
90.01
90.01
90.01
90.01
90.01
90.01
90.01
90.01
91.09
91.09
91.09
91.09
93.39
93.39
93.39
93.39
93.39
93.39
93.39
93.39
93.39
93.39
93.39
93.39
94.49
94.49
94.49
94.49
94.49
94.49
94.51
94.51
94.51
94.51
94.51
94.51
94.51
94.51
94.51
95.58
95.58
95.58
95.58
95.58
95.58
95.58
97.24
97.24
97.24
97.24
97.24
97.24
97.24
97.24
97.90
97.90
97.90
97.90
97.90
97.90
97.90
98.30
98.30
98.30
98.30
98.30
98.30
98.30
98.30
98.34
98.34
98.34
98.34
98.34
97.75
97.75
97.75
97.75
97.75
97.75
97.75
97.75
97.75
97.75
97.75
97.75
97.55
97.55
97.55
97.55
97.55
97.55
97.55
96.40
96.40
96.40
96.40
96.40
96.40
96.40
96.40
96.79
96.79
96.79
96.79
96.79
96.79
96.79
95.14
95.14
95.14
95.14
95.14
95.14
93.92
93.92
93.92
93.92
93.92
93.92
93.92
93.92
93.92
95.34
95.34
95.34
95.34
95.34
95.34
95.34
95.34
94.91
94.91
94.91
94.91
94.91
94.91
94.91
94.91
94.91
95.93
95.93
95.93
95.93
95.93
95.93
95.93
95.93
95.14
95.14
95.14
95.14
95.14
96.79
96.79
96.79
96.79
96.79
96.79
96.79
96.79
96.56
96.56
96.56
96.56
96.56
96.56
95.81
95.81
95.81
95.81
95.81
95.81
95.81
95.81
97.08
97.08
97.08
97.08
97.08
97.08
97.08
97.08
98.31
98.31
98.31
98.31
98.31
98.31
98.31
98.31
98.31
98.31
98.31
98.31
97.17
97.17
97.17
97.17
97.17
97.17
97.17
97.17
97.17
97.17
97.17
97.17
96.18
96.18
96.18
96.18
96.18
96.18
96.08
96.08
96.08
96.08
96.08
96.08
96.08
96.08
96.08
