98.87
98.87
98.87
98.87
98.87
98.73
98.73
98.73
98.73
98.73
98.73
98.73
98.73
98.73
98.66
98.66
98.66
98.66
98.66
98.72
98.72
98.72
98.72
98.72
97.76
97.76
97.76
97.76
97.76
97.76
97.76
97.76
97.76
96.54
96.54
96.54
96.54
96.54
96.54
97.39
97.39
97.39
97.39
97.54
97.54
97.54
97.54
97.54
97.54
97.54
97.54
97.59
97.59
97.59
97.59
97.59
97.59
97.59
97.59
97.59
98.01
98.01
98.01
98.01
98.01
98.01
98.06
98.06
98.06
98.06
98.06
98.06
98.06
98.06
98.06
98.65
98.65
98.65
98.65
98.65
98.65
98.65
98.65
98.65
98.65
98.65
98.37
98.37
98.37
98.37
98.37
98.37
98.37
98.37
98.37
98.05
98.05
98.05
98.05
98.05
98.05
98.05
98.05
98.05
98.35
98.35
98.35
98.35
98.35
98.35
98.35
98.35
98.35
98.35
98.35
98.35
98.53
98.53
98.53
98.53
98.53
98.53
98.53
98.53
98.53
98.53
98.53
97.94
97.94
97.94
97.94
97.94
97.94
97.94
97.94
97.94
98.10
98.10
98.10
98.10
98.10
98.10
98.10
97.39
97.39
97.39
97.39
97.39
97.39
97.39
97.38
97.38
97.38
97.38
97.38
97.38
97.38
97.38
97.75
97.75
97.75
97.75
97.75
97.75
97.75
97.75
97.75
97.76
97.76
97.76
97.76
97.76
97.76
97.76
97.76
97.76
98.17
98.17
98.17
98.17
98.17
98.17
98.17
98.63
98.63
98.63
98.63
98.63
98.63
98.63
98.63
98.63
98.63
98.63
98.56
98.56
98.56
98.56
98.56
98.56
98.56
98.52
98.52
98.52
98.52
98.52
98.52
98.52
98.82
98.82
98.82
98.82
98.82
98.82
98.82
98.81
98.81
98.81
98.81
98.81
98.79
98.79
98.79
98.79
98.79
98.79
98.79
98.79
98.79
