95.45
95.45
95.45
95.45
95.45
95.45
95.45
95.45
95.45
95.45
95.45
93.38
93.38
93.38
93.38
93.38
93.38
92.15
92.15
92.15
92.15
92.15
92.15
92.15
90.77
90.77
90.77
90.77
90.77
90.77
90.77
90.77
92.80
92.80
92.80
92.80
92.80
92.80
92.80
92.80
92.80
95.80
95.80
95.80
95.80
95.80
95.80
95.80
95.80
95.80
94.94
94.94
94.94
94.94
94.94
94.94
94.42
94.42
94.42
94.42
94.42
94.42
94.42
94.27
94.27
94.27
94.27
94.27
96.48
96.48
96.48
96.48
96.48
96.48
96.48
96.48
96.48
96.48
96.48
96.52
96.52
96.52
96.52
96.52
96.52
96.52
94.49
94.49
94.49
94.49
94.49
94.49
94.49
94.49
94.49
96.23
96.23
96.23
96.23
96.23
96.23
96.23
96.23
96.23
96.23
96.23
97.56
97.56
97.56
97.56
97.56
97.56
97.56
97.56
96.36
96.36
96.36
96.36
96.36
96.36
96.36
96.36
96.36
95.37
95.37
95.37
95.37
95.37
95.37
95.37
95.37
95.37
95.37
95.37
96.53
96.53
96.53
96.53
96.53
96.53
96.53
96.53
97.23
97.23
97.23
97.23
97.44
97.44
97.44
97.44
97.44
97.44
97.44
97.44
97.44
98.07
98.07
98.07
98.07
98.07
98.07
98.07
98.07
98.07
98.08
98.08
98.08
98.08
98.08
98.08
98.08
98.10
98.10
98.10
98.10
98.10
98.10
98.10
98.10
98.10
97.58
97.58
97.58
97.58
97.58
97.58
97.58
97.58
97.27
97.27
97.27
97.27
97.27
97.27
97.27
97.27
97.27
96.85
96.85
96.85
96.85
96.85
96.85
96.85
96.85
97.34
97.34
97.34
97.34
97.34
97.34
97.34
97.34
97.34
97.34
97.34
96.50
96.50
96.50
96.50
96.50
96.50
96.50
96.50
96.50
95.91
95.91
95.91
95.91
97.25
97.25
97.25
97.25
97.25
97.25
97.25
97.25
97.25
97.25
97.25
97.17
97.17
97.17
97.17
97.17
97.17
97.17
97.17
97.17
97.17
97.17
96.20
96.20
96.20
96.20
95.77
95.77
95.77
95.77
97.56
97.56
97.56
97.56
97.56
97.56
97.56
97.56
97.06
97.06
97.06
97.06
97.06
97.06
97.06
97.06
96.75
96.75
96.75
96.75
96.75
96.75
96.75
96.03
96.03
96.03
96.03
96.03
96.03
96.03
95.46
95.46
95.46
95.46
95.46
95.46
95.46
95.46
95.46
95.46
94.25
94.25
94.25
94.25
94.63
94.63
94.63
94.63
94.63
94.63
94.63
94.63
94.63
96.23
96.23
96.23
96.23
96.23
96.23
96.23
95.09
95.09
95.09
95.09
97.24
97.24
97.24
97.24
97.24
97.24
97.24
