98.94
98.94
98.94
98.94
98.94
98.94
98.94
98.94
98.94
98.94
98.94
98.94
98.94
98.94
98.94
98.93
98.93
98.93
98.93
98.93
98.93
98.93
98.83
98.83
98.83
98.83
98.83
98.83
98.86
98.86
98.86
98.86
98.86
98.86
98.84
98.84
98.84
98.84
98.84
98.84
98.84
98.84
98.84
98.84
98.80
98.80
98.80
98.80
98.80
98.80
98.80
98.80
98.80
98.80
98.80
98.82
98.82
98.82
98.82
98.82
98.82
98.82
98.82
98.81
98.81
98.81
98.81
98.81
98.81
98.81
98.81
98.86
98.86
98.86
98.86
98.86
98.86
98.86
98.80
98.80
98.80
98.80
98.80
98.80
98.80
98.80
98.80
98.75
98.75
98.75
98.75
98.75
98.75
98.75
98.38
98.38
98.38
98.38
98.38
98.38
98.38
98.38
98.28
98.28
98.28
98.28
98.28
98.28
98.28
98.43
98.43
98.43
98.43
98.43
98.43
98.43
98.43
98.43
98.01
98.01
98.01
98.01
98.01
98.01
98.01
98.01
98.01
96.96
96.96
96.96
96.96
97.48
97.48
97.48
97.48
97.48
97.48
97.48
97.47
97.47
97.47
97.47
97.47
97.47
97.47
97.47
97.47
97.47
97.47
97.47
97.47
97.47
97.97
97.97
97.97
97.97
97.97
97.97
97.97
98.62
98.62
98.62
98.62
98.62
98.62
98.62
98.53
98.53
98.53
98.53
98.73
98.73
98.73
98.73
98.73
98.73
98.73
98.66
98.66
98.66
98.66
98.66
98.66
98.66
98.66
98.66
98.66
98.66
98.66
98.66
98.66
98.66
98.66
98.66
98.66
98.66
98.66
98.74
98.74
98.74
98.74
98.74
98.74
98.74
98.74
98.71
98.71
98.71
98.71
98.71
98.71
98.71
98.71
98.71
98.72
98.72
98.72
98.72
98.72
98.72
98.72
98.77
98.77
98.77
98.77
98.77
98.77
98.77
98.85
98.85
98.85
98.85
98.85
98.86
98.86
98.86
98.86
98.86
98.86
98.86
98.73
98.73
98.73
98.73
98.73
98.73
98.73
98.71
98.71
98.71
98.71
98.71
98.71
98.71
98.71
98.85
98.85
98.85
98.85
98.85
98.85
98.75
98.75
98.75
98.75
98.75
98.75
98.75
98.75
98.57
98.57
98.57
98.57
98.57
98.57
98.57
98.19
98.19
98.19
98.19
98.43
98.43
98.43
98.43
98.65
98.65
98.65
98.65
98.65
98.79
98.79
98.79
98.79
98.79
98.79
98.79
98.79
98.79
98.79
98.79
98.79
98.85
98.85
98.85
98.85
98.85
98.85
98.85
98.85
98.78
98.78
98.78
98.78
98.78
98.78
98.78
98.80
98.80
98.80
98.80
98.80
98.80
98.80
