93.58
93.58
93.58
93.58
93.58
93.58
94.39
94.39
94.39
94.39
94.39
94.39
94.39
92.90
92.90
92.90
92.90
92.90
92.90
92.90
92.90
92.90
93.80
93.80
93.80
93.80
93.80
93.80
93.80
93.80
93.19
93.19
93.19
93.19
93.19
93.19
92.81
92.81
92.81
92.81
92.81
94.72
94.72
94.72
94.72
94.72
94.72
94.72
94.72
96.39
96.39
96.39
96.39
96.39
96.39
96.39
96.39
95.86
95.86
95.86
95.86
95.86
95.86
95.86
95.86
95.86
95.86
95.38
95.38
95.38
95.38
95.38
95.38
95.38
95.22
95.22
95.22
95.22
95.22
95.22
95.22
95.22
95.22
95.22
95.22
93.27
93.27
93.27
93.27
93.27
93.27
96.75
96.75
96.75
96.75
96.75
96.75
96.75
96.75
97.53
97.53
97.53
97.53
97.53
97.53
97.53
97.53
98.03
98.03
98.03
98.03
98.46
98.46
98.46
98.46
98.46
98.46
98.46
98.46
98.35
98.35
98.35
98.35
98.35
98.35
98.35
98.35
97.92
97.92
97.92
97.92
97.92
97.92
97.92
97.92
97.92
98.19
98.19
98.19
98.19
98.19
98.24
98.24
98.24
98.24
98.68
98.68
98.68
98.68
98.68
98.68
98.68
98.68
98.68
98.68
98.68
98.68
98.79
98.79
98.79
98.79
98.79
98.79
98.79
98.79
98.79
98.79
98.67
98.67
98.67
98.67
98.82
98.82
98.82
98.82
98.82
98.82
98.82
98.75
98.75
98.75
98.75
98.75
98.75
98.75
98.75
97.99
97.99
97.99
97.99
97.99
97.99
97.99
97.99
97.99
97.99
97.99
98.26
98.26
98.26
98.26
98.26
98.26
98.61
98.61
98.61
98.61
98.61
98.61
98.61
98.61
98.61
98.61
98.61
98.59
98.59
98.59
98.59
98.59
98.59
98.59
98.59
98.30
98.30
98.30
98.30
98.30
98.30
98.30
97.90
97.90
97.90
97.90
97.90
97.90
97.90
98.17
98.17
98.17
98.17
98.73
98.73
98.73
98.73
98.73
98.73
98.81
98.81
98.81
98.81
98.81
98.81
98.81
98.81
98.81
98.90
98.90
98.90
98.90
98.90
98.90
98.90
98.88
98.88
98.88
98.88
98.88
98.88
98.88
98.88
98.89
98.89
98.89
98.89
98.89
98.89
98.89
98.89
98.86
98.86
98.86
98.86
98.86
98.86
98.86
98.86
98.86
98.86
98.86
98.86
98.80
98.80
98.80
98.80
98.80
98.80
98.80
98.80
98.80
98.80
98.80
98.37
98.37
98.37
98.37
98.37
98.37
98.37
98.37
98.34
98.34
98.34
98.34
98.34
98.50
98.50
98.50
98.50
98.50
98.50
98.50
98.50
98.50
98.50
98.56
98.56
98.56
98.56
98.56
98.56
98.56
98.56
98.56
98.56
98.56
98.56
98.56
98.56
98.34
98.34
98.34
98.34
98.34
98.34
98.34
98.34
97.59
97.59
97.59
97.59
97.59
97.59
97.59
97.37
97.37
97.37
97.37
97.37
97.37
97.37
97.37
97.37
98.11
98.11
98.11
98.11
98.11
98.11
98.11
98.17
98.17
98.17
98.17
98.17
98.17
98.17
98.17
98.17
98.17
98.17
