55.17
55.17
55.17
55.17
55.17
55.17
55.17
75.45
75.45
75.45
75.45
75.45
75.45
75.45
75.45
75.45
90.48
90.48
90.48
90.48
90.48
90.48
90.48
90.48
96.13
96.13
96.13
96.13
96.13
96.13
96.50
96.50
96.50
96.50
96.50
96.50
96.85
96.85
96.85
96.85
96.85
96.85
96.85
96.85
96.85
96.85
96.85
95.42
95.42
95.42
95.42
95.42
95.42
95.42
95.42
95.42
95.83
95.83
95.83
95.83
95.83
95.83
95.83
95.83
95.83
95.83
96.26
96.26
96.26
96.26
96.26
96.26
97.01
97.01
97.01
97.01
97.01
97.01
97.01
97.54
97.54
97.54
97.54
97.54
97.54
97.54
97.54
97.82
97.82
97.82
97.82
97.82
97.82
97.46
97.46
97.46
97.46
97.46
97.46
97.55
97.55
97.55
97.55
97.55
97.55
97.55
97.55
98.31
98.31
98.31
98.31
98.31
98.31
98.31
98.31
98.31
98.31
98.31
98.19
98.19
98.19
98.19
98.19
98.35
98.35
98.35
98.35
98.35
98.35
98.35
98.28
98.28
98.28
98.28
98.28
98.28
98.28
98.28
98.28
98.43
98.43
98.43
98.43
98.43
98.43
98.43
98.43
98.14
98.14
98.14
98.14
98.14
98.14
98.14
98.14
98.14
98.14
98.14
97.82
97.82
97.82
97.82
97.82
97.82
97.82
97.82
97.82
98.22
98.22
98.22
98.22
98.22
98.22
98.22
98.22
97.81
97.81
97.81
97.81
97.81
97.81
97.78
97.78
97.78
97.78
97.78
97.78
97.78
97.78
97.53
97.53
97.53
97.53
97.53
97.53
97.53
97.53
97.53
97.53
97.53
97.53
96.09
96.09
96.09
96.09
96.09
96.09
96.09
96.09
97.25
97.25
97.25
97.25
97.25
97.25
97.25
97.25
96.62
96.62
96.62
96.62
96.62
96.62
96.62
96.62
96.62
97.94
97.94
97.94
97.94
97.94
97.94
97.94
97.94
