98.66
98.66
98.66
98.66
98.66
98.66
98.44
98.44
98.44
98.44
98.44
98.44
98.44
98.44
95.30
95.30
95.30
95.30
95.30
95.30
95.30
95.30
93.19
93.19
93.19
93.19
93.19
93.19
91.18
91.18
91.18
91.18
91.18
91.18
92.61
92.61
92.61
92.61
92.61
92.61
92.61
92.61
94.58
94.58
94.58
94.58
96.16
96.16
96.16
96.16
96.16
96.16
96.16
96.16
96.16
96.16
96.16
95.33
95.33
95.33
95.33
95.33
95.33
96.50
96.50
96.50
96.50
96.50
96.50
96.50
96.50
96.50
96.65
96.65
96.65
96.65
96.65
96.65
96.65
96.65
96.65
96.65
96.65
96.65
96.65
96.65
97.78
97.78
97.78
97.78
97.78
97.78
97.78
97.78
97.78
97.96
97.96
97.96
97.96
97.96
97.96
97.96
97.96
97.96
97.95
97.95
97.95
97.95
97.95
97.95
97.95
97.95
98.28
98.28
98.28
98.28
98.28
98.28
98.28
98.59
98.59
98.59
98.59
98.59
98.59
98.59
98.59
98.50
98.50
98.50
98.50
98.66
98.66
98.66
98.66
98.66
98.66
98.66
98.66
98.66
98.66
98.66
98.66
98.66
98.66
98.65
98.65
98.65
98.65
98.65
98.65
98.65
98.65
98.30
98.30
98.30
98.30
98.30
98.30
98.30
98.30
98.30
98.30
98.30
98.38
98.38
98.38
98.38
98.38
98.38
98.38
98.38
98.38
98.11
98.11
98.11
98.11
98.11
98.11
98.11
98.11
98.11
98.10
98.10
98.10
98.10
98.10
98.10
98.10
98.10
98.10
98.10
98.10
98.10
97.30
97.30
97.30
97.30
95.78
95.78
95.78
95.78
95.78
95.78
95.78
95.78
96.86
96.86
96.86
96.86
96.86
96.86
96.86
96.86
96.86
98.05
98.05
98.05
98.05
98.05
98.05
98.05
98.61
98.61
98.61
98.61
98.61
98.61
98.61
98.61
98.61
98.71
98.71
98.71
98.71
98.71
98.71
98.71
98.67
98.67
98.67
98.67
98.63
98.63
98.63
98.63
98.63
97.85
97.85
97.85
97.85
97.65
97.65
97.65
97.65
97.65
97.65
97.65
97.65
98.12
98.12
98.12
98.12
98.12
98.12
98.12
98.12
97.48
97.48
97.48
97.48
97.48
97.48
97.48
97.32
97.32
97.32
97.32
97.32
97.32
97.32
97.32
97.88
97.88
97.88
97.88
97.64
97.64
97.64
97.64
97.64
97.64
97.64
97.64
97.64
98.27
98.27
98.27
98.27
98.74
98.74
98.74
98.74
98.74
98.74
98.74
98.74
98.74
98.74
98.74
98.56
98.56
98.56
98.56
98.56
98.56
98.56
98.56
98.56
98.56
98.56
98.67
98.67
98.67
98.67
98.67
98.67
98.67
98.67
98.67
98.67
98.67
98.67
98.66
98.66
98.66
98.66
98.66
98.66
98.66
98.66
98.64
98.64
98.64
98.64
98.64
98.35
98.35
98.35
98.35
98.35
98.35
98.35
98.35
98.23
98.23
98.23
98.23
98.23
98.00
98.00
98.00
98.00
98.63
98.63
98.63
98.63
98.63
98.78
98.78
98.78
98.78
98.78
98.78
98.78
98.78
98.86
98.86
98.86
98.86
98.86
98.86
98.86
98.86
98.86
98.86
98.86
