98.61
98.61
98.61
98.61
98.61
98.61
98.61
98.61
98.61
98.48
98.48
98.48
98.48
98.48
98.48
98.48
98.48
98.48
98.82
98.82
98.82
98.82
98.82
98.82
98.82
98.82
98.78
98.78
98.78
98.78
98.78
98.78
98.78
98.78
98.78
98.78
98.78
98.78
98.78
98.78
98.88
98.88
98.88
98.88
98.88
98.88
98.88
98.88
98.90
98.90
98.90
98.90
98.90
98.90
98.90
98.90
98.92
98.92
98.92
98.92
98.92
98.92
98.92
98.92
98.92
98.92
98.92
98.93
98.93
98.93
98.93
98.93
98.93
98.93
98.93
98.93
98.93
98.93
98.91
98.91
98.91
98.91
98.91
98.91
98.91
98.91
98.91
98.92
98.92
98.92
98.92
98.92
98.94
98.94
98.94
98.94
98.94
98.93
98.93
98.93
98.93
98.93
98.93
98.93
98.93
98.93
98.90
98.90
98.90
98.90
98.90
98.92
98.92
98.92
98.92
98.92
98.92
98.92
98.92
98.92
98.92
98.92
98.92
98.92
98.92
98.92
98.92
98.92
98.92
98.92
98.92
98.92
98.86
98.86
98.86
98.86
98.86
98.86
98.86
98.86
98.86
98.90
98.90
98.90
98.90
98.90
98.90
98.90
98.79
98.79
98.79
98.79
98.79
98.79
98.79
98.79
98.79
98.79
98.79
98.78
98.78
98.78
98.78
98.78
98.78
98.78
98.78
98.78
