98.74
98.74
98.74
98.74
98.89
98.89
98.89
98.89
98.89
98.89
98.89
98.89
98.89
98.89
98.89
98.93
98.93
98.93
98.93
98.93
98.93
98.93
98.93
98.94
98.94
98.94
98.94
98.94
98.94
98.94
98.94
98.91
98.91
98.91
98.91
98.91
98.91
98.91
98.91
98.85
98.85
98.85
98.85
98.85
98.85
98.87
98.87
98.87
98.87
98.87
98.91
98.91
98.91
98.91
98.91
98.91
98.91
98.91
98.91
98.91
98.91
98.91
98.91
98.91
98.91
98.91
98.91
98.91
98.87
98.87
98.87
98.87
98.87
98.87
98.87
98.84
98.84
98.84
98.84
98.84
98.84
98.84
98.79
98.79
98.79
98.79
98.79
98.79
98.79
98.79
98.79
98.79
98.79
98.67
98.67
98.67
98.67
98.67
98.67
98.67
98.67
98.65
98.65
98.65
98.65
98.65
98.65
98.65
98.59
98.59
98.59
98.59
98.59
98.59
98.59
98.59
98.59
98.85
98.85
98.85
98.85
98.85
98.85
98.85
98.85
98.85
98.85
98.85
98.85
98.81
98.81
98.81
98.81
98.81
98.81
98.81
98.81
98.80
98.80
98.80
98.80
98.80
98.80
98.80
98.89
98.89
98.89
98.89
98.89
98.89
98.89
98.89
98.85
98.85
98.85
98.85
98.85
98.85
98.85
98.85
98.88
98.88
98.88
98.88
98.88
98.88
98.88
98.88
98.88
98.88
98.88
98.88
98.88
98.88
98.89
98.89
98.89
98.89
98.89
98.89
98.89
