98.79
98.79
98.79
98.79
98.79
98.79
98.79
98.79
98.79
98.79
98.79
98.79
98.77
98.77
98.77
98.77
98.77
98.77
98.77
98.59
98.59
98.59
98.59
98.59
98.59
98.59
98.59
98.67
98.67
98.67
98.67
98.67
98.67
98.78
98.78
98.78
98.78
98.78
98.78
98.78
98.78
98.78
98.78
98.78
98.78
98.78
98.78
98.71
98.71
98.71
98.71
98.71
98.71
98.71
98.71
98.76
98.76
98.76
98.76
98.76
98.76
98.76
98.76
98.76
98.82
98.82
98.82
98.82
98.82
98.82
98.82
98.75
98.75
98.75
98.75
98.84
98.84
98.84
98.84
98.84
98.84
98.84
98.84
98.86
98.86
98.86
98.86
98.86
98.86
98.86
98.90
98.90
98.90
98.90
98.90
98.90
98.90
98.90
98.83
98.83
98.83
98.83
98.83
98.83
98.83
98.83
98.80
98.80
98.80
98.80
98.80
98.80
98.80
98.80
98.80
98.89
98.89
98.89
98.89
98.89
98.89
98.89
98.89
98.89
98.89
98.89
98.89
98.89
98.89
98.86
98.86
98.86
98.86
98.86
98.86
98.86
98.86
98.86
98.82
98.82
98.82
98.82
98.82
98.82
98.82
98.82
98.82
98.85
98.85
98.85
98.85
98.85
98.85
98.85
98.85
98.92
98.92
98.92
98.92
98.92
98.92
98.92
98.92
98.92
98.84
98.84
98.84
98.84
98.84
98.84
98.84
98.84
98.83
98.83
98.83
98.83
98.83
98.83
98.84
98.84
98.84
98.84
98.84
98.84
