98.47
98.47
98.47
98.47
98.47
98.47
98.47
97.14
97.14
97.14
97.14
97.14
97.14
97.14
97.14
97.14
97.14
97.14
98.02
98.02
98.02
98.02
98.02
98.02
98.02
98.02
98.25
98.25
98.25
98.25
98.25
98.25
98.50
98.50
98.50
98.50
98.50
98.50
98.50
98.50
98.50
98.50
98.50
98.72
98.72
98.72
98.72
98.72
98.72
98.72
98.72
98.72
98.53
98.53
98.53
98.53
98.73
98.73
98.73
98.73
98.73
98.88
98.88
98.88
98.88
98.88
98.88
98.88
98.88
98.82
98.82
98.82
98.82
98.82
98.82
98.77
98.77
98.77
98.77
98.77
98.77
98.77
98.77
98.77
98.77
98.79
98.79
98.79
98.79
98.79
98.85
98.85
98.85
98.85
98.85
98.85
98.85
98.85
98.85
98.85
98.85
98.93
98.93
98.93
98.93
98.93
98.93
98.93
98.93
98.93
98.93
98.93
98.93
98.91
98.91
98.91
98.91
98.91
98.91
98.91
98.93
98.93
98.93
98.93
98.93
98.93
98.93
98.93
98.95
98.95
98.95
98.95
98.95
98.95
98.95
98.95
98.91
98.91
98.91
98.91
98.91
98.91
98.91
98.92
98.92
98.92
98.92
98.92
98.92
98.92
98.90
98.90
98.90
98.90
98.90
98.90
98.90
98.90
98.90
98.90
98.90
98.90
98.90
98.90
98.86
98.86
98.86
98.86
98.86
98.86
98.86
98.86
98.88
98.88
98.88
98.88
98.88
98.88
98.88
98.88
98.64
98.64
98.64
98.64
98.64
98.64
98.64
98.64
98.51
98.51
98.51
98.51
98.51
98.51
98.51
98.51
98.60
98.60
98.60
98.60
98.60
98.25
98.25
98.25
98.25
98.65
98.65
98.65
98.65
98.65
98.65
98.65
98.56
98.56
98.56
98.56
98.56
98.56
98.56
98.56
98.56
98.56
98.56
98.75
98.75
98.75
98.75
98.75
98.75
98.75
98.75
98.75
98.75
98.57
98.57
98.57
98.57
98.57
98.57
98.57
98.38
98.38
98.38
98.38
98.63
98.63
98.63
98.63
98.63
98.63
98.63
98.63
98.63
98.63
98.63
98.63
98.63
98.63
98.63
98.63
98.63
98.63
98.63
98.63
98.63
98.63
98.63
98.63
98.63
98.63
98.63
98.63
98.63
98.63
98.63
98.63
98.63
98.63
97.50
97.50
97.50
97.50
97.50
97.50
97.50
97.50
97.50
97.50
97.50
97.69
97.69
97.69
97.69
98.34
98.34
98.34
98.34
98.34
98.34
98.34
98.34
98.34
98.34
98.34
98.63
98.63
98.63
98.63
98.63
98.63
98.63
98.63
98.63
98.84
98.84
98.84
98.84
98.84
98.84
98.84
98.84
98.72
98.72
98.72
98.72
98.72
98.80
98.80
98.80
98.80
98.80
98.80
98.80
98.80
98.80
98.81
98.81
98.81
98.81
98.81
98.81
98.81
98.85
98.85
98.85
98.85
98.85
98.85
98.85
98.85
98.85
98.85
98.85
98.70
98.70
98.70
98.70
98.81
98.81
98.81
98.81
98.81
98.81
98.81
98.81
98.81
98.81
98.81
98.86
98.86
98.86
98.86
98.86
98.86
98.89
98.89
98.89
98.89
98.89
98.89
98.89
98.89
98.89
98.89
98.89
98.89
98.89
98.89
98.37
98.37
98.37
98.37
98.37
98.37
98.37
98.37
98.35
98.35
98.35
98.35
98.76
98.76
98.76
98.76
98.76
98.76
98.76
98.76
98.76
98.76
98.76
98.76
98.76
98.76
98.57
98.57
98.57
98.57
98.57
98.57
98.57
98.57
98.52
98.52
98.52
98.52
98.52
98.52
98.07
98.07
98.07
98.07
98.54
98.54
98.54
98.54
98.54
98.54
98.54
98.54
98.54
98.60
98.60
98.60
98.60
98.60
98.60
98.60
98.50
98.50
98.50
98.50
98.50
98.50
98.50
98.50
98.50
98.60
98.60
98.60
98.60
98.60
