97.45
97.45
97.45
97.45
97.45
97.45
97.45
98.01
98.01
98.01
98.01
98.01
98.01
98.01
98.01
98.01
98.01
98.01
98.01
98.01
98.01
98.03
98.03
98.03
98.03
98.03
98.03
97.91
97.91
97.91
97.91
97.91
97.91
97.91
97.41
97.41
97.41
97.41
97.41
97.41
97.41
97.41
97.41
97.40
97.40
97.40
97.40
97.40
97.40
97.40
97.40
97.90
97.90
97.90
97.90
97.90
97.90
97.90
97.90
96.97
96.97
96.97
96.97
96.97
96.97
96.97
96.97
98.20
98.20
98.20
98.20
98.20
98.20
98.20
98.27
98.27
98.27
98.27
98.27
98.27
98.27
98.27
98.27
98.27
98.27
98.64
98.64
98.64
98.64
98.64
98.64
98.64
98.64
98.64
98.64
98.64
98.62
98.62
98.62
98.62
98.62
98.62
98.62
98.62
98.79
98.79
98.79
98.79
98.79
98.79
98.79
98.79
98.85
98.85
98.85
98.85
98.85
98.85
98.85
98.85
98.85
98.85
98.85
98.85
98.87
98.87
98.87
98.87
98.87
98.87
98.87
98.71
98.71
98.71
98.71
98.71
98.71
98.71
98.71
98.55
98.55
98.55
98.55
98.55
98.55
98.55
98.55
98.55
98.54
98.54
98.54
98.54
98.54
98.54
98.54
98.54
98.19
98.19
98.19
98.19
98.19
98.19
98.19
97.57
97.57
97.57
97.57
97.57
97.57
97.57
97.57
97.72
97.72
97.72
97.72
97.72
97.72
97.72
97.72
98.41
98.41
98.41
98.41
98.41
98.41
98.41
98.41
98.41
98.41
98.41
98.41
98.68
98.68
98.68
98.68
98.68
98.68
98.68
98.68
98.68
98.42
98.42
98.42
98.42
98.42
98.42
98.42
98.42
98.42
