47.91
47.91
47.91
47.91
47.91
47.91
47.91
47.91
50.84
50.84
50.84
50.84
50.84
50.84
50.84
66.80
66.80
66.80
66.80
66.80
66.80
66.80
66.80
66.80
76.38
76.38
76.38
76.38
76.38
76.38
76.38
76.38
88.75
88.75
88.75
88.75
88.75
88.75
88.75
88.75
98.09
98.09
98.09
98.09
98.09
98.09
98.09
98.09
98.09
98.09
98.09
98.65
98.65
98.65
98.65
98.65
98.65
98.65
98.65
98.51
98.51
98.51
98.51
98.51
98.51
98.57
98.57
98.57
98.57
98.57
98.57
98.57
98.62
98.62
98.62
98.62
98.62
98.62
98.62
98.62
98.62
98.77
98.77
98.77
98.77
98.77
98.77
98.77
98.77
98.77
98.77
98.77
98.77
98.77
98.77
98.77
98.53
98.53
98.53
98.53
98.76
98.76
98.76
98.76
98.76
98.76
98.76
98.76
98.42
98.42
98.42
98.42
98.42
98.42
98.42
98.42
98.56
98.56
98.56
98.56
98.56
98.56
98.56
98.56
98.39
98.39
98.39
98.39
98.39
98.39
98.39
98.39
98.39
98.69
98.69
98.69
98.69
98.69
98.69
98.69
98.69
98.77
98.77
98.77
98.77
98.77
98.77
98.77
98.90
98.90
98.90
98.90
98.90
98.90
98.90
98.90
98.95
98.95
98.95
98.95
98.95
98.95
98.95
98.95
98.93
98.93
98.93
98.93
98.93
98.93
98.93
98.81
98.81
98.81
98.81
98.81
98.53
98.53
98.53
98.53
98.53
98.53
97.01
97.01
97.01
97.01
98.46
98.46
98.46
98.46
98.46
98.46
98.66
98.66
98.66
98.66
98.66
98.66
98.66
98.66
98.66
98.66
98.66
97.82
97.82
97.82
97.82
98.59
98.59
98.59
98.59
98.59
98.59
98.59
98.59
98.59
98.59
98.59
98.59
98.59
98.59
98.59
98.64
98.64
98.64
98.64
98.64
98.64
98.64
98.64
98.64
98.68
98.68
98.68
98.68
98.68
98.68
98.68
98.68
98.68
98.69
98.69
98.69
98.69
98.69
98.69
98.69
98.69
98.69
98.69
98.69
98.69
98.55
98.55
98.55
98.55
98.55
98.59
98.59
98.59
98.59
98.59
98.59
98.59
98.59
98.59
98.67
98.67
98.67
98.67
98.67
98.67
98.67
98.67
98.67
98.67
98.67
98.67
98.72
98.72
98.72
98.72
98.72
98.72
98.72
98.72
98.72
98.72
98.72
98.72
98.51
98.51
98.51
98.51
98.51
98.51
98.51
98.51
98.75
98.75
98.75
98.75
98.75
98.75
98.75
98.75
98.46
98.46
98.46
98.46
98.46
98.46
98.46
98.46
98.14
98.14
98.14
98.14
98.14
98.14
98.14
98.14
98.14
98.78
98.78
98.78
98.78
98.78
98.78
98.78
98.78
98.65
98.65
98.65
98.65
