94.65
94.65
94.65
94.65
94.65
94.65
94.65
94.65
92.96
92.96
92.96
92.96
92.96
92.96
94.08
94.08
94.08
94.08
94.08
93.58
93.58
93.58
93.58
93.58
93.58
93.58
95.00
95.00
95.00
95.00
95.00
95.00
95.00
93.92
93.92
93.92
93.92
93.92
93.92
93.92
93.92
93.63
93.63
93.63
93.63
93.63
93.63
93.63
93.63
93.63
95.72
95.72
95.72
95.72
95.72
95.72
95.72
95.72
96.37
96.37
96.37
96.37
96.37
96.37
96.37
96.37
96.37
96.37
96.37
96.21
96.21
96.21
96.21
96.21
96.21
96.21
96.21
96.23
96.23
96.23
96.23
96.23
96.23
96.23
96.23
97.15
97.15
97.15
97.15
97.15
97.15
97.15
97.15
97.15
97.04
97.04
97.04
97.04
97.04
97.04
97.04
97.04
97.04
97.04
97.04
97.04
96.56
96.56
96.56
96.56
96.56
96.56
95.97
95.97
95.97
95.97
95.97
95.97
95.97
95.97
93.34
93.34
93.34
93.34
93.34
93.34
93.34
93.34
93.34
89.79
89.79
89.79
89.79
89.79
89.79
89.79
87.82
87.82
87.82
87.82
87.82
87.82
87.82
87.82
91.22
91.22
91.22
91.22
91.22
91.22
91.22
91.22
94.37
94.37
94.37
94.37
94.37
94.37
94.37
94.37
94.37
