98.47
98.47
98.47
98.47
98.47
98.47
98.47
98.47
98.47
97.83
97.83
97.83
97.83
97.83
97.83
97.83
97.83
97.83
98.43
98.43
98.43
98.43
98.43
97.73
97.73
97.73
97.73
97.73
97.73
97.73
97.73
97.73
97.73
97.73
98.74
98.74
98.74
98.74
98.74
98.74
98.74
98.87
98.87
98.87
98.87
98.87
98.87
98.90
98.90
98.90
98.90
98.90
98.90
98.90
98.90
98.90
98.90
98.90
98.90
98.87
98.87
98.87
98.87
98.87
98.87
98.87
98.87
98.49
98.49
98.49
98.49
98.49
98.35
98.35
98.35
98.35
98.04
98.04
98.04
98.04
98.04
98.04
98.04
98.04
98.04
98.04
98.04
98.42
98.42
98.42
98.42
98.42
98.42
98.42
98.42
98.42
98.42
98.42
98.48
98.48
98.48
98.48
98.48
98.48
98.48
98.48
97.56
97.56
97.56
97.56
97.56
97.56
97.56
98.10
98.10
98.10
98.10
98.10
98.10
98.10
98.33
98.33
98.33
98.33
98.33
98.33
98.37
98.37
98.37
98.37
98.37
98.37
98.37
98.53
98.53
98.53
98.53
98.53
98.53
98.53
98.53
98.53
98.81
98.81
98.81
98.81
98.81
98.81
