97.17
97.17
97.17
97.17
97.17
97.17
97.17
97.00
97.00
97.00
97.00
97.00
97.00
97.00
97.00
97.18
97.18
97.18
97.18
98.24
98.24
98.24
98.24
98.24
98.24
98.24
98.24
98.18
98.18
98.18
98.18
98.18
98.18
98.18
98.18
98.18
98.51
98.51
98.51
98.51
98.51
98.51
98.51
98.35
98.35
98.35
98.35
98.35
98.35
98.35
98.35
98.35
98.48
98.48
98.48
98.48
98.48
98.48
98.48
98.48
98.54
98.54
98.54
98.54
98.54
98.54
98.54
98.54
98.54
98.43
98.43
98.43
98.43
98.43
98.43
98.43
98.78
98.78
98.78
98.78
98.78
98.78
98.78
98.78
98.78
98.78
98.78
98.78
98.78
98.78
98.22
98.22
98.22
98.22
98.22
98.22
98.24
98.24
98.24
98.24
98.24
98.24
98.24
98.24
98.24
98.73
98.73
98.73
98.73
98.73
98.73
98.73
98.73
98.80
98.80
98.80
98.80
98.80
98.89
98.89
98.89
98.89
98.89
98.89
98.89
98.89
98.89
98.89
98.84
98.84
98.84
98.84
98.84
98.84
98.84
98.84
98.81
98.81
98.81
98.81
98.81
98.81
98.81
98.81
98.81
98.81
98.81
98.82
98.82
98.82
98.82
98.82
98.82
98.82
98.82
98.82
98.82
98.82
98.82
98.82
98.82
98.82
98.82
98.82
98.82
98.82
98.31
98.31
98.31
98.31
98.68
98.68
98.68
98.68
98.68
98.68
98.68
98.68
98.68
98.68
98.68
98.62
98.62
98.62
98.62
98.65
98.65
98.65
98.65
98.65
98.65
98.65
98.80
98.80
98.80
98.80
98.80
98.80
98.80
98.80
98.80
98.80
98.80
98.80
98.86
98.86
98.86
98.86
98.86
98.86
98.86
98.86
98.87
98.87
98.87
98.87
98.87
98.87
98.87
98.87
98.67
98.67
98.67
98.67
98.89
98.89
98.89
98.89
98.89
98.89
98.89
98.89
98.92
98.92
98.92
98.92
98.92
98.92
98.92
98.92
98.92
98.92
98.92
98.90
98.90
98.90
98.90
98.90
98.90
98.81
98.81
98.81
98.81
98.81
98.81
98.81
98.81
98.81
98.87
98.87
98.87
98.87
98.87
98.87
98.86
98.86
98.86
98.86
98.86
98.86
98.86
98.86
98.89
98.89
98.89
98.89
98.89
98.89
98.89
98.89
98.84
98.84
98.84
98.84
98.95
98.95
98.95
98.95
98.95
98.95
98.95
98.95
98.95
98.95
98.95
98.95
98.95
98.95
98.95
