95.30
95.30
95.30
95.30
95.30
95.30
95.30
95.30
93.03
93.03
93.03
93.03
93.03
93.03
93.03
93.03
92.70
92.70
92.70
92.70
92.70
92.70
92.70
92.70
92.22
92.22
92.22
92.22
92.22
92.22
92.22
92.22
92.22
91.01
91.01
91.01
91.01
91.01
90.56
90.56
90.56
90.56
90.56
90.56
90.56
90.56
91.02
91.02
91.02
91.02
91.02
91.02
91.02
91.02
91.02
91.02
91.02
90.13
90.13
90.13
90.13
90.13
90.13
90.13
90.13
87.18
87.18
87.18
87.18
86.97
86.97
86.97
86.97
88.01
88.01
88.01
88.01
88.01
88.01
88.01
88.01
88.01
88.63
88.63
88.63
88.63
88.63
88.63
88.63
88.63
87.90
87.90
87.90
87.90
87.90
87.90
88.85
88.85
88.85
88.85
88.85
88.85
88.85
88.85
87.64
87.64
87.64
87.64
87.82
87.82
87.82
87.82
87.82
87.82
92.89
92.89
92.89
92.89
92.89
92.89
92.89
92.89
92.89
92.89
92.89
89.15
89.15
89.15
89.15
89.15
89.15
89.15
89.15
88.97
88.97
88.97
88.97
88.97
88.97
88.97
88.97
88.97
93.99
93.99
93.99
93.99
93.99
93.99
94.22
94.22
94.22
94.22
94.22
94.22
94.22
94.22
94.38
94.38
94.38
94.38
95.77
95.77
95.77
95.77
95.77
95.77
95.77
95.77
97.71
97.71
97.71
97.71
97.71
97.71
97.71
97.71
97.71
97.71
97.71
97.71
97.71
97.71
