97.15
97.15
97.15
97.15
97.15
97.15
97.15
95.27
95.27
95.27
95.27
95.27
95.27
95.27
95.27
95.27
93.37
93.37
93.37
93.37
93.37
93.37
93.37
93.37
93.37
91.17
91.17
91.17
91.17
91.17
91.17
91.17
91.17
91.17
93.60
93.60
93.60
93.60
93.60
89.38
89.38
89.38
89.38
89.38
89.38
89.38
89.38
89.38
85.39
85.39
85.39
85.39
88.94
88.94
88.94
88.94
88.94
88.94
88.94
88.94
88.94
88.94
88.94
94.43
94.43
94.43
94.43
94.43
94.43
94.43
94.43
95.97
95.97
95.97
95.97
95.97
97.61
97.61
97.61
97.61
97.61
97.61
97.61
97.37
97.37
97.37
97.37
97.63
97.63
97.63
97.63
97.63
98.31
98.31
98.31
98.31
98.31
98.31
98.31
98.31
98.31
98.41
98.41
98.41
98.41
98.41
98.41
98.41
98.23
98.23
98.23
98.23
98.23
98.23
98.23
98.23
98.23
98.42
98.42
98.42
98.42
98.42
98.42
98.42
98.15
98.15
98.15
98.15
98.15
98.15
98.15
98.15
98.15
98.15
98.15
98.15
98.15
98.15
97.09
97.09
97.09
97.09
97.09
97.09
97.09
97.09
97.09
97.43
97.43
97.43
97.43
97.43
97.43
97.43
97.43
94.77
94.77
94.77
94.77
94.77
94.77
94.77
94.77
91.62
91.62
91.62
91.62
91.62
91.62
91.62
91.62
95.88
95.88
95.88
95.88
95.88
95.88
95.88
95.88
95.88
95.88
95.88
98.11
98.11
98.11
98.11
98.11
98.11
98.11
98.11
98.11
98.11
98.11
98.11
98.34
98.34
98.34
98.34
98.34
98.34
98.34
98.34
98.34
98.51
98.51
98.51
98.51
98.51
98.51
98.51
98.51
97.62
97.62
97.62
97.62
97.62
97.62
97.62
97.62
97.09
97.09
97.09
97.09
97.09
97.09
97.09
97.09
97.09
97.09
97.09
96.58
96.58
96.58
96.58
96.58
96.58
96.58
91.26
91.26
91.26
91.26
91.26
91.26
91.26
91.26
91.26
91.26
