89.06
89.06
89.06
89.06
91.69
91.69
91.69
91.69
91.69
91.69
91.69
91.69
91.51
91.51
91.51
91.51
91.51
91.51
92.93
92.93
92.93
92.93
92.93
92.93
92.93
92.93
93.82
93.82
93.82
93.82
93.82
93.82
93.82
93.82
93.82
93.82
91.86
91.86
91.86
91.86
91.86
91.28
91.28
91.28
91.28
91.28
91.28
90.68
90.68
90.68
90.68
90.68
90.68
90.68
90.68
90.70
90.70
90.70
90.70
90.70
90.70
90.70
90.70
90.81
90.81
90.81
90.81
90.81
90.81
90.81
90.81
90.81
89.82
89.82
89.82
89.82
89.82
89.82
89.82
89.82
90.04
90.04
90.04
90.04
90.04
90.04
90.04
88.91
88.91
88.91
88.91
88.91
88.91
88.91
87.86
87.86
87.86
87.86
92.60
92.60
92.60
92.60
92.60
92.60
92.60
94.03
94.03
94.03
94.03
94.03
94.03
94.03
94.03
94.03
93.84
93.84
93.84
93.84
93.84
93.84
93.84
93.84
93.68
93.68
93.68
93.68
93.68
93.00
93.00
93.00
93.00
93.00
93.00
93.00
93.09
93.09
93.09
93.09
93.09
93.09
90.40
90.40
90.40
90.40
90.40
90.40
90.40
91.95
91.95
91.95
91.95
91.95
91.95
91.95
91.95
91.95
92.76
92.76
92.76
92.76
92.76
92.76
92.76
92.76
92.76
93.53
93.53
93.53
93.53
93.53
93.53
93.53
93.80
93.80
93.80
93.80
93.80
93.80
93.80
93.80
92.43
92.43
92.43
92.43
92.43
92.46
92.46
92.46
92.46
92.46
91.66
91.66
91.66
91.66
91.66
91.66
91.66
