96.70
96.70
96.70
96.70
96.70
96.70
96.70
96.70
96.70
97.37
97.37
97.37
97.37
97.37
97.37
97.37
98.28
98.28
98.28
98.28
98.28
98.28
98.28
98.28
98.28
98.58
98.58
98.58
98.58
98.58
98.58
98.58
98.58
98.66
98.66
98.66
98.66
98.66
98.66
98.66
98.74
98.74
98.74
98.74
98.74
98.74
98.74
98.74
98.74
98.74
98.74
98.61
98.61
98.61
98.61
98.61
98.61
98.61
98.61
98.61
98.42
98.42
98.42
98.42
98.42
98.42
98.42
98.42
98.42
98.17
98.17
98.17
98.17
98.17
98.17
98.17
98.17
98.17
91.70
91.70
91.70
91.70
91.70
91.70
91.70
95.25
95.25
95.25
95.25
95.25
95.25
95.25
95.25
98.47
98.47
98.47
98.47
98.47
98.47
98.47
98.47
97.99
97.99
97.99
97.99
97.99
97.99
97.99
97.99
97.99
98.05
98.05
98.05
98.05
98.05
98.05
98.05
98.05
98.57
98.57
98.57
98.57
98.57
98.74
98.74
98.74
98.74
98.74
98.74
98.74
98.74
98.20
98.20
98.20
98.20
98.20
98.20
98.20
98.20
98.20
98.36
98.36
98.36
98.36
98.36
98.51
98.51
98.51
98.51
98.51
98.61
98.61
98.61
98.61
98.61
98.61
98.61
98.61
98.03
98.03
98.03
98.03
98.03
98.03
98.03
97.83
97.83
97.83
97.83
97.83
97.83
97.83
96.60
96.60
96.60
96.60
97.88
97.88
97.88
97.88
97.88
97.88
97.88
97.88
97.88
97.86
97.86
97.86
97.86
98.71
98.71
98.71
98.71
98.71
98.71
98.71
98.82
98.82
98.82
98.82
98.82
98.82
98.82
98.82
98.93
98.93
98.93
98.93
98.93
98.93
98.93
98.93
98.92
98.92
98.92
98.92
98.92
98.92
98.92
98.92
98.92
98.92
98.92
98.87
98.87
98.87
98.87
98.87
98.87
98.87
98.87
98.60
98.60
98.60
98.60
98.60
98.60
98.60
98.60
98.60
98.60
98.60
98.60
98.60
98.60
