98.02
98.02
98.02
98.02
98.63
98.63
98.63
98.63
98.63
98.63
98.63
98.67
98.67
98.67
98.67
98.67
98.67
98.67
98.67
98.67
98.84
98.84
98.84
98.84
98.84
98.84
98.84
98.82
98.82
98.82
98.82
98.82
98.82
98.82
98.82
98.82
98.82
98.80
98.80
98.80
98.80
98.80
98.80
98.80
98.80
98.80
98.80
98.80
98.81
98.81
98.81
98.81
98.81
98.81
98.81
98.81
98.76
98.76
98.76
98.76
98.76
98.76
98.76
98.57
98.57
98.57
98.57
98.55
98.55
98.55
98.55
98.55
98.55
98.55
97.19
97.19
97.19
97.19
97.19
97.19
97.19
97.19
96.44
96.44
96.44
96.44
96.44
96.44
96.44
97.43
97.43
97.43
97.43
97.43
97.43
97.97
97.97
97.97
97.97
97.97
97.97
97.97
97.97
98.42
98.42
98.42
98.42
98.42
98.42
98.42
98.42
98.88
98.88
98.88
98.88
98.88
98.88
98.88
98.82
98.82
98.82
98.82
98.82
98.82
98.82
98.82
98.82
98.82
98.87
98.87
98.87
98.87
98.87
98.87
98.87
98.87
98.72
98.72
98.72
98.72
98.72
98.72
98.72
98.72
98.72
98.65
98.65
98.65
98.65
98.65
98.87
98.87
98.87
98.87
98.87
98.87
98.87
98.82
98.82
98.82
98.82
98.82
98.82
98.82
98.82
98.82
98.68
98.68
98.68
98.68
98.68
98.68
98.68
98.68
98.48
98.48
98.48
98.48
98.48
98.48
98.48
97.14
97.14
97.14
97.14
97.14
97.14
97.14
97.14
94.88
94.88
94.88
94.88
94.88
94.88
94.88
94.88
94.88
93.88
93.88
93.88
93.88
93.88
93.88
93.88
93.88
96.23
96.23
96.23
96.23
96.23
96.23
96.23
96.23
96.23
96.23
96.23
97.06
97.06
97.06
97.06
97.06
97.06
97.06
97.06
97.06
98.21
98.21
98.21
98.21
98.21
98.21
98.21
98.34
98.34
98.34
98.34
98.34
98.34
98.34
98.63
98.63
98.63
98.63
98.63
98.63
98.63
98.63
98.63
98.54
98.54
98.54
98.54
98.54
98.54
98.54
98.54
98.51
98.51
98.51
98.51
98.51
98.51
98.51
98.51
98.51
98.63
98.63
98.63
98.63
98.63
98.63
98.63
98.68
98.68
98.68
98.68
98.68
98.68
98.68
98.68
98.70
98.70
98.70
98.70
98.70
98.70
