51.79
51.79
51.79
51.79
51.79
51.79
51.79
51.79
51.79
51.79
72.49
72.49
72.49
72.49
72.49
72.49
72.49
89.96
89.96
89.96
89.96
89.96
89.96
89.96
89.96
89.96
96.55
96.55
96.55
96.55
96.55
96.55
96.55
96.95
96.95
96.95
96.95
96.95
96.95
96.95
96.95
97.51
97.51
97.51
97.51
97.51
97.51
97.51
98.22
98.22
98.22
98.22
98.22
98.22
98.22
98.22
98.22
98.56
98.56
98.56
98.56
98.56
98.56
98.56
98.27
98.27
98.27
98.27
98.27
98.27
98.27
98.27
98.27
98.31
98.31
98.31
98.31
98.31
98.31
98.31
98.31
98.65
98.65
98.65
98.65
98.65
98.57
98.57
98.57
98.57
98.57
98.57
98.57
98.57
98.57
98.36
98.36
98.36
98.36
98.36
98.36
98.36
98.36
98.46
98.46
98.46
98.46
98.46
98.46
98.46
98.46
98.46
98.61
98.61
98.61
98.61
98.61
98.61
98.61
98.61
98.46
98.46
98.46
98.46
98.63
98.63
98.63
98.63
98.63
98.69
98.69
98.69
98.69
98.69
98.69
98.69
98.69
98.69
98.69
98.69
98.86
98.86
98.86
98.86
98.86
98.86
98.86
98.89
98.89
98.89
98.89
98.89
98.89
98.89
98.89
98.89
98.89
98.89
98.89
98.89
98.89
98.89
98.89
98.74
98.74
98.74
98.74
98.74
98.74
98.74
98.74
98.74
98.74
98.74
98.74
98.74
98.74
98.74
98.74
98.74
98.38
98.38
98.38
98.38
98.38
98.38
98.38
98.38
98.54
98.54
98.54
98.54
98.54
98.54
98.54
98.54
98.47
98.47
98.47
98.47
98.47
98.47
98.47
98.47
97.82
97.82
97.82
97.82
97.82
97.82
97.82
97.82
97.72
97.72
97.72
97.72
97.72
97.72
97.75
97.75
97.75
97.75
98.08
98.08
98.08
98.08
98.08
98.08
98.08
98.08
98.08
98.25
98.25
98.25
98.25
98.25
98.25
98.25
98.25
97.67
97.67
97.67
97.67
97.67
97.67
97.67
97.67
97.66
97.66
97.66
97.66
97.66
97.66
97.66
97.66
97.66
98.41
98.41
98.41
98.41
98.41
98.41
98.69
98.69
98.69
98.69
98.69
98.69
98.69
98.69
98.69
98.69
98.69
98.61
98.61
98.61
98.61
98.61
98.61
98.61
98.61
98.61
98.61
98.61
98.68
98.68
98.68
98.68
98.68
98.68
98.68
98.73
98.73
98.73
98.73
98.73
98.73
98.73
98.73
98.73
98.78
98.78
98.78
98.78
98.78
98.78
98.78
98.78
98.78
98.87
98.87
98.87
98.87
98.87
98.87
98.87
98.87
98.87
98.87
98.87
98.93
98.93
98.93
98.93
98.93
98.93
98.93
98.93
98.93
98.93
98.93
98.87
98.87
98.87
98.87
98.87
98.87
98.87
98.92
98.92
98.92
98.92
98.92
98.92
98.92
98.92
98.83
98.83
98.83
98.83
98.83
98.83
98.83
98.83
98.83
98.83
98.83
98.83
98.83
98.83
98.92
98.92
98.92
98.92
98.92
98.92
98.92
