89.71
89.71
89.71
89.71
89.71
89.71
89.71
89.71
89.71
89.55
89.55
89.55
89.55
89.55
89.55
89.55
93.52
93.52
93.52
93.52
93.52
93.52
93.52
93.52
93.52
96.51
96.51
96.51
96.51
96.51
96.51
96.51
96.51
96.51
96.97
96.97
96.97
96.97
96.97
96.97
96.97
96.97
97.98
97.98
97.98
97.98
97.98
97.98
97.98
97.65
97.65
97.65
97.65
98.53
98.53
98.53
98.53
98.53
98.53
98.53
98.80
98.80
98.80
98.80
98.80
98.85
98.85
98.85
98.85
98.85
98.85
98.85
98.85
98.85
98.85
98.85
98.80
98.80
98.80
98.80
98.80
98.80
98.80
98.88
98.88
98.88
98.88
98.88
98.88
98.88
98.88
98.82
98.82
98.82
98.82
98.82
98.82
98.82
98.82
98.82
98.82
98.82
98.82
98.73
98.73
98.73
98.73
98.73
98.73
98.73
98.61
98.61
98.61
98.61
98.61
98.61
98.61
98.61
98.61
98.61
98.61
98.61
97.88
97.88
97.88
97.88
97.88
97.88
97.88
97.91
97.91
97.91
97.91
97.91
97.91
97.91
97.91
98.27
98.27
98.27
98.27
98.27
98.27
98.27
98.27
98.27
98.30
98.30
98.30
98.30
98.30
98.30
98.30
98.33
98.33
98.33
98.33
98.33
98.33
98.33
98.33
98.33
98.33
98.33
98.57
98.57
98.57
98.57
98.57
98.57
98.57
98.57
98.57
98.57
98.81
98.81
98.81
98.81
98.81
98.81
98.81
98.81
98.83
98.83
98.83
98.83
98.83
98.83
98.83
98.75
98.75
98.75
98.75
98.75
98.64
98.64
98.64
98.64
98.64
98.64
98.64
98.64
98.64
98.64
97.79
97.79
97.79
97.79
97.79
97.79
97.79
97.79
97.79
97.25
97.25
97.25
97.25
97.25
97.25
97.25
97.25
97.25
97.25
97.25
96.99
96.99
96.99
96.99
97.33
97.33
97.33
97.33
97.33
97.33
97.33
97.33
95.24
95.24
95.24
95.24
95.24
95.24
95.24
95.24
95.24
95.35
95.35
95.35
95.35
