98.88
98.88
98.88
98.88
98.88
98.87
98.87
98.87
98.87
98.87
98.87
98.87
98.87
98.91
98.91
98.91
98.91
98.91
98.91
98.91
98.93
98.93
98.93
98.93
98.93
98.93
98.93
98.93
98.95
98.95
98.95
98.95
98.95
98.95
98.95
98.95
98.88
98.88
98.88
98.88
98.90
98.90
98.90
98.90
98.90
98.90
98.91
98.91
98.91
98.91
98.91
98.91
98.91
98.91
98.88
98.88
98.88
98.88
98.88
98.88
98.88
98.88
98.88
98.88
98.90
98.90
98.90
98.90
98.90
98.90
98.90
98.86
98.86
98.86
98.86
98.86
98.86
98.86
98.86
98.86
98.86
98.86
98.79
98.79
98.79
98.79
98.79
98.79
98.79
98.79
98.00
98.00
98.00
98.00
98.00
98.00
98.00
98.13
98.13
98.13
98.13
98.13
98.13
98.13
98.13
98.13
98.14
98.14
98.14
98.14
98.14
97.57
97.57
97.57
97.57
97.57
98.53
98.53
98.53
98.53
98.53
98.53
98.40
98.40
98.40
98.40
98.40
98.40
98.40
98.40
98.50
98.50
98.50
98.50
98.50
98.50
98.50
98.50
98.31
98.31
98.31
98.31
98.31
98.31
98.66
98.66
98.66
98.66
98.66
98.66
98.66
98.79
98.79
98.79
98.79
98.79
98.79
98.79
98.79
98.79
98.79
98.79
98.88
98.88
98.88
98.88
98.88
98.88
98.88
98.88
98.88
98.92
98.92
98.92
98.92
98.92
98.92
98.92
98.85
98.85
98.85
98.85
98.85
98.85
98.85
98.85
98.85
98.85
98.85
98.85
98.84
98.84
98.84
98.84
98.84
98.84
98.84
98.85
98.85
98.85
98.85
98.85
98.85
98.85
98.85
98.85
98.85
98.85
98.94
98.94
98.94
98.94
98.94
98.93
98.93
98.93
98.93
98.93
98.93
98.93
98.93
98.87
98.87
98.87
98.87
98.87
98.91
98.91
98.91
98.91
98.91
98.91
98.91
98.91
98.90
98.90
98.90
98.90
98.90
98.90
98.90
98.90
98.90
98.90
98.74
98.74
98.74
98.74
98.74
98.74
98.74
98.74
98.74
98.72
98.72
98.72
98.72
98.72
98.72
98.72
98.72
98.72
98.80
98.80
98.80
98.80
98.80
98.80
98.80
