98.70
98.70
98.70
98.70
98.70
98.70
98.70
98.70
98.39
98.39
98.39
98.39
98.39
98.39
98.39
98.39
98.22
98.22
98.22
98.22
98.22
98.22
98.22
98.22
98.55
98.55
98.55
98.55
98.55
98.55
98.55
98.55
98.67
98.67
98.67
98.67
98.67
98.67
98.67
98.67
97.25
97.25
97.25
97.25
92.94
92.94
92.94
92.94
92.94
91.35
91.35
91.35
91.35
91.35
91.35
91.35
91.35
96.10
96.10
96.10
96.10
95.57
95.57
95.57
95.57
95.57
96.36
96.36
96.36
96.36
96.36
96.36
96.36
96.36
96.36
96.36
96.36
96.36
96.36
96.36
96.01
96.01
96.01
96.01
96.01
96.01
96.01
92.50
92.50
92.50
92.50
92.50
92.50
92.00
92.00
92.00
92.00
97.69
97.69
97.69
97.69
97.69
98.30
98.30
98.30
98.30
98.30
98.30
98.30
98.30
98.13
98.13
98.13
98.13
98.13
98.13
97.93
97.93
97.93
97.93
98.61
98.61
98.61
98.61
98.61
98.61
98.61
98.61
98.79
98.79
98.79
98.79
98.79
98.79
98.79
98.71
98.71
98.71
98.71
98.71
98.71
98.71
98.54
98.54
98.54
98.54
98.54
98.72
98.72
98.72
98.72
98.72
98.72
97.09
97.09
97.09
97.09
97.09
97.09
97.09
97.23
97.23
97.23
97.23
97.23
97.23
94.72
94.72
94.72
94.72
94.72
94.72
94.72
91.00
91.00
91.00
91.00
91.00
91.00
91.00
91.00
88.72
88.72
88.72
88.72
88.72
88.72
88.72
88.72
96.50
96.50
96.50
96.50
96.50
96.50
96.50
97.33
97.33
97.33
97.33
97.33
97.33
97.33
97.33
97.94
97.94
97.94
97.94
97.94
97.94
97.94
97.94
97.94
97.94
97.94
97.94
98.12
98.12
98.12
98.12
98.12
98.12
98.12
98.12
98.12
98.12
98.12
98.46
98.46
98.46
98.46
98.46
98.46
98.46
98.46
98.46
98.46
98.46
98.46
98.81
98.81
98.81
98.81
98.81
98.81
98.81
98.84
98.84
98.84
98.84
98.84
98.84
98.84
98.84
98.84
98.84
98.84
98.84
98.84
98.84
98.88
98.88
98.88
98.88
98.88
98.88
98.88
98.88
98.88
98.88
98.88
98.88
98.88
98.88
98.88
98.88
98.88
98.88
98.64
98.64
98.64
98.64
98.64
98.64
98.64
98.64
98.69
98.69
98.69
98.69
98.69
98.69
