98.29
98.29
98.29
98.29
98.29
97.76
97.76
97.76
97.76
97.76
97.76
97.76
97.76
98.01
98.01
98.01
98.01
98.01
98.01
98.01
97.12
97.12
97.12
97.12
97.12
97.12
97.12
97.12
97.12
97.12
96.08
96.08
96.08
96.08
95.50
95.50
95.50
95.50
95.50
95.50
95.50
95.50
95.50
95.19
95.19
95.19
95.19
95.19
95.19
95.19
95.19
89.48
89.48
89.48
89.48
89.48
89.48
89.48
89.48
89.48
77.27
77.27
77.27
77.27
77.27
77.27
77.27
77.27
77.27
81.80
81.80
81.80
81.80
81.80
81.80
81.80
81.80
84.18
84.18
84.18
84.18
84.18
84.18
84.18
80.86
80.86
80.86
80.86
80.86
80.86
80.86
80.86
89.86
89.86
89.86
89.86
89.86
89.86
89.86
89.86
89.86
89.86
89.86
93.91
93.91
93.91
93.91
93.91
96.24
96.24
96.24
96.24
96.24
96.24
96.24
97.17
97.17
97.17
97.17
