90.16
90.16
90.16
90.16
90.16
90.16
90.16
90.16
90.16
88.90
88.90
88.90
88.90
88.90
87.55
87.55
87.55
87.55
87.55
87.55
87.55
87.55
87.55
87.55
80.85
80.85
80.85
80.85
80.85
80.85
80.85
80.85
80.85
80.85
84.03
84.03
84.03
84.03
84.03
84.03
84.03
84.03
84.03
84.03
84.03
84.01
84.01
84.01
84.01
84.01
84.01
84.01
84.01
84.61
84.61
84.61
84.61
84.61
84.61
84.61
86.49
86.49
86.49
86.49
86.49
86.49
86.49
86.49
86.38
86.38
86.38
86.38
86.38
85.54
85.54
85.54
85.54
85.54
85.54
85.54
85.54
85.54
86.85
86.85
86.85
86.85
86.85
86.66
86.66
86.66
86.66
86.66
86.66
86.66
86.66
87.83
87.83
87.83
87.83
87.83
88.15
88.15
88.15
88.15
88.15
88.15
88.15
88.15
89.65
89.65
89.65
89.65
89.65
89.65
89.65
89.65
89.65
91.75
91.75
91.75
91.75
91.75
91.75
91.75
91.75
91.16
91.16
91.16
91.16
91.16
91.16
91.16
89.60
89.60
89.60
89.60
89.60
89.60
89.60
89.60
89.00
89.00
89.00
89.00
92.57
92.57
92.57
92.57
92.57
92.57
92.57
92.57
92.57
92.57
92.57
94.25
94.25
94.25
94.25
94.25
94.25
94.25
94.25
94.25
94.25
94.25
94.55
94.55
94.55
94.55
94.55
94.55
94.55
94.55
94.55
94.55
94.55
94.55
96.00
96.00
96.00
96.00
96.00
96.00
96.00
96.00
96.00
96.00
96.00
96.00
96.07
96.07
96.07
96.07
96.07
97.45
97.45
97.45
97.45
97.45
97.45
97.45
97.45
97.45
98.25
98.25
98.25
98.25
98.25
98.25
98.25
98.30
98.30
98.30
98.30
98.30
98.32
98.32
98.32
98.32
98.32
98.32
98.08
98.08
98.08
98.08
98.08
98.08
98.08
98.25
98.25
98.25
98.25
98.25
98.25
98.25
98.08
98.08
98.08
98.08
98.08
98.08
98.08
98.08
97.97
97.97
97.97
97.97
97.97
97.71
97.71
97.71
97.71
96.70
96.70
96.70
96.70
96.70
96.70
96.70
97.48
97.48
97.48
97.48
97.48
97.48
97.48
97.48
97.48
95.77
95.77
95.77
95.77
95.77
95.77
95.77
94.28
94.28
94.28
94.28
94.28
94.28
94.28
93.79
93.79
93.79
93.79
93.79
93.79
93.79
93.79
93.79
93.79
93.79
93.79
91.46
91.46
91.46
91.46
91.46
91.46
89.99
89.99
89.99
89.99
89.99
89.99
89.99
89.99
