43.64
43.64
43.64
43.64
43.64
43.64
43.64
43.64
47.12
47.12
47.12
47.12
47.12
47.12
47.12
47.12
47.12
47.12
47.12
50.05
50.05
50.05
50.05
50.05
59.86
59.86
59.86
59.86
59.86
59.86
59.86
59.86
59.86
59.86
59.86
68.65
68.65
68.65
68.65
68.65
68.65
78.75
78.75
78.75
78.75
78.75
78.75
78.75
78.75
77.50
77.50
77.50
77.50
77.50
77.50
81.65
81.65
81.65
81.65
81.65
81.65
81.65
81.65
77.81
77.81
77.81
77.81
77.81
77.81
77.81
72.24
72.24
72.24
72.24
72.24
72.24
72.24
74.31
74.31
74.31
74.31
74.31
74.31
74.31
77.59
77.59
77.59
77.59
77.59
77.59
77.59
77.59
77.59
86.81
86.81
86.81
86.81
86.81
86.81
86.81
86.81
86.81
93.07
93.07
93.07
93.07
93.07
93.07
93.07
93.07
94.66
94.66
94.66
94.66
94.66
94.66
94.66
94.66
94.70
94.70
94.70
94.70
94.70
94.70
94.70
94.70
94.70
96.56
96.56
96.56
96.56
96.56
96.56
96.56
96.56
96.56
96.80
96.80
96.80
96.80
96.80
96.71
96.71
96.71
96.71
96.71
96.71
96.71
96.71
96.71
96.20
96.20
96.20
96.20
97.07
97.07
97.07
97.07
97.07
97.07
97.07
97.07
97.07
97.85
97.85
97.85
97.85
97.85
97.85
97.85
97.19
97.19
97.19
97.19
97.19
96.90
96.90
96.90
96.90
96.90
96.90
96.90
96.90
96.90
96.90
96.90
96.90
96.50
96.50
96.50
96.50
96.50
96.50
96.50
96.50
95.59
95.59
95.59
95.59
95.59
95.59
95.59
95.40
95.40
95.40
95.40
95.40
95.40
95.47
95.47
95.47
95.47
95.47
95.47
95.47
95.47
95.47
94.05
94.05
94.05
94.05
94.05
94.05
94.05
94.05
94.05
94.05
94.05
94.31
94.31
94.31
94.31
94.31
94.31
94.31
91.34
91.34
91.34
91.34
91.34
91.34
91.34
91.34
90.79
90.79
90.79
90.79
90.79
90.79
91.29
91.29
91.29
91.29
91.29
91.29
91.29
91.57
91.57
91.57
91.57
91.57
91.57
91.57
91.57
91.57
91.44
91.44
91.44
91.44
91.44
91.44
91.44
91.44
91.15
91.15
91.15
91.15
91.15
91.15
91.15
91.15
91.15
