81.27
81.27
81.27
81.27
81.27
81.27
78.36
78.36
78.36
78.36
78.36
78.36
78.36
78.36
78.36
77.51
77.51
77.51
77.51
79.66
79.66
79.66
79.66
79.66
83.39
83.39
83.39
83.39
86.59
86.59
86.59
86.59
86.59
86.59
86.59
86.59
86.59
88.89
88.89
88.89
88.89
88.89
88.89
88.89
88.89
90.68
90.68
90.68
90.68
90.68
90.68
90.68
90.68
90.68
92.34
92.34
92.34
92.34
92.34
92.34
92.34
92.34
92.34
95.35
95.35
95.35
95.35
95.35
95.35
95.35
95.35
95.35
95.35
95.35
95.11
95.11
95.11
95.11
95.11
95.11
95.11
95.11
94.55
94.55
94.55
94.55
94.55
94.55
94.55
94.55
94.68
94.68
94.68
94.68
94.68
94.68
94.68
94.68
94.68
96.58
96.58
96.58
96.58
96.58
96.58
96.58
96.58
96.58
96.58
96.58
96.79
96.79
96.79
96.79
96.79
96.79
96.79
96.79
96.78
96.78
96.78
96.78
97.92
97.92
97.92
97.92
97.92
97.92
97.92
97.92
97.92
97.61
97.61
97.61
97.61
97.98
97.98
97.98
97.98
97.98
97.98
97.98
97.98
96.71
96.71
96.71
96.71
96.71
96.71
96.71
96.71
96.71
97.06
97.06
97.06
97.06
97.06
97.06
97.06
97.06
97.06
97.06
98.36
98.36
98.36
98.36
98.36
98.36
98.36
