98.73
98.73
98.73
98.73
98.73
98.73
98.73
98.73
98.66
98.66
98.66
98.66
98.66
98.66
98.66
98.66
98.67
98.67
98.67
98.67
98.67
98.67
98.67
98.67
98.30
98.30
98.30
98.30
98.30
98.30
98.30
98.30
97.79
97.79
97.79
97.79
97.79
97.79
97.79
97.79
97.19
97.19
97.19
97.19
97.19
97.19
97.19
97.19
97.19
95.91
95.91
95.91
95.91
95.91
95.91
95.91
95.09
95.09
95.09
95.09
95.09
95.09
95.09
95.09
95.09
95.09
95.98
95.98
95.98
95.98
95.98
95.98
95.87
95.87
95.87
95.87
95.87
95.87
95.87
97.13
97.13
97.13
97.13
97.13
97.13
97.13
97.13
97.13
97.13
97.13
97.31
97.31
97.31
97.31
97.31
97.31
97.31
97.31
97.31
97.31
97.31
97.31
97.76
97.76
97.76
97.76
97.76
97.76
97.76
97.76
97.76
97.76
97.76
97.79
97.79
97.79
97.79
97.79
97.49
97.49
97.49
97.49
97.49
97.20
97.20
97.20
97.20
97.20
97.20
97.20
97.20
97.20
97.44
97.44
97.44
97.44
97.44
97.44
97.44
97.44
97.44
97.44
97.32
97.32
97.32
97.32
97.80
97.80
97.80
97.80
97.80
97.80
97.80
97.79
97.79
97.79
97.79
97.79
97.79
98.11
98.11
98.11
98.11
98.11
98.11
98.11
98.01
98.01
98.01
98.01
98.01
98.01
98.16
98.16
98.16
98.16
98.20
98.20
98.20
98.20
98.20
98.20
98.20
98.20
98.64
98.64
98.64
98.64
98.64
98.58
98.58
98.58
98.58
98.58
98.58
98.58
98.58
98.58
98.58
98.58
