98.09
98.09
98.09
98.09
98.09
98.09
98.36
98.36
98.36
98.36
98.36
98.36
98.36
98.36
98.36
98.36
98.36
98.58
98.58
98.58
98.58
98.58
98.58
98.58
98.58
98.58
98.77
98.77
98.77
98.77
98.77
98.77
98.77
98.77
98.71
98.71
98.71
98.71
98.71
98.71
98.71
98.62
98.62
98.62
98.62
98.62
98.62
98.62
98.62
98.59
98.59
98.59
98.59
98.59
98.59
98.59
98.59
98.74
98.74
98.74
98.74
98.74
98.74
98.74
98.74
98.58
98.58
98.58
98.58
98.58
98.58
98.58
98.58
98.41
98.41
98.41
98.41
98.41
98.41
98.41
98.41
98.41
98.41
98.41
98.60
98.60
98.60
98.60
98.60
98.54
98.54
98.54
98.54
98.54
98.54
98.54
97.92
97.92
97.92
97.92
98.43
98.43
98.43
98.43
98.43
98.43
98.43
98.43
98.43
98.03
98.03
98.03
98.03
98.51
98.51
98.51
98.51
98.51
98.51
98.51
98.51
98.51
98.51
98.51
98.68
98.68
98.68
98.68
98.68
98.68
98.68
98.68
98.80
98.80
98.80
98.80
98.80
98.80
98.80
98.80
98.56
98.56
98.56
98.56
98.41
98.41
98.41
98.41
98.41
98.41
98.41
98.41
98.41
98.41
98.41
97.34
97.34
97.34
97.34
97.34
97.34
97.34
91.32
91.32
91.32
91.32
91.32
91.32
91.32
91.32
91.32
91.32
