97.30
97.30
97.30
97.30
97.30
97.30
97.30
97.30
97.30
97.30
97.30
98.40
98.40
98.40
98.40
98.40
98.40
98.40
98.40
98.50
98.50
98.50
98.50
98.50
98.50
98.50
98.50
98.01
98.01
98.01
98.01
98.01
98.01
98.01
97.24
97.24
97.24
97.24
97.24
97.24
97.24
97.24
97.24
97.28
97.28
97.28
97.28
97.28
97.28
97.28
97.28
95.29
95.29
95.29
95.29
95.29
95.29
95.29
92.29
92.29
92.29
92.29
92.29
92.29
92.77
92.77
92.77
92.77
92.77
92.77
86.63
86.63
86.63
86.63
86.63
86.63
86.63
86.63
86.63
87.47
87.47
87.47
87.47
87.47
87.47
87.47
95.74
95.74
95.74
95.74
95.74
95.74
95.74
95.74
95.74
95.74
95.74
97.27
97.27
97.27
97.27
97.27
98.16
98.16
98.16
98.16
98.16
98.16
96.72
96.72
96.72
96.72
96.72
96.72
96.72
95.59
95.59
95.59
95.59
95.59
95.59
95.59
95.59
95.59
95.59
95.59
95.59
95.59
95.59
96.61
96.61
96.61
96.61
96.61
96.59
96.59
96.59
96.59
98.08
98.08
98.08
98.08
98.08
