98.70
98.70
98.70
98.70
98.70
98.89
98.89
98.89
98.89
98.89
98.89
98.89
98.89
98.74
98.74
98.74
98.74
98.74
98.74
98.74
98.74
98.80
98.80
98.80
98.80
98.80
98.80
98.80
98.80
98.75
98.75
98.75
98.75
98.75
98.75
98.75
98.75
98.51
98.51
98.51
98.51
98.51
98.51
98.51
98.51
97.87
97.87
97.87
97.87
97.87
97.87
97.87
97.87
97.67
97.67
97.67
97.67
97.67
97.67
97.67
97.67
97.02
97.02
97.02
97.02
97.02
97.02
97.02
97.02
95.55
95.55
95.55
95.55
95.55
95.55
95.55
95.55
96.28
96.28
96.28
96.28
96.28
96.28
96.28
96.28
97.22
97.22
97.22
97.22
97.22
97.22
97.22
98.18
98.18
98.18
98.18
98.18
98.18
98.18
98.18
98.18
98.22
98.22
98.22
98.22
98.22
98.22
98.22
97.61
97.61
97.61
97.61
97.61
97.61
97.61
97.61
97.24
97.24
97.24
97.24
97.24
97.17
97.17
97.17
97.17
97.17
97.17
96.51
96.51
96.51
96.51
96.51
96.51
96.51
96.51
96.51
97.68
97.68
97.68
97.68
97.68
97.68
97.68
97.68
97.68
97.68
97.68
97.42
97.42
97.42
97.42
97.42
97.42
97.42
97.42
97.42
97.42
97.42
97.21
97.21
97.21
97.21
97.21
97.21
97.55
97.55
97.55
97.55
97.55
97.55
97.55
97.55
97.13
97.13
97.13
97.13
97.13
97.13
97.13
97.13
97.13
97.13
96.72
96.72
96.72
96.72
96.72
96.72
96.72
96.72
96.72
96.03
96.03
96.03
96.03
96.03
96.03
96.03
96.03
96.03
96.03
96.03
96.03
96.50
96.50
96.50
96.50
96.50
96.50
96.99
96.99
96.99
96.99
96.99
96.99
96.99
98.02
98.02
98.02
98.02
98.02
98.02
98.02
98.02
98.02
98.02
98.02
97.79
97.79
97.79
97.79
97.79
97.79
97.79
97.79
97.81
97.81
97.81
97.81
97.80
97.80
97.80
97.80
97.80
97.80
97.80
97.80
98.21
98.21
98.21
98.21
98.21
98.21
98.21
98.42
98.42
98.42
98.42
98.42
98.42
98.42
97.76
97.76
97.76
97.76
97.76
97.76
97.76
