98.81
98.81
98.81
98.81
98.81
98.81
98.81
98.81
98.81
98.81
98.81
98.70
98.70
98.70
98.70
98.70
98.78
98.78
98.78
98.78
98.78
98.78
98.78
98.78
98.65
98.65
98.65
98.65
98.65
98.65
98.65
98.65
98.83
98.83
98.83
98.83
98.83
98.83
98.83
98.86
98.86
98.86
98.86
98.86
98.86
98.86
98.86
98.93
98.93
98.93
98.93
98.93
98.93
98.93
98.93
98.93
98.93
98.93
98.93
98.95
98.95
98.95
98.95
98.95
98.95
98.95
98.95
98.95
98.95
98.95
98.95
98.91
98.91
98.91
98.91
98.96
98.96
98.96
98.96
98.96
98.96
98.96
98.96
98.96
98.92
98.92
98.92
98.92
98.92
98.92
98.92
98.92
98.92
98.92
98.92
98.92
98.82
98.82
98.82
98.82
98.82
98.82
98.82
98.82
98.82
98.93
98.93
98.93
98.93
98.93
98.93
98.93
98.93
98.92
98.92
98.92
98.92
98.92
98.92
98.92
98.77
98.77
98.77
98.77
98.56
98.56
98.56
98.56
98.56
98.80
98.80
98.80
98.80
98.75
98.75
98.75
98.75
98.75
98.63
98.63
98.63
98.63
98.63
98.83
98.83
98.83
98.83
98.83
98.83
98.83
98.44
98.44
98.44
98.44
98.44
98.44
98.49
98.49
98.49
98.49
98.76
98.76
98.76
98.76
98.76
98.76
98.76
98.76
98.76
98.76
98.76
98.73
98.73
98.73
98.73
98.73
98.73
98.73
98.76
98.76
98.76
98.76
98.76
98.76
98.76
98.76
98.76
98.76
98.76
98.76
98.76
98.76
98.76
98.76
98.76
98.76
98.76
98.76
98.76
98.72
98.72
98.72
98.72
98.72
98.72
98.72
98.72
98.72
98.68
98.68
98.68
98.68
98.87
98.87
98.87
98.87
98.87
98.87
98.87
98.87
98.87
98.87
98.87
98.82
98.82
98.82
98.82
98.82
98.82
98.82
98.82
98.82
98.87
98.87
98.87
98.87
98.87
98.87
98.87
98.85
98.85
98.85
98.85
98.85
98.85
98.85
98.85
