98.71
98.71
98.71
98.71
98.83
98.83
98.83
98.83
98.83
98.83
98.83
98.83
98.83
98.80
98.80
98.80
98.80
98.80
98.80
98.80
98.80
98.84
98.84
98.84
98.84
98.84
98.84
98.84
98.84
98.84
98.84
98.84
98.41
98.41
98.41
98.41
98.39
98.39
98.39
98.39
98.39
98.45
98.45
98.45
98.45
98.45
98.45
98.45
98.45
98.45
98.37
98.37
98.37
98.37
98.37
98.37
98.37
98.37
98.37
98.37
98.37
98.37
97.38
97.38
97.38
97.38
97.38
97.38
97.38
97.38
97.38
97.05
97.05
97.05
97.05
97.05
97.05
97.05
97.05
97.05
97.05
95.05
95.05
95.05
95.05
95.05
95.05
95.05
93.66
93.66
93.66
93.66
93.66
93.66
93.66
93.66
96.09
96.09
96.09
96.09
96.09
96.09
96.09
97.58
97.58
97.58
97.58
97.58
97.58
97.58
98.26
98.26
98.26
98.26
98.26
98.26
98.26
98.26
98.26
98.20
98.20
98.20
98.20
98.20
98.20
98.38
98.38
98.38
98.38
98.38
98.38
98.38
98.38
98.38
98.36
98.36
98.36
98.36
98.36
98.36
98.36
98.36
98.36
98.45
98.45
98.45
98.45
98.45
98.45
98.45
98.45
98.45
98.45
98.45
98.45
98.45
98.45
97.00
97.00
97.00
97.00
97.00
97.00
97.73
97.73
97.73
97.73
97.73
97.73
97.73
97.19
97.19
97.19
97.19
97.19
97.19
97.19
97.19
95.39
95.39
95.39
95.39
95.39
95.39
95.39
95.33
95.33
95.33
95.33
95.33
95.33
95.33
95.33
96.54
96.54
96.54
96.54
97.76
97.76
97.76
97.76
97.76
97.76
97.76
97.76
97.76
98.07
98.07
98.07
98.07
98.07
98.07
98.07
98.07
98.07
98.21
98.21
98.21
98.21
98.21
98.21
98.21
98.21
98.21
98.21
98.21
98.34
98.34
98.34
98.34
98.34
98.34
98.34
98.53
98.53
98.53
98.53
98.53
98.53
98.53
98.53
97.60
97.60
97.60
97.60
97.60
96.77
96.77
96.77
96.77
97.76
97.76
97.76
97.76
97.76
97.76
97.76
97.91
97.91
97.91
97.91
97.91
97.91
97.91
97.91
97.91
98.07
98.07
98.07
98.07
98.07
98.07
98.07
98.07
97.10
97.10
97.10
97.10
97.10
97.10
97.10
97.10
97.10
95.84
95.84
95.84
95.84
95.84
95.84
95.84
95.84
95.84
95.84
95.84
95.39
95.39
95.39
95.39
95.39
95.39
95.39
95.39
95.39
95.18
95.18
95.18
95.18
95.18
95.18
95.18
96.48
96.48
96.48
96.48
96.48
96.48
96.48
96.48
96.48
96.48
96.48
98.25
98.25
98.25
98.25
98.25
98.25
98.25
98.48
98.48
98.48
98.48
98.48
98.48
98.48
98.48
98.48
98.46
98.46
98.46
98.46
98.46
98.46
98.46
98.46
98.46
98.46
98.46
98.46
