71.55
71.55
71.55
71.55
71.55
71.55
71.55
85.61
85.61
85.61
85.61
85.61
85.61
85.61
85.61
85.61
93.30
93.30
93.30
93.30
93.30
93.30
93.30
95.51
95.51
95.51
95.51
95.51
95.51
95.51
96.66
96.66
96.66
96.66
96.66
97.32
97.32
97.32
97.32
97.32
97.32
97.32
97.32
97.85
97.85
97.85
97.85
97.85
97.85
97.85
98.07
98.07
98.07
98.07
98.07
98.07
98.07
98.13
98.13
98.13
98.13
98.13
98.13
98.13
98.13
97.88
97.88
97.88
97.88
97.88
97.88
97.88
97.88
97.41
97.41
97.41
97.41
97.41
97.41
97.41
97.41
97.41
97.41
97.61
97.61
97.61
97.61
97.61
97.61
97.61
97.61
97.59
97.59
97.59
97.59
97.59
97.59
97.35
97.35
97.35
97.35
97.35
97.35
97.35
97.35
97.10
97.10
97.10
97.10
97.10
97.10
97.10
97.25
97.25
97.25
97.25
97.25
97.25
97.25
97.25
95.88
95.88
95.88
95.88
95.88
96.39
96.39
96.39
96.39
96.39
96.39
96.39
96.39
96.39
96.29
96.29
96.29
96.29
96.29
96.29
96.29
96.29
96.81
96.81
96.81
96.81
96.81
96.81
96.81
96.81
96.81
97.43
97.43
97.43
97.43
97.43
97.43
97.43
97.43
97.43
97.43
97.43
97.43
97.18
97.18
97.18
97.18
97.18
97.18
97.18
97.18
97.18
98.29
98.29
98.29
98.29
98.29
98.29
98.29
98.09
98.09
98.09
98.09
98.09
98.09
98.09
98.09
98.09
98.32
98.32
98.32
98.32
98.32
98.32
98.32
98.32
98.32
98.32
98.32
97.96
97.96
97.96
97.96
97.96
97.96
97.82
97.82
97.82
97.82
97.82
97.82
97.82
97.82
97.82
97.82
96.88
96.88
96.88
96.88
96.88
96.88
96.88
96.88
96.88
97.36
97.36
97.36
97.36
97.36
97.93
97.93
97.93
97.93
97.93
97.93
97.93
97.93
97.93
97.93
96.94
96.94
96.94
96.94
96.94
97.08
97.08
97.08
97.08
97.08
97.08
97.32
97.32
97.32
97.32
97.32
97.32
97.32
97.32
96.09
96.09
96.09
96.09
94.79
94.79
94.79
94.79
94.79
94.79
94.79
94.47
94.47
94.47
94.47
94.47
94.47
94.47
94.47
94.22
94.22
94.22
94.22
94.22
95.83
95.83
95.83
95.83
95.83
96.54
96.54
96.54
96.54
96.54
96.47
96.47
96.47
96.47
96.47
96.47
97.02
97.02
97.02
97.02
97.02
97.02
97.02
97.02
97.02
98.14
98.14
98.14
98.14
98.14
98.14
98.14
98.14
98.14
98.54
98.54
98.54
98.54
98.54
98.54
97.78
97.78
97.78
97.78
97.78
97.78
97.78
97.78
97.78
97.78
97.89
97.89
97.89
97.89
97.89
97.89
97.89
97.89
97.89
97.89
97.57
97.57
97.57
97.57
97.57
97.57
97.57
97.57
97.57
97.20
97.20
97.20
97.20
97.20
97.20
97.20
97.20
97.20
97.20
97.20
97.20
97.20
97.20
95.23
95.23
95.23
95.23
95.23
95.23
95.23
95.23
93.94
93.94
93.94
93.94
92.21
92.21
92.21
92.21
92.21
92.21
92.21
92.21
92.21
92.99
92.99
92.99
92.99
92.99
92.99
93.97
93.97
93.97
93.97
93.97
93.97
93.97
93.97
93.97
95.62
95.62
95.62
95.62
95.62
95.62
95.62
95.62
94.89
94.89
94.89
94.89
