98.59
98.59
98.59
98.59
98.59
98.59
98.59
98.59
98.52
98.52
98.52
98.52
98.52
98.52
98.52
98.52
98.52
98.52
98.52
97.98
97.98
97.98
97.98
97.98
97.98
97.98
97.98
97.98
97.98
97.98
97.98
97.98
97.98
97.13
97.13
97.13
97.13
97.13
97.13
97.13
97.13
97.13
97.37
97.37
97.37
97.37
97.37
97.37
97.37
97.37
97.37
97.37
97.37
94.42
94.42
94.42
94.42
94.42
94.42
94.42
94.25
94.25
94.25
94.25
94.25
94.25
94.25
94.25
93.77
93.77
93.77
93.77
94.89
94.89
94.89
94.89
94.89
95.86
95.86
95.86
95.86
95.86
95.86
95.86
95.86
95.49
95.49
95.49
95.49
95.49
95.49
95.49
95.33
95.33
95.33
95.33
95.33
95.33
95.33
95.33
95.33
95.33
95.33
91.93
91.93
91.93
91.93
91.93
91.93
91.93
91.93
91.93
91.64
91.64
91.64
91.64
91.64
91.64
91.64
91.64
91.64
91.64
91.64
91.89
91.89
91.89
91.89
91.89
91.89
91.89
91.89
93.72
93.72
93.72
93.72
93.72
93.72
93.72
93.72
93.72
95.50
95.50
95.50
95.50
95.50
95.50
95.50
97.42
97.42
97.42
97.42
97.42
97.42
97.42
97.42
97.59
97.59
97.59
97.59
97.59
97.59
97.59
97.99
97.99
97.99
97.99
97.99
97.99
97.99
98.44
98.44
98.44
98.44
98.44
98.44
98.44
98.44
98.44
96.54
96.54
96.54
96.54
96.54
98.32
98.32
98.32
98.32
98.32
98.32
98.32
98.29
98.29
98.29
98.29
98.29
98.29
98.29
98.29
98.29
98.29
98.29
97.45
97.45
97.45
97.45
97.45
97.45
97.45
97.45
96.28
96.28
96.28
96.28
96.28
96.28
96.28
96.28
98.08
98.08
98.08
98.08
98.08
98.08
98.08
98.08
98.08
98.08
98.08
98.08
98.08
98.08
97.18
97.18
97.18
97.18
97.18
97.18
97.18
91.25
91.25
91.25
91.25
91.25
91.25
91.25
91.25
91.25
96.92
96.92
96.92
96.92
96.92
96.92
96.92
96.92
97.91
97.91
97.91
97.91
97.91
97.91
93.19
93.19
93.19
93.19
93.19
93.19
93.19
93.19
96.30
96.30
96.30
96.30
96.30
96.30
96.30
96.30
96.30
96.30
96.30
90.12
90.12
90.12
90.12
90.12
90.12
89.18
89.18
89.18
89.18
89.18
89.18
89.18
89.18
88.51
88.51
88.51
88.51
88.51
89.85
89.85
89.85
89.85
89.85
89.85
