84.17
84.17
84.17
84.17
84.17
84.17
84.17
84.17
84.17
84.17
84.17
85.08
85.08
85.08
85.08
85.08
85.08
85.08
89.87
89.87
89.87
89.87
94.13
94.13
94.13
94.13
94.13
94.13
94.13
94.13
96.30
96.30
96.30
96.30
96.30
96.30
96.30
97.35
97.35
97.35
97.35
97.35
97.35
97.35
98.09
98.09
98.09
98.09
98.09
98.09
98.09
98.09
98.09
97.42
97.42
97.42
97.42
97.42
97.42
97.42
97.42
97.42
97.42
97.42
97.42
98.53
98.53
98.53
98.53
98.53
98.53
98.53
98.53
98.67
98.67
98.67
98.67
98.67
98.67
98.67
98.67
98.67
98.74
98.74
98.74
98.74
98.74
98.74
98.74
98.69
98.69
98.69
98.69
98.69
98.69
98.69
98.82
98.82
98.82
98.82
98.82
98.82
98.67
98.67
98.67
98.67
98.67
98.55
98.55
98.55
98.55
98.55
98.55
98.73
98.73
98.73
98.73
98.73
98.73
98.73
98.73
98.52
98.52
98.52
98.52
98.61
98.61
98.61
98.61
98.61
98.61
98.61
98.61
98.61
98.61
98.61
98.65
98.65
98.65
98.65
98.65
98.65
98.65
98.65
98.81
98.81
98.81
98.81
98.81
98.81
98.81
98.81
98.73
98.73
98.73
98.73
98.73
98.73
98.73
98.73
98.73
98.85
98.85
98.85
98.85
98.85
98.85
98.85
98.66
98.66
98.66
98.66
98.66
98.66
98.66
98.66
98.66
98.72
98.72
98.72
98.72
98.72
98.72
98.72
98.72
98.72
98.72
98.72
