84.22
84.22
84.22
84.22
84.22
89.31
89.31
89.31
89.31
89.31
89.31
89.31
89.31
92.51
92.51
92.51
92.51
92.51
92.51
92.51
92.51
94.76
94.76
94.76
94.76
94.76
94.76
94.76
94.76
94.76
95.33
95.33
95.33
95.33
95.33
95.33
96.19
96.19
96.19
96.19
96.19
96.11
96.11
96.11
96.11
96.11
96.11
96.11
96.11
96.11
94.77
94.77
94.77
94.77
94.77
97.27
97.27
97.27
97.27
97.27
97.27
97.27
96.69
96.69
96.69
96.69
96.69
96.69
96.69
96.69
96.69
97.90
97.90
97.90
97.90
97.90
97.90
97.90
97.90
97.43
97.43
97.43
97.43
97.43
97.43
97.43
97.66
97.66
97.66
97.66
97.66
97.66
97.66
97.66
97.68
97.68
97.68
97.68
97.68
97.68
97.68
97.68
97.68
97.68
97.68
97.39
97.39
97.39
97.39
97.39
97.39
97.39
97.39
97.87
97.87
97.87
97.87
97.87
97.87
97.87
97.87
97.87
97.87
96.67
96.67
96.67
96.67
96.67
96.67
96.67
96.67
96.67
96.67
96.67
96.34
96.34
96.34
96.34
96.74
96.74
96.74
96.74
96.74
96.74
97.45
97.45
97.45
97.45
97.45
97.45
96.72
96.72
96.72
96.72
96.72
96.72
96.72
96.72
96.72
96.72
96.72
95.73
95.73
95.73
95.73
95.73
96.07
96.07
96.07
96.07
96.07
96.07
96.07
96.82
96.82
96.82
96.82
96.82
96.82
96.82
96.82
96.82
97.27
97.27
97.27
97.27
97.27
97.27
97.27
97.27
97.27
94.79
94.79
94.79
94.79
94.79
94.79
96.58
96.58
96.58
96.58
96.58
96.58
96.58
95.25
95.25
95.25
95.25
93.88
93.88
93.88
93.88
95.06
95.06
95.06
95.06
95.06
95.06
95.06
95.06
95.06
96.39
96.39
96.39
96.39
96.39
94.38
94.38
94.38
94.38
96.15
96.15
96.15
96.15
95.91
95.91
95.91
95.91
95.91
95.91
95.91
95.91
95.91
96.53
96.53
96.53
96.53
96.53
96.53
96.53
96.53
95.44
95.44
95.44
95.44
95.44
95.44
95.44
95.44
95.80
95.80
95.80
95.80
95.80
95.80
95.80
95.80
95.80
97.24
97.24
97.24
97.24
97.24
97.24
97.24
97.24
96.28
96.28
96.28
96.28
96.28
96.28
96.28
96.28
97.73
97.73
97.73
97.73
97.73
97.73
97.73
97.14
97.14
97.14
97.14
97.14
97.14
97.14
97.14
97.14
97.21
97.21
97.21
97.21
97.21
97.21
97.21
97.21
97.21
97.21
97.21
97.21
96.13
96.13
96.13
96.13
96.13
96.13
97.38
97.38
97.38
97.38
97.38
97.38
97.38
97.22
97.22
97.22
97.22
97.22
97.22
97.22
97.22
97.22
97.62
97.62
97.62
97.62
97.62
97.62
97.62
97.61
97.61
97.61
97.61
97.61
97.61
97.61
