92.18
92.18
92.18
92.18
92.18
92.18
90.95
90.95
90.95
90.95
90.95
90.95
90.95
90.95
90.74
90.74
90.74
90.74
94.01
94.01
94.01
94.01
94.01
94.01
94.01
94.01
96.34
96.34
96.34
96.34
96.34
96.34
96.34
96.34
96.34
96.34
96.34
96.57
96.57
96.57
96.57
96.57
96.57
96.57
96.69
96.69
96.69
96.69
96.69
96.69
96.69
96.69
94.63
94.63
94.63
94.63
94.63
94.63
93.32
93.32
93.32
93.32
93.32
93.32
93.32
93.32
88.97
88.97
88.97
88.97
88.97
88.97
88.97
83.10
83.10
83.10
83.10
83.10
82.53
82.53
82.53
82.53
82.53
82.53
82.53
82.53
85.81
85.81
85.81
85.81
90.76
90.76
90.76
90.76
90.76
90.76
90.76
90.76
90.76
93.96
93.96
93.96
93.96
93.96
94.86
94.86
94.86
94.86
94.86
94.86
94.86
96.18
96.18
96.18
96.18
96.18
96.18
96.18
96.18
96.18
96.18
96.18
96.18
94.13
94.13
94.13
94.13
94.13
94.13
93.75
93.75
93.75
93.75
93.75
93.75
93.75
93.75
93.75
92.83
92.83
92.83
92.83
92.83
92.83
92.83
89.56
89.56
89.56
89.56
89.56
89.56
89.56
89.56
89.10
89.10
89.10
89.10
89.10
89.10
89.10
89.10
88.53
88.53
88.53
88.53
88.53
88.53
88.53
88.53
88.53
88.53
88.53
85.22
85.22
85.22
85.22
85.22
85.22
85.22
85.22
86.10
86.10
86.10
86.10
86.10
86.10
86.10
86.10
88.06
88.06
88.06
88.06
88.06
88.06
88.06
88.06
88.06
88.06
88.06
87.76
87.76
87.76
87.76
87.76
87.76
87.76
87.76
88.93
88.93
88.93
88.93
88.93
88.93
88.93
88.93
84.47
84.47
84.47
84.47
84.47
84.47
84.47
84.47
84.47
81.34
81.34
81.34
81.34
81.34
81.34
81.34
81.34
81.34
84.16
84.16
84.16
84.16
84.16
84.16
84.16
84.16
83.06
83.06
83.06
83.06
83.06
83.06
83.06
83.06
83.06
