97.67
97.67
97.67
97.67
97.67
97.67
97.67
97.40
97.40
97.40
97.40
97.49
97.49
97.49
97.49
97.49
97.49
97.49
97.49
97.49
98.37
98.37
98.37
98.37
98.37
98.37
98.37
98.37
98.37
98.37
98.37
98.37
98.09
98.09
98.09
98.09
98.09
98.09
98.09
98.09
98.09
98.37
98.37
98.37
98.37
98.37
98.37
98.37
98.37
98.25
98.25
98.25
98.25
98.25
98.25
98.25
98.25
98.60
98.60
98.60
98.60
98.60
98.60
98.60
98.77
98.77
98.77
98.77
98.77
98.77
98.77
98.77
98.77
98.77
98.77
98.67
98.67
98.67
98.67
98.67
98.62
98.62
98.62
98.62
98.62
98.62
98.62
98.62
98.23
98.23
98.23
98.23
98.23
97.22
97.22
97.22
97.22
97.22
97.22
97.22
97.22
97.22
96.97
96.97
96.97
96.97
96.97
96.97
96.97
96.97
97.55
97.55
97.55
97.55
98.47
98.47
98.47
98.47
98.47
98.47
98.47
98.47
98.47
98.47
98.47
98.66
98.66
98.66
98.66
98.66
98.66
98.66
98.66
98.66
98.66
98.66
98.60
98.60
98.60
98.60
98.60
98.60
98.60
98.60
98.24
98.24
98.24
98.24
98.24
98.24
98.24
98.24
97.67
97.67
97.67
97.67
97.67
97.67
97.67
97.66
97.66
97.66
97.66
97.66
97.66
97.66
97.66
97.66
98.23
98.23
98.23
98.23
98.23
98.23
98.42
98.42
98.42
98.42
98.42
98.42
97.95
97.95
97.95
97.95
97.95
97.95
97.95
97.95
97.95
97.97
97.97
97.97
97.97
97.97
97.97
97.97
97.97
97.97
97.66
97.66
97.66
97.66
97.66
97.66
97.66
97.66
97.13
97.13
97.13
97.13
97.13
97.13
97.13
97.13
95.87
95.87
95.87
95.87
95.87
