83.19
83.19
83.19
83.19
83.19
83.19
83.19
83.19
83.98
83.98
83.98
83.98
83.98
83.98
83.98
83.98
83.98
91.61
91.61
91.61
91.61
91.61
91.61
91.61
91.61
93.84
93.84
93.84
93.84
93.84
93.84
93.84
93.84
96.80
96.80
96.80
96.80
96.80
96.80
96.80
96.80
94.78
94.78
94.78
94.78
94.78
94.43
94.43
94.43
94.43
94.43
94.43
94.43
94.43
94.43
92.44
92.44
92.44
92.44
92.44
92.44
92.44
92.44
90.36
90.36
90.36
90.36
90.99
90.99
90.99
90.99
90.99
90.99
90.99
91.87
91.87
91.87
91.87
91.87
91.87
91.87
91.87
91.09
91.09
91.09
91.09
91.09
91.09
91.09
91.01
91.01
91.01
91.01
91.01
91.01
91.01
91.01
91.01
90.03
90.03
90.03
90.03
90.03
90.03
90.03
90.03
90.03
90.03
90.03
91.72
91.72
91.72
91.72
91.72
91.72
91.72
91.72
92.20
92.20
92.20
92.20
92.20
92.20
92.20
91.23
91.23
91.23
91.23
91.23
91.23
91.23
89.76
89.76
89.76
89.76
89.76
89.76
85.72
85.72
85.72
85.72
85.72
85.72
85.72
85.72
85.72
85.72
79.26
79.26
79.26
79.26
79.26
79.26
79.26
74.32
74.32
74.32
74.32
74.32
74.32
79.23
79.23
79.23
79.23
79.23
79.23
79.23
79.23
79.23
79.23
79.23
87.50
87.50
87.50
87.50
87.50
87.50
87.50
87.50
90.78
90.78
90.78
90.78
90.78
90.78
90.78
94.75
94.75
94.75
94.75
94.75
94.75
94.75
94.75
94.17
94.17
94.17
94.17
94.17
94.17
94.17
94.17
95.52
95.52
95.52
95.52
95.52
95.52
95.52
95.52
95.16
95.16
95.16
95.16
95.16
95.16
95.16
93.02
93.02
93.02
93.02
93.02
93.02
93.02
93.02
93.02
