92.16
92.16
92.16
92.16
92.16
92.16
92.16
91.38
91.38
91.38
91.38
91.44
91.44
91.44
91.44
91.44
91.44
91.44
91.44
91.44
92.56
92.56
92.56
92.56
92.56
92.56
92.56
92.56
92.84
92.84
92.84
92.84
92.84
92.84
92.84
92.84
87.20
87.20
87.20
87.20
87.20
87.20
87.20
86.18
86.18
86.18
86.18
86.18
86.18
86.18
86.18
82.82
82.82
82.82
82.82
82.82
82.82
82.82
84.32
84.32
84.32
84.32
84.32
84.32
84.32
84.32
79.99
79.99
79.99
79.99
79.99
79.99
79.99
78.21
78.21
78.21
78.21
78.21
78.21
78.21
79.59
79.59
79.59
79.59
79.59
79.59
79.59
79.59
79.59
85.49
85.49
85.49
85.49
85.49
85.49
92.97
92.97
92.97
92.97
92.97
92.97
92.97
92.97
92.97
92.97
92.97
92.49
92.49
92.49
92.49
92.49
92.49
92.49
92.49
93.40
93.40
93.40
93.40
93.40
93.40
93.40
90.37
90.37
90.37
90.37
90.37
90.79
90.79
90.79
90.79
90.79
90.79
90.79
