95.82
95.82
95.82
95.82
95.82
95.82
95.82
97.68
97.68
97.68
97.68
97.68
97.68
97.68
97.68
97.54
97.54
97.54
97.54
97.54
97.54
97.54
97.54
97.54
97.53
97.53
97.53
97.53
97.53
97.53
97.53
96.24
96.24
96.24
96.24
96.24
96.24
96.24
96.24
93.75
93.75
93.75
93.75
96.14
96.14
96.14
96.14
96.14
96.14
96.14
94.10
94.10
94.10
94.10
94.10
94.10
94.10
94.10
94.10
94.10
94.10
89.13
89.13
89.13
89.13
86.81
86.81
86.81
86.81
86.81
86.81
86.81
86.81
86.81
91.28
91.28
91.28
91.28
91.28
91.28
90.08
90.08
90.08
90.08
90.08
90.08
90.08
90.08
90.08
91.90
91.90
91.90
91.90
91.90
91.90
91.90
94.02
94.02
94.02
94.02
94.02
94.02
92.85
92.85
92.85
92.85
92.85
94.39
94.39
94.39
94.39
94.39
94.18
94.18
94.18
94.18
94.18
94.18
94.18
94.18
94.18
94.64
94.64
94.64
94.64
94.64
94.64
94.64
94.64
94.41
94.41
94.41
94.41
94.41
94.41
94.41
94.41
94.41
95.72
95.72
95.72
95.72
95.72
95.72
95.72
95.72
95.72
95.89
95.89
95.89
95.89
95.89
95.89
95.89
95.89
95.89
95.89
95.89
95.90
95.90
95.90
95.90
95.90
95.90
95.90
95.90
94.76
94.76
94.76
94.76
94.76
95.23
95.23
95.23
95.23
95.23
95.23
95.23
95.96
95.96
95.96
95.96
95.96
95.96
95.96
95.96
94.33
94.33
94.33
94.33
94.33
94.33
94.33
94.33
94.33
94.12
94.12
94.12
94.12
94.12
94.12
94.12
94.12
94.12
94.12
94.12
94.82
94.82
94.82
94.82
94.82
94.82
94.82
94.82
94.82
94.82
94.26
94.26
94.26
94.26
94.26
94.26
94.26
94.26
91.41
91.41
91.41
91.41
91.41
91.41
91.41
91.41
91.41
91.41
91.41
90.57
90.57
90.57
90.57
90.57
90.57
92.70
92.70
92.70
92.70
92.70
92.70
92.70
95.84
95.84
95.84
95.84
95.84
95.84
95.84
97.79
97.79
97.79
97.79
97.79
97.79
97.79
97.79
98.50
98.50
98.50
98.50
98.50
98.50
98.50
98.55
98.55
98.55
98.55
98.55
98.55
98.55
98.55
98.55
98.55
98.55
