91.81
91.81
91.81
91.81
91.81
91.81
91.81
91.81
91.81
91.81
91.81
92.29
92.29
92.29
92.29
92.29
92.29
92.29
92.29
92.29
92.89
92.89
92.89
92.89
92.89
92.89
92.89
92.89
94.14
94.14
94.14
94.14
94.14
94.14
94.14
94.14
94.21
94.21
94.21
94.21
94.21
96.33
96.33
96.33
96.33
96.33
96.33
96.33
96.33
95.59
95.59
95.59
95.59
95.59
95.59
95.59
95.59
94.01
94.01
94.01
94.01
94.01
94.01
94.01
94.01
94.01
94.01
94.01
94.01
91.41
91.41
91.41
91.41
91.41
91.41
91.41
91.41
91.41
91.41
91.41
89.37
89.37
89.37
89.37
89.37
89.37
89.37
89.37
86.76
86.76
86.76
86.76
86.76
86.61
86.61
86.61
86.61
86.61
86.61
86.61
86.61
86.61
86.67
86.67
86.67
86.67
90.23
90.23
90.23
90.23
90.23
90.23
90.23
90.23
91.67
91.67
91.67
91.67
91.67
91.67
91.67
91.67
92.21
92.21
92.21
92.21
92.21
92.21
92.21
94.47
94.47
94.47
94.47
94.47
94.47
94.47
94.47
94.47
94.47
94.47
95.47
95.47
95.47
95.47
95.47
95.47
95.47
95.47
94.50
94.50
94.50
94.50
94.50
94.50
94.50
94.50
95.57
95.57
95.57
95.57
95.57
95.57
94.99
94.99
94.99
94.99
94.99
94.99
94.99
94.99
95.70
95.70
95.70
95.70
95.70
95.70
95.70
95.70
95.70
95.69
95.69
95.69
95.69
95.69
95.69
95.69
95.69
95.57
95.57
95.57
95.57
95.57
95.57
95.57
94.20
94.20
94.20
94.20
94.20
92.70
92.70
92.70
92.70
92.70
92.70
92.70
92.70
94.26
94.26
94.26
94.26
94.26
94.26
94.26
94.26
93.23
93.23
93.23
93.23
93.23
93.23
93.23
91.27
91.27
91.27
91.27
91.27
91.27
91.27
91.27
91.27
91.27
91.27
89.83
89.83
89.83
89.83
89.83
89.83
89.83
89.83
89.83
88.47
88.47
88.47
88.47
88.47
82.93
82.93
82.93
82.93
82.93
82.93
82.93
82.93
82.93
82.93
82.93
76.93
76.93
76.93
76.93
79.38
79.38
79.38
79.38
79.38
79.38
79.38
79.38
76.42
76.42
76.42
76.42
76.42
76.42
76.42
74.23
74.23
74.23
74.23
74.23
74.23
78.97
78.97
78.97
78.97
78.97
78.97
78.97
78.97
78.97
79.53
79.53
79.53
79.53
79.53
79.53
79.53
79.53
79.53
81.59
81.59
81.59
81.59
81.59
81.59
81.59
81.59
81.59
81.59
81.59
86.83
86.83
86.83
86.83
86.83
86.83
86.83
86.83
90.87
90.87
90.87
90.87
90.87
90.87
90.87
90.87
90.87
90.87
90.87
90.88
90.88
90.88
90.88
90.88
90.88
90.88
93.15
93.15
93.15
93.15
93.15
93.15
93.15
93.15
93.15
93.15
93.15
93.15
93.15
93.15
93.58
93.58
93.58
93.58
93.58
93.58
93.58
93.58
93.58
96.08
96.08
96.08
96.08
96.08
96.08
96.08
96.08
94.79
94.79
94.79
94.79
94.79
94.79
94.79
94.79
94.79
94.79
94.88
94.88
94.88
94.88
94.88
94.88
94.88
94.88
93.60
93.60
93.60
93.60
93.60
93.60
93.60
91.94
91.94
91.94
91.94
91.94
91.94
91.94
91.94
91.94
90.86
90.86
90.86
90.86
90.86
90.86
90.86
90.86
90.86
88.62
88.62
88.62
88.62
88.62
88.62
88.62
88.62
85.82
85.82
85.82
85.82
85.82
85.82
85.82
85.82
84.61
84.61
84.61
84.61
84.61
84.61
84.61
84.61
84.61
84.61
84.61
84.61
83.73
83.73
83.73
83.73
83.73
83.73
83.73
83.73
83.73
83.73
83.73
82.58
82.58
82.58
82.58
82.58
82.58
82.58
84.59
84.59
84.59
84.59
84.59
84.59
84.59
84.59
84.59
84.59
84.59
84.59
78.80
78.80
78.80
78.80
78.80
78.80
78.80
78.80
72.48
72.48
72.48
72.48
72.48
72.48
72.48
