82.25
82.25
82.25
82.25
82.25
82.25
82.25
82.25
87.69
87.69
87.69
87.69
87.69
87.69
87.69
87.69
87.19
87.19
87.19
87.19
87.19
87.19
85.44
85.44
85.44
85.44
85.44
85.44
82.75
82.75
82.75
82.75
82.75
82.75
82.75
85.75
85.75
85.75
85.75
85.75
85.75
85.75
87.38
87.38
87.38
87.38
90.19
90.19
90.19
90.19
90.19
90.19
90.19
90.19
90.19
93.56
93.56
93.56
93.56
93.56
93.56
93.56
90.25
90.25
90.25
90.25
90.25
90.25
90.25
92.31
92.31
92.31
92.31
92.31
92.31
92.31
92.31
92.31
94.31
94.31
94.31
94.31
94.31
94.31
94.31
94.31
94.44
94.44
94.44
94.44
94.44
94.44
94.44
94.62
94.62
94.62
94.62
94.62
94.62
94.62
94.62
93.69
93.69
93.69
93.69
93.69
93.69
94.94
94.94
94.94
94.94
94.94
94.94
94.94
96.19
96.19
96.19
96.19
96.19
96.19
96.19
96.19
96.19
96.19
96.19
96.38
96.38
96.38
96.38
96.38
96.38
96.38
96.38
96.38
96.38
96.38
94.19
94.19
94.19
94.19
94.19
94.19
94.19
94.19
94.19
90.12
90.12
90.12
90.12
90.12
90.12
90.12
90.12
93.69
93.69
93.69
93.69
93.69
93.69
93.69
93.69
93.69
93.69
93.69
94.75
94.75
94.75
94.75
94.75
94.75
94.75
94.75
94.06
94.06
94.06
94.06
94.06
94.06
94.06
94.06
94.81
94.81
94.81
94.81
94.81
94.81
94.81
93.31
93.31
93.31
93.31
93.31
93.31
93.31
93.31
91.44
91.44
91.44
91.44
91.44
91.44
91.44
91.44
91.44
93.06
93.06
93.06
93.06
93.06
93.06
93.56
93.56
93.56
93.56
93.56
93.56
93.56
93.56
93.56
94.25
94.25
94.25
94.25
94.25
94.25
94.25
92.50
92.50
92.50
92.50
92.50
92.50
92.50
92.50
92.50
93.81
93.81
93.81
93.81
93.81
93.81
93.81
93.81
93.81
96.38
96.38
96.38
96.38
96.38
96.38
96.38
96.38
96.38
96.38
96.38
96.31
96.31
96.31
96.31
96.31
96.31
96.31
96.31
96.31
96.31
97.62
97.62
97.62
97.62
97.62
97.62
97.62
97.62
98.00
98.00
98.00
98.00
98.00
98.00
98.00
98.00
98.19
98.19
98.19
98.19
98.19
98.00
98.00
98.00
98.00
98.00
98.00
98.00
97.12
97.12
97.12
97.12
97.12
97.12
97.12
97.12
97.12
97.12
97.12
95.19
95.19
95.19
95.19
95.19
95.19
95.19
95.19
95.19
96.56
96.56
96.56
96.56
96.56
96.56
96.56
96.56
96.56
97.69
97.69
97.69
97.69
97.69
97.69
96.56
96.56
96.56
96.56
96.56
96.56
96.56
96.56
96.56
96.00
96.00
96.00
96.00
96.00
