98.90
98.90
98.90
98.90
98.90
98.90
98.90
98.90
98.86
98.86
98.86
98.86
98.86
98.80
98.80
98.80
98.80
98.80
98.80
98.80
97.54
97.54
97.54
97.54
97.54
97.54
96.23
96.23
96.23
96.23
96.23
96.23
96.23
96.23
95.99
95.99
95.99
95.99
95.99
95.99
95.99
95.99
95.99
95.99
95.99
95.24
95.24
95.24
95.24
95.24
95.24
95.24
95.24
95.24
96.31
96.31
96.31
96.31
96.31
97.10
97.10
97.10
97.10
97.10
97.10
97.10
97.10
95.98
95.98
95.98
95.98
95.98
95.98
95.98
95.98
95.46
95.46
95.46
95.46
95.46
95.46
95.46
95.46
95.46
95.46
96.42
96.42
96.42
96.42
96.42
98.03
98.03
98.03
98.03
98.03
98.03
98.03
98.03
98.03
98.03
98.03
98.03
98.13
98.13
98.13
98.13
98.13
98.13
98.13
98.13
97.88
97.88
97.88
97.88
97.88
97.88
97.88
97.88
97.88
98.26
98.26
98.26
98.26
98.26
98.26
98.26
98.26
98.53
98.53
98.53
98.53
98.53
98.53
98.53
98.53
98.53
98.13
98.13
98.13
98.13
98.13
98.13
98.13
98.13
97.82
97.82
97.82
97.82
97.82
98.44
98.44
98.44
98.44
98.44
98.44
98.44
98.44
98.44
98.44
98.27
98.27
98.27
98.27
98.27
98.27
98.27
98.27
98.72
98.72
98.72
98.72
98.72
98.72
98.72
98.72
98.72
98.84
98.84
98.84
98.84
98.84
98.84
98.84
98.84
98.84
98.84
98.84
98.87
98.87
98.87
98.87
98.87
98.87
98.87
98.87
98.87
98.87
98.87
98.84
98.84
98.84
98.84
98.84
98.84
98.84
98.73
98.73
98.73
98.73
98.73
98.73
98.73
98.48
98.48
98.48
98.48
98.48
98.48
98.48
98.48
98.48
98.48
98.48
98.09
98.09
98.09
98.09
98.09
98.09
97.04
97.04
97.04
97.04
97.04
97.04
97.04
97.04
97.04
94.50
94.50
94.50
94.50
94.50
94.50
94.50
94.50
94.50
94.50
95.00
95.00
95.00
95.00
95.00
95.00
95.00
95.27
95.27
95.27
95.27
95.27
95.27
95.27
95.27
95.27
95.27
95.27
95.99
95.99
95.99
95.99
95.99
95.99
95.99
95.99
95.99
97.60
97.60
97.60
97.60
97.60
97.60
97.60
97.60
96.91
96.91
96.91
96.91
96.91
96.91
96.91
95.54
95.54
95.54
95.54
95.54
95.54
95.54
95.54
95.54
95.97
95.97
95.97
95.97
95.97
95.97
96.18
96.18
96.18
96.18
97.21
97.21
97.21
97.21
97.21
97.21
97.21
97.21
97.77
97.77
97.77
97.77
97.77
97.77
97.77
97.77
97.77
97.77
97.77
97.77
97.80
97.80
97.80
97.80
97.80
97.80
97.80
97.80
97.93
97.93
97.93
97.93
97.93
97.93
97.93
97.93
97.93
97.93
97.93
97.93
97.94
97.94
97.94
97.94
97.94
97.94
97.94
97.94
98.03
98.03
98.03
98.03
98.03
98.03
98.03
98.03
98.03
98.03
98.16
98.16
98.16
98.16
98.16
98.16
98.16
98.16
97.57
97.57
97.57
97.57
97.57
97.57
97.57
97.57
97.57
97.67
97.67
97.67
97.67
97.67
97.67
97.67
97.67
98.03
98.03
98.03
98.03
98.03
98.03
98.03
98.03
98.03
97.61
97.61
97.61
97.61
97.61
97.61
97.61
97.89
97.89
97.89
97.89
97.89
97.89
97.89
97.89
97.89
97.74
97.74
97.74
97.74
97.74
97.74
97.74
97.74
97.10
97.10
97.10
97.10
94.19
94.19
94.19
94.19
95.62
95.62
95.62
95.62
95.62
95.62
95.62
95.62
95.62
95.62
95.62
95.62
93.23
93.23
93.23
93.23
93.23
93.23
93.23
93.23
93.23
