98.74
98.74
98.74
98.74
98.74
98.74
98.74
98.74
98.59
98.59
98.59
98.59
98.59
98.59
98.59
98.00
98.00
98.00
98.00
98.00
98.00
98.00
98.00
98.00
98.01
98.01
98.01
98.01
98.01
98.01
98.01
98.01
98.01
98.01
98.01
98.64
98.64
98.64
98.64
98.64
98.64
98.64
98.64
98.64
98.64
98.64
98.57
98.57
98.57
98.57
98.57
98.57
98.57
98.57
98.39
98.39
98.39
98.39
98.39
98.39
98.39
98.39
98.39
98.29
98.29
98.29
98.29
98.29
98.29
98.29
98.29
98.29
98.31
98.31
98.31
98.31
98.31
98.31
98.31
98.54
98.54
98.54
98.54
98.54
98.54
98.54
98.54
98.29
98.29
98.29
98.29
98.29
98.29
98.29
97.77
97.77
97.77
97.77
97.77
97.77
97.77
97.77
97.77
97.49
97.49
97.49
97.49
97.75
97.75
97.75
97.75
97.75
97.75
97.75
98.27
98.27
98.27
98.27
98.27
98.27
98.27
98.27
98.45
98.45
98.45
98.45
98.45
98.45
98.45
98.45
98.45
98.27
98.27
98.27
98.27
98.58
98.58
98.58
98.58
98.58
98.58
98.58
98.58
98.58
98.58
98.58
98.58
98.58
98.58
98.58
98.58
98.58
98.72
98.72
98.72
98.72
98.72
98.72
98.72
