97.23
97.23
97.23
97.23
97.23
97.23
97.23
97.23
97.23
97.23
97.23
96.92
96.92
96.92
96.92
96.92
96.92
96.92
96.92
96.31
96.31
96.31
96.31
96.31
96.31
96.31
96.31
94.80
94.80
94.80
94.80
94.80
94.80
94.80
94.88
94.88
94.88
94.88
94.88
94.88
94.88
95.35
95.35
95.35
95.35
95.35
96.32
96.32
96.32
96.32
95.60
95.60
95.60
95.60
96.54
96.54
96.54
96.54
97.40
97.40
97.40
97.40
97.40
97.40
97.40
97.40
97.09
97.09
97.09
97.09
97.09
97.09
97.09
97.19
97.19
97.19
97.19
97.19
97.19
97.19
97.19
97.19
97.85
97.85
97.85
97.85
97.85
97.85
97.85
97.85
97.85
97.85
97.85
97.85
97.60
97.60
97.60
97.60
97.70
97.70
97.70
97.70
97.70
97.70
97.70
98.17
98.17
98.17
98.17
98.17
97.19
97.19
97.19
97.19
97.19
97.19
97.19
98.07
98.07
98.07
98.07
98.07
98.07
98.07
98.07
98.71
98.71
98.71
98.71
98.71
98.71
98.71
