98.87
98.87
98.87
98.87
98.87
98.87
98.87
98.87
98.87
98.83
98.83
98.83
98.83
98.83
98.83
98.83
98.83
98.83
98.83
98.83
98.83
98.83
98.83
98.83
98.83
98.83
98.83
98.83
98.85
98.85
98.85
98.85
98.85
98.85
98.85
98.85
98.85
98.85
98.85
98.79
98.79
98.79
98.79
98.79
98.79
98.79
98.79
98.82
98.82
98.82
98.82
98.82
98.82
98.82
98.82
98.85
98.85
98.85
98.85
98.85
98.85
98.85
98.85
98.85
98.85
98.85
98.85
98.85
98.85
98.85
98.85
98.85
98.85
98.85
98.81
98.81
98.81
98.81
98.81
98.81
98.81
98.84
98.84
98.84
98.84
98.84
98.84
98.84
98.84
98.84
98.84
98.84
98.83
98.83
98.83
98.83
98.83
98.83
98.83
98.83
98.83
98.83
98.83
98.83
98.83
98.83
98.89
98.89
98.89
98.89
98.89
98.89
98.89
98.89
98.89
98.89
98.89
98.89
98.77
98.77
98.77
98.77
98.77
98.57
98.57
98.57
98.57
98.57
98.57
98.57
98.16
98.16
98.16
98.16
98.16
98.16
93.90
93.90
93.90
93.90
89.82
89.82
89.82
89.82
89.82
89.82
89.82
89.82
96.21
96.21
96.21
96.21
96.21
97.01
97.01
97.01
97.01
97.01
97.01
97.01
97.01
97.01
98.51
98.51
98.51
98.51
98.51
98.51
98.51
98.70
98.70
98.70
98.70
98.70
98.70
98.70
98.70
98.70
98.82
98.82
98.82
98.82
98.82
98.82
98.82
98.82
98.80
98.80
98.80
98.80
98.80
98.80
98.80
98.80
98.59
98.59
98.59
98.59
98.59
98.77
98.77
98.77
98.77
98.77
98.77
98.77
98.77
98.84
98.84
98.84
98.84
98.84
98.84
98.84
98.70
98.70
98.70
98.70
98.70
98.70
98.70
98.70
98.65
98.65
98.65
98.65
98.65
98.65
98.65
98.56
98.56
98.56
98.56
98.56
98.56
98.56
98.56
98.56
98.37
98.37
98.37
98.37
98.37
98.37
98.37
98.37
98.47
98.47
98.47
98.47
98.47
98.47
98.47
98.47
98.01
98.01
98.01
98.01
98.01
98.01
98.01
98.01
98.54
98.54
98.54
98.54
98.54
98.54
98.54
98.54
98.54
98.81
98.81
98.81
98.81
98.81
98.81
98.81
98.81
98.81
98.81
98.81
98.78
98.78
98.78
98.78
98.78
98.78
98.78
98.65
98.65
98.65
98.65
98.65
