95.82
95.82
95.82
95.82
95.82
95.82
95.82
95.82
95.82
96.32
96.32
96.32
96.32
96.32
96.32
96.32
96.32
96.32
96.32
96.32
97.32
97.32
97.32
97.32
97.32
97.32
97.32
96.70
96.70
96.70
96.70
96.70
96.70
96.70
96.70
97.05
97.05
97.05
97.05
97.05
97.05
97.05
96.59
96.59
96.59
96.59
96.59
96.59
96.59
95.62
95.62
95.62
95.62
95.62
95.62
95.62
93.27
93.27
93.27
93.27
93.27
93.27
93.27
93.27
92.54
92.54
92.54
92.54
92.54
92.54
92.54
91.33
91.33
91.33
91.33
91.33
91.33
91.33
93.13
93.13
93.13
93.13
93.13
93.13
93.13
93.13
93.13
93.13
93.13
93.62
93.62
93.62
93.62
93.62
93.62
93.62
93.62
94.18
94.18
94.18
94.18
94.18
93.46
93.46
93.46
93.46
93.46
93.46
93.46
93.46
93.46
95.65
95.65
95.65
95.65
95.65
95.65
95.65
95.65
95.65
96.63
96.63
96.63
96.63
96.63
96.63
96.63
96.63
95.83
95.83
95.83
95.83
95.83
95.83
95.83
95.07
95.07
95.07
95.07
95.07
95.07
95.56
95.56
95.56
95.56
95.56
95.56
95.56
95.56
95.56
95.56
95.56
96.29
96.29
96.29
96.29
96.29
96.29
96.29
96.29
94.84
94.84
94.84
94.84
94.84
94.84
94.84
