98.77
98.77
98.77
98.77
98.77
98.77
98.77
98.77
98.77
98.84
98.84
98.84
98.84
98.84
98.84
98.84
98.84
98.84
98.84
98.84
98.70
98.70
98.70
98.70
98.70
98.70
98.70
98.70
98.70
98.70
98.70
98.54
98.54
98.54
98.54
98.54
98.54
98.54
98.54
98.54
98.54
98.54
98.51
98.51
98.51
98.51
98.51
98.51
98.51
98.51
98.51
98.77
98.77
98.77
98.77
98.77
98.77
98.77
98.77
98.51
98.51
98.51
98.51
98.68
98.68
98.68
98.68
98.68
98.68
98.68
98.68
98.12
98.12
98.12
98.12
98.12
98.12
98.45
98.45
98.45
98.45
98.45
98.45
98.45
98.78
98.78
98.78
98.78
98.78
98.78
98.78
98.82
98.82
98.82
98.82
98.82
98.82
98.82
98.68
98.68
98.68
98.68
98.68
98.68
98.68
98.68
98.68
98.87
98.87
98.87
98.87
98.87
98.87
98.87
98.87
98.87
98.94
98.94
98.94
98.94
98.94
98.94
98.94
98.93
98.93
98.93
98.93
98.93
98.93
98.93
98.93
98.96
98.96
98.96
98.96
98.96
98.96
98.96
