95.81
95.81
95.81
95.81
95.81
95.81
95.81
95.81
96.94
96.94
96.94
96.94
96.94
96.94
96.94
95.44
95.44
95.44
95.44
95.44
95.44
95.44
95.06
95.06
95.06
95.06
95.06
95.06
95.06
95.06
93.56
93.56
93.56
93.56
93.56
93.56
93.56
93.56
93.56
93.56
93.56
93.56
93.56
93.56
93.56
94.25
94.25
94.25
94.25
94.25
94.25
94.25
94.25
95.19
95.19
95.19
95.19
95.19
95.19
95.19
95.19
95.00
95.00
95.00
95.00
95.00
95.00
95.00
95.00
95.06
95.06
95.06
95.06
95.06
95.06
95.06
95.06
95.06
94.81
94.81
94.81
94.81
94.81
94.81
94.81
94.81
95.62
95.62
95.62
95.62
97.62
97.62
97.62
97.62
97.62
97.62
97.62
97.69
97.69
97.69
97.69
97.69
97.69
97.69
97.69
98.00
98.00
98.00
98.00
98.00
98.00
98.00
98.00
97.62
97.62
97.62
97.62
97.62
97.62
97.62
97.62
96.62
96.62
96.62
96.62
96.62
96.62
96.62
96.62
97.88
97.88
97.88
97.88
98.44
98.44
98.44
98.44
98.44
98.44
98.44
98.44
98.44
98.44
98.44
98.44
98.44
98.38
98.38
98.38
98.38
98.38
98.38
98.38
98.38
98.44
98.44
98.44
98.44
98.44
98.44
98.44
98.44
98.44
98.44
98.44
98.44
97.88
97.88
97.88
97.88
97.88
97.88
96.81
96.81
96.81
96.81
96.81
96.31
96.31
96.31
96.31
96.31
96.31
96.31
93.19
93.19
93.19
93.19
93.19
93.19
93.19
93.19
92.75
92.75
92.75
92.75
92.38
92.38
92.38
92.38
92.38
92.38
92.38
92.38
94.12
94.12
94.12
94.12
94.12
94.12
94.12
94.12
94.12
95.44
95.44
95.44
95.44
95.44
95.44
95.44
95.44
96.62
96.62
96.62
96.62
96.62
96.62
96.62
96.62
96.50
96.50
96.50
96.50
96.50
96.50
96.50
97.25
97.25
97.25
97.25
97.25
97.25
97.25
97.25
97.25
97.56
97.56
97.56
97.56
97.56
97.56
97.56
98.31
98.31
98.31
98.31
98.31
98.31
98.31
98.31
98.31
98.31
98.31
97.94
97.94
97.94
97.94
97.94
97.94
97.94
97.94
97.69
97.69
97.69
97.69
97.69
97.69
97.69
97.69
96.69
96.69
96.69
96.69
96.69
96.69
96.69
96.69
95.94
95.94
95.94
95.94
95.94
95.94
95.94
96.06
96.06
96.06
96.06
96.06
96.06
96.06
96.06
97.12
97.12
97.12
97.12
97.12
97.12
97.12
97.12
97.56
97.56
97.56
97.56
97.56
97.56
97.56
96.62
96.62
96.62
96.62
96.62
96.62
96.62
96.62
96.62
97.25
97.25
97.25
97.25
97.25
97.25
97.25
97.25
97.25
97.12
97.12
97.12
97.12
97.12
97.12
97.12
97.12
97.12
97.12
97.12
97.12
96.88
96.88
96.88
96.88
96.88
96.88
96.88
96.19
96.19
96.19
96.19
96.19
96.19
96.19
96.19
95.00
95.00
95.00
95.00
95.00
95.00
95.00
93.38
93.38
93.38
93.38
93.38
93.38
93.38
92.25
92.25
92.25
92.25
92.25
92.25
92.25
92.25
88.19
88.19
88.19
88.19
88.19
88.19
88.19
88.19
88.19
