98.09
98.09
98.09
98.09
98.09
98.09
98.09
98.33
98.33
98.33
98.33
98.33
98.33
98.33
98.33
98.33
98.42
98.42
98.42
98.42
98.42
98.42
98.42
98.42
98.42
98.63
98.63
98.63
98.63
98.63
98.65
98.65
98.65
98.65
98.65
98.65
98.65
98.65
98.65
98.48
98.48
98.48
98.48
98.48
98.48
98.48
98.48
98.48
98.48
98.48
98.56
98.56
98.56
98.56
98.56
98.56
98.56
98.56
98.74
98.74
98.74
98.74
98.74
98.74
98.74
98.74
98.74
98.74
98.74
98.74
98.53
98.53
98.53
98.53
98.53
98.53
98.53
98.53
98.53
98.59
98.59
98.59
98.59
98.59
98.59
98.59
98.59
98.42
98.42
98.42
98.42
98.42
98.42
98.42
98.42
98.40
98.40
98.40
98.40
98.40
98.40
98.40
98.40
98.40
98.40
98.40
98.40
98.04
98.04
98.04
98.04
97.61
97.61
97.61
97.61
97.61
97.61
97.61
97.61
97.98
97.98
97.98
97.98
98.08
98.08
98.08
98.08
98.08
96.41
96.41
96.41
96.41
96.41
96.41
96.41
95.23
95.23
95.23
95.23
95.23
95.23
95.23
91.39
91.39
91.39
91.39
91.39
91.39
89.99
89.99
89.99
89.99
87.95
87.95
87.95
87.95
87.95
87.95
87.95
87.95
87.95
87.95
87.95
92.17
92.17
92.17
92.17
92.17
92.17
92.17
92.17
92.61
92.61
92.61
92.61
92.61
92.61
92.61
92.61
89.12
89.12
89.12
89.12
89.12
89.12
89.12
89.12
89.12
89.12
89.12
89.12
89.12
89.12
89.51
89.51
89.51
89.51
89.51
89.51
89.51
89.51
94.31
94.31
94.31
94.31
94.31
94.31
93.60
93.60
93.60
93.60
91.21
91.21
91.21
91.21
91.21
91.21
91.21
88.29
88.29
88.29
88.29
88.29
88.29
88.29
88.29
86.38
86.38
86.38
86.38
86.38
86.38
86.38
86.38
86.38
86.38
86.38
86.38
90.16
90.16
90.16
90.16
90.16
90.16
90.16
90.16
90.16
86.49
86.49
86.49
86.49
86.49
86.49
86.49
86.49
86.49
86.49
86.49
85.43
85.43
85.43
85.43
85.43
85.43
85.43
85.43
85.43
85.43
85.43
85.85
85.85
85.85
85.85
85.85
85.85
85.85
82.29
82.29
82.29
82.29
89.01
89.01
89.01
89.01
89.01
89.01
89.01
89.01
