97.95
97.95
97.95
97.95
98.16
98.16
98.16
98.16
98.16
98.68
98.68
98.68
98.68
98.68
98.68
98.68
98.68
98.68
98.68
98.68
98.68
98.68
98.68
98.68
98.61
98.61
98.61
98.61
98.61
98.61
98.61
98.61
98.76
98.76
98.76
98.76
98.76
98.76
98.76
98.76
98.76
98.56
98.56
98.56
98.56
98.56
98.56
98.56
98.56
98.49
98.49
98.49
98.49
98.49
98.50
98.50
98.50
98.50
98.50
98.50
98.50
98.44
98.44
98.44
98.44
98.44
98.44
98.24
98.24
98.24
98.24
98.24
98.24
98.24
98.24
98.28
98.28
98.28
98.28
98.28
98.28
98.28
98.28
98.09
98.09
98.09
98.09
98.09
98.09
98.09
98.60
98.60
98.60
98.60
98.60
98.60
98.60
98.60
98.46
98.46
98.46
98.46
98.73
98.73
98.73
98.73
98.72
98.72
98.72
98.72
98.80
98.80
98.80
98.80
98.80
98.80
98.80
98.80
98.80
98.88
98.88
98.88
98.88
98.88
98.88
98.77
98.77
98.77
98.77
98.77
98.77
98.77
98.83
98.83
98.83
98.83
98.83
98.83
98.83
98.83
98.67
98.67
98.67
98.67
98.67
98.70
98.70
98.70
98.70
98.70
98.70
98.70
98.70
97.94
97.94
97.94
97.94
97.94
97.94
97.94
97.72
97.72
97.72
97.72
97.72
96.49
96.49
96.49
96.49
96.49
96.49
96.49
96.73
96.73
96.73
96.73
96.73
96.73
96.73
96.73
96.73
96.73
96.73
94.41
94.41
94.41
94.41
94.41
94.41
94.41
94.41
94.41
94.41
97.49
97.49
97.49
97.49
97.49
97.49
98.34
98.34
98.34
98.34
98.34
98.34
98.34
98.34
