98.06
98.06
98.06
98.06
98.06
98.06
98.06
98.19
98.19
98.19
98.19
98.19
98.19
98.19
97.62
97.62
97.62
97.62
97.62
97.62
97.62
97.81
97.81
97.81
97.81
97.81
97.81
97.81
98.06
98.06
98.06
98.06
98.06
98.06
98.06
98.06
97.94
97.94
97.94
97.94
97.94
97.94
97.94
97.94
98.25
98.25
98.25
98.25
98.25
98.25
98.12
98.12
98.12
98.12
98.12
98.12
98.12
96.12
96.12
96.12
96.12
96.12
96.12
96.12
96.12
96.12
96.12
96.12
96.12
95.06
95.06
95.06
95.06
95.06
95.06
95.06
95.06
95.06
91.44
91.44
91.44
91.44
91.44
91.44
91.44
88.75
88.75
88.75
88.75
88.75
88.75
88.75
88.75
88.75
89.50
89.50
89.50
89.50
89.50
89.50
89.50
89.50
89.75
89.75
89.75
89.75
89.75
89.75
94.06
94.06
94.06
94.06
94.06
94.06
95.38
95.38
95.38
95.38
95.38
95.38
95.38
95.38
95.38
95.38
95.38
95.38
97.25
97.25
97.25
97.25
97.25
97.25
97.25
97.25
97.25
97.25
97.25
98.00
98.00
98.00
98.00
98.00
98.00
98.00
98.00
98.38
98.38
98.38
98.38
98.38
98.38
98.38
98.38
98.38
98.38
98.38
98.69
98.69
98.69
98.69
98.69
98.69
98.69
98.69
98.69
98.69
98.69
98.69
98.69
98.69
98.44
98.44
98.44
98.44
98.44
98.44
98.44
98.44
98.44
98.44
98.44
98.44
97.56
97.56
97.56
97.56
97.56
97.56
97.56
97.56
97.56
97.56
97.56
97.56
97.56
97.56
97.56
97.56
97.56
97.56
92.88
92.88
92.88
92.88
92.88
92.88
92.88
90.25
90.25
90.25
90.25
90.25
93.19
93.19
93.19
93.19
93.19
93.19
94.31
94.31
94.31
94.31
96.50
96.50
96.50
96.50
96.50
96.50
96.50
96.50
96.50
97.81
97.81
97.81
97.81
97.81
97.81
97.81
97.81
97.75
97.75
97.75
97.75
97.75
97.75
97.75
98.38
98.38
98.38
98.38
98.38
98.38
98.38
98.38
98.38
98.38
98.38
98.44
98.44
98.44
98.44
98.44
98.44
98.44
98.44
98.75
98.75
98.75
98.75
98.75
98.75
98.75
98.75
98.31
98.31
98.31
98.31
98.31
98.31
98.31
98.31
98.31
98.31
98.31
98.50
98.50
98.50
98.50
98.50
98.50
98.50
98.50
98.50
97.62
97.62
97.62
97.62
97.62
97.62
97.62
97.62
96.50
96.50
96.50
96.50
96.50
96.50
95.50
95.50
95.50
95.50
95.50
95.50
95.50
95.50
95.50
95.50
95.50
95.50
96.81
96.81
96.81
96.81
96.81
96.81
96.81
96.81
96.81
