97.70
97.70
97.70
97.70
97.70
97.70
97.70
97.70
97.13
97.13
97.13
97.13
97.13
97.13
97.13
97.13
97.13
97.88
97.88
97.88
97.88
97.88
98.23
98.23
98.23
98.23
98.23
98.23
97.60
97.60
97.60
97.60
97.60
97.60
97.60
97.60
97.60
97.39
97.39
97.39
97.39
97.39
97.39
97.39
97.39
97.39
97.39
97.39
98.08
98.08
98.08
98.08
98.08
98.08
98.08
98.08
98.29
98.29
98.29
98.29
98.29
98.29
98.29
98.29
97.79
97.79
97.79
97.79
97.79
97.79
97.79
97.79
97.79
97.76
97.76
97.76
97.76
97.76
97.76
97.76
97.76
97.76
97.80
97.80
97.80
97.80
97.80
97.80
97.80
97.80
97.80
97.65
97.65
97.65
97.65
97.65
97.65
97.65
97.17
97.17
97.17
97.17
97.17
97.17
97.17
98.21
98.21
98.21
98.21
98.21
97.83
97.83
97.83
97.83
97.83
97.83
97.83
98.07
98.07
98.07
98.07
98.07
98.07
98.07
98.35
98.35
98.35
98.35
98.35
98.35
98.35
98.35
98.35
98.35
98.35
98.61
98.61
98.61
98.61
98.61
98.61
98.32
98.32
98.32
98.32
98.32
98.32
98.32
98.31
98.31
98.31
98.31
98.31
98.31
98.31
97.77
97.77
97.77
97.77
97.77
97.77
97.77
97.77
97.77
97.77
97.77
94.45
94.45
94.45
94.45
94.45
94.45
94.45
94.45
94.45
93.32
93.32
93.32
93.32
93.32
91.11
91.11
91.11
91.11
91.11
91.11
91.11
91.11
91.11
95.40
95.40
95.40
95.40
95.40
95.40
95.40
96.92
96.92
96.92
96.92
96.92
96.92
96.92
96.92
96.92
96.19
96.19
96.19
96.19
96.19
96.19
96.19
96.19
96.19
96.44
96.44
96.44
96.44
98.06
98.06
98.06
98.06
98.06
98.06
98.06
98.06
98.06
98.06
98.06
98.41
98.41
98.41
98.41
98.41
98.41
98.15
98.15
98.15
98.15
98.15
98.15
98.15
97.82
97.82
97.82
97.82
97.82
97.82
97.82
97.82
97.82
97.82
97.82
97.51
97.51
97.51
97.51
97.51
97.51
97.37
97.37
97.37
97.37
97.86
97.86
97.86
97.86
97.86
97.86
97.86
97.86
97.86
97.86
97.86
97.91
97.91
97.91
97.91
97.91
97.91
97.91
