96.15
96.15
96.15
96.15
96.15
97.98
97.98
97.98
97.98
97.98
97.98
97.98
97.98
97.98
98.73
98.73
98.73
98.73
98.73
98.73
98.73
98.85
98.85
98.85
98.85
98.85
98.85
98.85
98.85
98.85
98.85
98.85
98.85
98.85
98.85
98.85
98.85
98.85
98.85
98.85
98.85
98.85
98.85
98.85
98.85
98.85
98.85
98.64
98.64
98.64
98.64
98.64
98.64
98.64
98.64
98.43
98.43
98.43
98.43
98.43
98.43
98.43
98.43
98.43
98.43
98.43
98.43
98.43
98.13
98.13
98.13
98.13
98.13
98.13
98.13
98.13
97.38
97.38
97.38
97.38
97.38
97.38
97.38
96.57
96.57
96.57
96.57
96.57
96.57
97.64
97.64
97.64
97.64
98.13
98.13
98.13
98.13
98.13
98.13
98.13
98.13
98.13
97.71
97.71
97.71
97.71
97.71
97.71
97.71
97.71
95.69
95.69
95.69
95.69
95.69
94.02
94.02
94.02
94.02
94.02
94.02
93.25
93.25
93.25
93.25
93.25
93.25
90.20
90.20
90.20
90.20
90.20
90.20
90.20
86.68
86.68
86.68
86.68
86.68
86.68
86.68
86.68
86.68
89.24
89.24
89.24
89.24
89.24
89.24
95.08
95.08
95.08
95.08
95.08
95.08
95.08
95.08
95.08
95.08
95.08
95.08
95.08
95.08
95.56
95.56
95.56
95.56
95.56
95.56
97.17
97.17
97.17
97.17
97.17
97.17
97.63
97.63
97.63
97.63
97.63
97.63
97.63
97.63
97.63
97.63
97.63
98.27
98.27
98.27
98.27
98.27
98.27
98.27
98.27
98.27
98.30
98.30
98.30
98.30
98.30
98.30
98.30
98.30
97.76
97.76
97.76
97.76
97.76
97.76
97.76
97.76
97.76
97.76
97.76
98.17
98.17
98.17
98.17
98.17
98.17
98.17
98.17
98.17
98.30
98.30
98.30
98.30
98.30
98.30
98.30
98.30
98.55
98.55
98.55
98.55
98.55
98.55
98.55
98.55
98.55
98.55
98.55
