94.61
94.61
94.61
94.61
94.61
94.61
94.61
94.61
94.61
94.61
94.61
94.46
94.46
94.46
94.46
94.46
94.46
94.46
94.46
94.46
95.99
95.99
95.99
95.99
95.99
95.99
95.99
95.99
95.87
95.87
95.87
95.87
95.87
95.87
96.24
96.24
96.24
96.24
96.24
96.24
96.24
96.24
95.98
95.98
95.98
95.98
95.05
95.05
95.05
95.05
95.05
95.05
95.05
93.38
93.38
93.38
93.38
93.38
93.38
93.38
92.10
92.10
92.10
92.10
92.10
92.10
91.42
91.42
91.42
91.42
91.42
91.42
91.42
91.42
91.42
91.71
91.71
91.71
91.71
91.71
91.71
91.71
91.84
91.84
91.84
91.84
91.84
91.84
91.84
91.84
89.58
89.58
89.58
89.58
89.58
89.58
89.58
89.58
89.58
89.58
89.58
89.58
89.58
89.58
92.19
92.19
92.19
92.19
92.19
91.89
91.89
91.89
91.89
91.89
91.89
94.33
94.33
94.33
94.33
94.33
94.33
94.33
95.47
95.47
95.47
95.47
95.47
95.47
95.47
96.63
96.63
96.63
96.63
96.63
96.63
96.63
96.63
95.22
95.22
95.22
95.22
95.22
95.22
95.22
95.22
95.22
95.22
95.22
95.22
92.81
92.81
92.81
92.81
92.81
92.35
92.35
92.35
92.35
92.35
92.35
89.12
89.12
89.12
89.12
89.12
89.12
89.12
89.12
80.76
80.76
80.76
80.76
80.76
80.76
81.06
81.06
81.06
81.06
81.06
81.06
81.06
81.06
81.06
89.40
89.40
89.40
89.40
89.40
89.40
88.36
88.36
88.36
88.36
88.36
88.36
88.36
88.36
88.36
93.88
93.88
93.88
93.88
93.88
93.88
93.88
93.88
93.88
93.88
93.88
93.88
