57.57
57.57
57.57
57.57
57.57
76.16
76.16
76.16
76.16
76.16
76.16
76.16
76.16
76.16
84.17
84.17
84.17
84.17
84.17
84.17
84.17
84.17
84.17
84.17
84.17
84.17
87.96
87.96
87.96
87.96
87.96
87.96
87.96
87.19
87.19
87.19
87.19
87.19
87.19
87.19
87.19
87.19
87.19
87.19
89.11
89.11
89.11
89.11
89.11
85.82
85.82
85.82
85.82
85.82
85.82
85.82
85.82
82.09
82.09
82.09
82.09
82.09
82.09
82.09
82.09
82.09
82.09
82.09
84.99
84.99
84.99
84.99
84.99
84.99
84.99
84.99
83.06
83.06
83.06
83.06
83.06
83.06
83.06
83.06
83.06
83.06
83.06
79.27
79.27
79.27
79.27
79.27
79.27
79.27
79.27
71.39
71.39
71.39
71.39
70.17
70.17
70.17
70.17
70.17
70.17
70.17
70.17
71.74
71.74
71.74
71.74
71.74
71.74
71.74
71.74
74.70
74.70
74.70
74.70
74.70
74.70
74.70
74.70
74.70
75.29
75.29
75.29
75.29
75.29
75.29
75.29
75.29
75.29
82.45
82.45
82.45
82.45
82.45
82.45
82.45
82.45
83.64
83.64
83.64
83.64
83.64
83.64
83.64
83.64
85.47
85.47
85.47
85.47
85.47
85.47
85.47
86.45
86.45
86.45
86.45
86.45
86.45
86.45
86.45
86.45
86.45
86.45
85.66
85.66
85.66
85.66
85.66
85.66
85.66
85.66
85.66
85.46
85.46
85.46
85.46
85.46
85.46
85.46
85.46
85.46
83.50
83.50
83.50
83.50
86.21
86.21
86.21
86.21
86.21
86.21
86.21
86.21
88.21
88.21
88.21
88.21
88.21
88.21
88.21
88.21
87.53
87.53
87.53
87.53
87.53
87.53
87.53
87.53
86.93
86.93
86.93
86.93
86.93
86.93
86.93
86.93
86.93
86.93
86.93
86.52
86.52
86.52
86.52
86.52
86.52
86.52
86.52
81.78
81.78
81.78
81.78
81.78
81.78
81.78
81.78
81.78
81.78
81.78
