98.57
98.57
98.57
98.57
98.57
98.57
98.57
98.57
98.57
98.57
98.57
98.56
98.56
98.56
98.56
98.56
98.56
98.56
98.58
98.58
98.58
98.58
98.58
98.58
98.58
98.58
98.34
98.34
98.34
98.34
98.34
98.34
98.09
98.09
98.09
98.09
98.09
96.95
96.95
96.95
96.95
96.95
96.95
96.95
95.66
95.66
95.66
95.66
95.66
95.66
95.66
95.66
95.66
95.66
90.43
90.43
90.43
90.43
90.43
90.43
90.43
90.43
90.43
90.43
90.43
84.65
84.65
84.65
84.65
84.65
84.65
84.65
84.65
80.45
80.45
80.45
80.45
80.45
80.45
80.45
80.45
84.09
84.09
84.09
84.09
84.09
84.09
87.46
87.46
87.46
87.46
91.52
91.52
91.52
91.52
91.52
91.52
93.31
93.31
93.31
93.31
93.31
93.31
93.31
93.31
94.20
94.20
94.20
94.20
94.20
94.20
94.87
94.87
94.87
94.87
94.87
94.87
94.87
94.87
95.69
95.69
95.69
95.69
97.11
97.11
97.11
97.11
97.11
97.11
97.11
97.11
97.88
97.88
97.88
97.88
97.88
97.88
98.25
98.25
98.25
98.25
98.10
98.10
98.10
98.10
98.73
98.73
98.73
98.73
98.73
98.80
98.80
98.80
98.80
98.80
98.80
98.80
98.80
98.75
98.75
98.75
98.75
98.75
98.75
98.75
98.75
98.63
98.63
98.63
98.63
98.63
98.63
97.43
97.43
97.43
97.43
97.43
97.43
97.43
97.43
96.90
96.90
96.90
96.90
98.35
98.35
98.35
98.35
98.35
98.35
98.35
98.65
98.65
98.65
98.65
98.65
98.65
98.65
98.65
98.65
98.65
98.65
98.76
98.76
98.76
98.76
98.76
98.76
98.76
98.76
98.76
98.77
98.77
98.77
98.77
98.76
98.76
98.76
98.76
98.76
98.76
98.76
98.76
98.49
98.49
98.49
98.49
98.49
98.49
98.49
97.72
97.72
97.72
97.72
97.72
97.72
95.98
95.98
95.98
95.98
95.98
95.98
95.98
95.98
95.98
95.98
95.98
95.98
95.98
95.98
89.27
89.27
89.27
89.27
94.83
94.83
94.83
94.83
94.83
94.83
94.83
94.83
94.83
94.83
94.83
94.83
92.68
92.68
92.68
92.68
92.68
92.68
94.08
94.08
94.08
94.08
94.08
94.08
94.08
94.08
94.08
94.11
94.11
94.11
94.11
94.11
94.11
93.36
93.36
93.36
93.36
93.36
93.87
93.87
93.87
93.87
93.87
93.87
93.87
93.87
95.46
95.46
95.46
95.46
95.46
95.46
95.46
95.46
95.46
95.46
95.46
94.57
94.57
94.57
94.57
94.57
94.57
94.57
94.57
93.15
93.15
93.15
93.15
93.15
93.15
93.15
93.15
96.63
96.63
96.63
96.63
96.63
96.63
96.63
96.63
97.11
97.11
97.11
97.11
97.11
97.11
97.11
97.11
97.11
97.11
97.11
97.37
97.37
97.37
97.37
97.37
97.37
97.37
98.64
98.64
98.64
98.64
98.64
98.64
98.64
98.64
98.64
98.64
98.64
98.71
98.71
98.71
98.71
98.71
98.71
98.71
98.74
98.74
98.74
98.74
98.74
98.74
98.74
98.74
98.74
98.72
98.72
98.72
98.72
98.72
98.72
98.72
