93.50
93.50
93.50
93.50
93.50
93.50
93.50
93.50
93.50
93.50
93.50
92.09
92.09
92.09
92.09
92.09
92.09
92.09
92.09
92.09
93.38
93.38
93.38
93.38
93.38
93.38
93.38
93.38
93.38
95.30
95.30
95.30
95.30
95.30
95.21
95.21
95.21
95.21
95.21
95.21
95.21
95.21
95.21
94.92
94.92
94.92
94.92
96.14
96.14
96.14
96.14
96.14
96.14
96.14
96.14
97.36
97.36
97.36
97.36
97.36
97.36
97.36
97.36
97.12
97.12
97.12
97.12
97.12
97.12
97.12
97.12
97.12
96.58
96.58
96.58
96.58
96.58
96.58
96.58
96.58
96.58
96.58
96.58
97.84
97.84
97.84
97.84
97.84
97.55
97.55
97.55
97.55
97.55
97.55
97.55
97.55
97.55
97.55
97.55
97.40
97.40
97.40
97.40
97.40
97.40
97.40
97.40
97.40
96.68
96.68
96.68
96.68
96.68
96.68
96.58
96.58
96.58
96.58
97.37
97.37
97.37
97.37
97.86
97.86
97.86
97.86
97.86
97.86
98.36
98.36
98.36
98.36
98.36
98.36
98.36
98.36
98.27
98.27
98.27
98.27
98.27
98.27
98.27
98.27
98.27
98.27
98.27
96.93
96.93
96.93
96.93
96.93
96.93
96.93
96.93
96.34
96.34
96.34
96.34
93.74
93.74
93.74
93.74
93.74
93.74
93.74
91.29
91.29
91.29
91.29
91.29
91.29
91.29
91.29
91.29
87.78
87.78
87.78
87.78
87.78
87.78
87.78
87.78
87.78
84.79
84.79
84.79
84.79
84.79
84.79
84.79
85.74
85.74
85.74
85.74
88.61
88.61
88.61
88.61
88.61
88.61
88.61
93.27
93.27
93.27
93.27
93.27
93.27
93.27
93.27
95.42
95.42
95.42
95.42
95.42
95.42
95.42
95.42
95.42
97.37
97.37
97.37
97.37
97.37
97.37
97.37
97.37
97.37
97.37
97.37
96.71
96.71
96.71
96.71
96.71
96.71
96.71
96.71
97.16
97.16
97.16
97.16
97.16
97.16
97.16
97.43
97.43
97.43
97.43
97.43
97.43
97.43
97.43
97.43
97.43
97.43
95.94
95.94
95.94
95.94
95.94
95.94
95.94
95.94
95.94
95.81
95.81
95.81
95.81
95.81
95.81
95.81
95.81
95.81
96.17
96.17
96.17
96.17
96.17
96.17
96.17
96.17
95.16
95.16
95.16
95.16
95.16
95.16
95.16
95.16
95.16
95.16
95.16
96.14
96.14
96.14
96.14
96.14
96.14
96.14
96.14
96.14
96.14
96.14
94.84
94.84
94.84
94.84
94.84
94.84
94.84
