89.38
89.38
89.38
89.38
89.38
89.38
92.45
92.45
92.45
92.45
92.45
92.45
92.45
94.53
94.53
94.53
94.53
94.53
94.53
94.53
94.53
96.32
96.32
96.32
96.32
96.32
96.32
96.32
96.32
96.32
96.36
96.36
96.36
96.36
96.36
96.36
96.76
96.76
96.76
96.76
96.76
96.76
96.76
96.76
96.76
96.76
96.76
98.24
98.24
98.24
98.24
98.24
98.24
98.24
98.24
97.90
97.90
97.90
97.90
97.90
97.90
97.90
97.48
97.48
97.48
97.48
97.48
97.48
97.48
97.48
97.48
97.48
97.48
97.48
96.67
96.67
96.67
96.67
96.67
95.93
95.93
95.93
95.93
95.93
95.93
95.93
95.93
95.93
92.45
92.45
92.45
92.45
92.45
92.45
92.45
92.45
93.47
93.47
93.47
93.47
93.47
93.47
96.21
96.21
96.21
96.21
96.21
96.21
96.21
96.21
96.21
96.21
96.21
96.41
96.41
96.41
96.41
96.41
96.41
96.41
97.90
97.90
97.90
97.90
97.90
97.90
97.90
97.50
97.50
97.50
97.50
97.50
97.50
97.50
97.50
97.50
97.50
97.50
96.50
96.50
96.50
96.50
96.50
96.50
96.50
97.70
97.70
97.70
97.70
97.70
97.70
97.70
97.70
97.69
97.69
97.69
97.69
97.69
97.69
97.69
96.30
96.30
96.30
96.30
96.30
96.30
96.30
95.66
95.66
95.66
95.66
95.66
95.66
95.66
95.66
96.95
96.95
96.95
96.95
98.40
98.40
98.40
98.40
98.40
98.40
98.40
98.41
98.41
98.41
98.41
98.41
97.30
97.30
97.30
97.30
97.30
97.30
97.30
92.31
92.31
92.31
92.31
92.31
88.40
88.40
88.40
88.40
88.40
88.40
88.40
88.40
94.67
94.67
94.67
94.67
94.67
94.67
94.67
96.02
96.02
96.02
96.02
96.02
96.02
96.02
97.93
97.93
97.93
97.93
97.93
97.93
97.93
97.93
97.93
97.93
97.93
97.93
97.93
97.93
97.34
97.34
97.34
97.34
97.34
97.34
97.34
97.34
97.34
97.34
96.25
96.25
96.25
96.25
96.25
96.25
96.25
96.60
96.60
96.60
96.60
97.64
97.64
97.64
97.64
97.64
97.82
97.82
97.82
97.82
97.82
97.82
97.82
97.82
96.47
96.47
96.47
96.47
96.47
