98.19
98.19
98.19
98.19
98.19
98.19
98.75
98.75
98.75
98.75
98.75
98.75
98.69
98.69
98.69
98.69
98.69
98.69
98.69
98.69
98.69
98.69
98.69
98.69
98.62
98.62
98.62
98.62
98.62
98.62
98.62
98.31
98.31
98.31
98.31
98.31
98.31
98.31
98.31
98.31
97.81
97.81
97.81
97.81
97.81
97.81
97.81
98.31
98.31
98.31
98.31
98.44
98.44
98.44
98.44
98.44
98.44
98.44
98.44
98.44
98.44
98.44
98.44
98.44
98.44
98.44
98.44
98.19
98.19
98.19
98.19
98.19
98.44
98.44
98.44
98.44
98.44
98.44
98.81
98.81
98.81
98.81
98.81
98.81
98.81
98.81
98.88
98.88
98.88
98.88
98.88
98.88
98.88
98.88
98.88
98.88
98.88
98.88
98.88
98.88
98.88
98.94
98.94
98.94
98.94
98.94
98.94
98.94
98.94
98.88
98.88
98.88
98.88
98.88
98.88
98.88
98.88
98.88
98.88
98.88
98.88
98.88
98.88
98.94
98.94
98.94
98.94
98.94
98.94
98.94
98.94
98.81
98.81
98.81
98.81
98.81
98.81
98.81
98.81
98.81
98.81
98.81
98.81
98.81
98.81
98.56
98.56
98.56
98.56
98.56
98.56
98.56
98.69
98.69
98.69
98.69
98.69
98.69
98.69
98.69
98.31
98.31
98.31
98.31
98.31
98.31
98.31
98.31
97.69
97.69
97.69
97.69
97.69
97.69
97.69
97.69
96.50
96.50
96.50
96.50
96.50
96.50
96.50
96.50
96.12
96.12
96.12
96.12
97.44
97.44
97.44
97.44
97.44
97.44
97.88
97.88
97.88
97.88
97.88
97.88
97.88
97.88
97.88
97.88
97.88
97.88
97.81
97.81
97.81
97.81
97.81
97.81
97.81
98.25
98.25
98.25
98.25
98.25
98.25
98.25
98.25
98.25
98.25
98.25
98.25
98.25
98.25
98.12
98.12
98.12
98.12
98.12
98.12
97.81
97.81
97.81
97.81
97.81
97.81
97.81
97.81
97.38
97.38
97.38
97.38
97.38
97.38
98.12
98.12
98.12
98.12
98.12
98.12
98.12
98.12
98.06
98.06
98.06
98.06
98.06
98.06
98.69
98.69
98.69
98.69
98.69
98.69
98.69
98.75
98.75
98.75
98.75
98.75
98.75
98.75
98.75
98.75
98.75
98.75
98.75
