36.53
36.53
36.53
36.53
36.53
36.53
36.53
36.53
41.63
41.63
41.63
41.63
41.63
41.63
41.63
44.78
44.78
44.78
44.78
44.78
44.78
49.72
49.72
49.72
49.72
49.72
49.72
49.72
51.68
51.68
51.68
51.68
51.68
51.68
51.68
51.68
66.19
66.19
66.19
66.19
66.19
66.19
78.66
78.66
78.66
78.66
78.66
78.66
78.66
78.66
85.28
85.28
85.28
85.28
85.28
85.28
85.28
85.63
85.63
85.63
85.63
85.63
85.63
85.63
85.63
85.63
89.47
89.47
89.47
89.47
89.47
89.47
93.16
93.16
93.16
93.16
93.16
93.16
93.16
93.16
96.62
96.62
96.62
96.62
96.62
96.62
96.62
96.62
96.62
96.62
96.62
98.48
98.48
98.48
98.48
98.48
98.48
98.48
98.48
97.81
97.81
97.81
97.81
97.81
98.14
98.14
98.14
98.14
98.14
98.14
98.14
98.14
98.45
98.45
98.45
98.45
98.45
98.45
98.45
98.75
98.75
98.75
98.75
98.75
98.75
98.75
98.75
98.87
98.87
98.87
98.87
98.87
98.87
98.87
98.77
98.77
98.77
98.77
98.77
98.77
98.77
98.77
98.83
98.83
98.83
98.83
98.83
98.83
98.83
98.83
98.83
98.87
98.87
98.87
98.87
98.87
98.85
98.85
98.85
98.85
98.85
98.85
98.85
98.85
98.85
98.85
98.85
98.70
98.70
98.70
98.70
98.70
98.70
98.70
98.70
98.70
98.71
98.71
98.71
98.71
98.71
98.71
98.71
98.71
98.58
98.58
98.58
98.58
98.78
98.78
98.78
98.78
98.78
98.78
98.78
98.78
98.78
98.86
98.86
98.86
98.86
98.86
98.86
98.86
98.86
98.86
98.86
98.86
98.87
98.87
98.87
98.87
98.87
98.87
98.87
98.80
98.80
98.80
98.80
98.80
98.80
98.80
98.64
98.64
98.64
98.64
98.64
98.64
98.64
97.66
97.66
97.66
97.66
97.66
97.66
97.66
97.66
93.53
93.53
93.53
93.53
93.53
93.53
93.53
93.53
86.81
86.81
86.81
86.81
86.81
86.81
86.81
86.81
79.03
79.03
79.03
79.03
79.03
79.03
79.03
82.61
82.61
82.61
82.61
82.61
82.61
83.93
83.93
83.93
83.93
83.93
83.93
83.93
83.93
83.93
83.93
83.93
83.90
83.90
83.90
83.90
83.90
83.90
83.90
83.90
83.90
88.49
88.49
88.49
88.49
88.49
88.49
88.49
88.49
