94.01
94.01
94.01
94.01
94.01
94.01
94.01
94.01
94.64
94.64
94.64
94.64
94.64
92.75
92.75
92.75
92.75
92.75
92.75
92.75
92.75
90.06
90.06
90.06
90.06
90.06
90.06
90.06
89.92
89.92
89.92
89.92
89.92
89.92
89.92
89.92
89.92
89.92
89.92
91.22
91.22
91.22
91.22
94.60
94.60
94.60
94.60
94.60
94.60
94.60
97.01
97.01
97.01
97.01
97.01
98.30
98.30
98.30
98.30
98.30
98.30
98.30
98.30
98.30
98.30
98.30
98.30
98.61
98.61
98.61
98.61
98.61
98.61
98.61
98.52
98.52
98.52
98.52
98.52
98.52
98.52
98.81
98.81
98.81
98.81
98.81
98.81
98.89
98.89
98.89
98.89
98.89
98.89
98.89
98.86
98.86
98.86
98.86
98.86
98.86
98.86
98.86
98.81
98.81
98.81
98.81
98.81
98.55
98.55
98.55
98.55
98.55
98.55
98.55
98.55
98.55
98.47
98.47
98.47
98.47
98.47
98.47
98.47
98.47
98.47
98.47
98.15
98.15
98.15
98.15
98.15
98.15
98.15
98.12
98.12
98.12
98.12
98.12
98.12
98.50
98.50
98.50
98.50
98.50
98.50
98.50
97.74
97.74
97.74
97.74
97.74
97.74
97.74
97.68
97.68
97.68
97.68
97.68
97.68
97.68
98.45
98.45
98.45
98.45
98.49
98.49
98.49
98.49
98.49
98.49
98.49
98.49
98.54
98.54
98.54
98.54
98.54
98.54
98.80
98.80
98.80
98.80
98.80
98.82
98.82
98.82
98.82
98.82
98.82
98.82
98.82
98.82
98.82
98.86
98.86
98.86
98.86
98.86
98.86
98.86
98.86
98.89
98.89
98.89
98.89
98.89
98.89
98.89
98.89
98.89
98.89
98.89
98.93
98.93
98.93
98.93
98.93
98.90
98.90
98.90
98.90
98.90
98.90
98.90
98.90
98.91
98.91
98.91
98.91
98.91
98.93
98.93
98.93
98.93
98.93
98.93
98.91
98.91
98.91
98.91
98.91
98.91
98.91
98.91
98.91
98.91
98.91
98.83
98.83
98.83
98.83
98.83
98.83
98.83
98.83
98.91
98.91
98.91
98.91
98.91
98.91
98.91
98.91
98.81
98.81
98.81
98.81
98.81
98.70
98.70
98.70
98.70
98.70
97.80
97.80
97.80
97.80
97.80
97.80
97.80
97.56
97.56
97.56
97.56
97.56
97.56
97.56
97.56
98.30
98.30
98.30
98.30
98.30
98.60
98.60
98.60
98.60
98.60
98.60
98.60
98.60
98.60
98.75
98.75
98.75
98.75
98.75
98.75
98.75
98.48
98.48
98.48
98.48
98.48
98.48
98.77
98.77
98.77
98.77
98.77
98.77
98.77
98.77
98.77
98.77
