98.31
98.31
98.31
98.31
98.31
98.31
98.31
98.31
98.31
98.50
98.50
98.50
98.50
98.50
98.50
98.50
98.19
98.19
98.19
98.19
98.19
98.19
98.19
98.19
98.19
98.56
98.56
98.56
98.56
98.56
98.56
98.56
98.06
98.06
98.06
98.06
98.06
98.06
98.06
98.06
98.06
97.19
97.19
97.19
97.19
97.19
97.19
97.19
97.19
97.19
96.25
96.25
96.25
96.25
96.25
96.25
96.25
96.25
96.25
96.25
96.25
96.25
94.88
94.88
94.88
94.88
94.88
94.88
94.88
94.94
94.94
94.94
94.94
94.94
94.94
94.94
94.94
94.94
95.44
95.44
95.44
95.44
95.44
95.44
95.44
95.44
95.44
97.00
97.00
97.00
97.00
97.00
97.00
97.00
96.94
96.94
96.94
96.94
96.94
96.75
96.75
96.75
96.75
96.75
96.75
96.75
96.75
96.75
97.12
97.12
97.12
97.12
97.12
97.12
97.12
97.12
97.12
98.19
98.19
98.19
98.19
98.19
98.19
98.19
98.19
98.19
98.19
98.19
98.06
98.06
98.06
98.06
98.06
98.06
98.06
98.06
