98.88
98.88
98.88
98.88
98.88
98.88
98.88
98.88
98.81
98.81
98.81
98.81
98.94
98.94
98.94
98.94
98.94
98.94
98.94
98.94
98.94
98.94
98.94
98.94
98.88
98.88
98.88
98.88
98.94
98.94
98.94
98.94
98.94
98.94
98.94
98.94
98.94
98.94
98.94
98.94
98.94
98.94
98.94
98.94
98.94
98.88
98.88
98.88
98.88
98.88
98.88
98.88
98.88
98.94
98.94
98.94
98.94
98.94
98.94
98.94
98.75
98.75
98.75
98.75
98.75
98.75
98.75
98.75
98.75
98.69
98.69
98.69
98.69
98.69
98.69
98.69
98.69
98.69
98.69
98.69
98.69
98.81
98.81
98.81
98.81
98.81
98.62
98.62
98.62
98.62
98.62
98.62
98.62
98.81
98.81
98.81
98.81
98.81
98.81
98.81
98.50
98.50
98.50
98.50
98.50
98.50
98.50
98.50
97.69
97.69
97.69
97.69
97.69
97.69
94.62
94.62
94.62
94.62
94.62
94.62
94.62
94.62
94.62
91.31
91.31
91.31
91.31
91.31
91.31
91.31
91.31
91.31
89.31
89.31
89.31
89.31
94.94
94.94
94.94
94.94
94.94
94.94
94.94
94.94
94.94
94.94
94.94
95.94
95.94
95.94
95.94
95.94
93.69
93.69
93.69
93.69
93.69
78.38
78.38
78.38
78.38
93.06
93.06
93.06
93.06
93.06
93.06
93.06
93.06
93.06
93.06
93.06
94.75
94.75
94.75
94.75
94.75
94.75
94.75
98.06
98.06
98.06
98.06
98.62
98.62
98.62
98.62
98.62
98.62
98.62
98.62
98.81
98.81
98.81
98.81
98.88
98.88
98.88
98.88
98.88
98.88
98.88
98.88
98.88
98.88
98.88
98.88
98.88
98.88
98.88
98.88
98.88
98.88
98.88
98.88
98.94
98.94
98.94
98.94
98.88
98.88
98.88
98.88
98.88
98.88
98.88
98.88
98.88
98.88
98.88
98.88
98.88
98.88
98.88
