97.25
97.25
97.25
97.25
97.25
97.25
97.25
97.25
96.30
96.30
96.30
96.30
96.30
96.30
96.30
96.30
96.25
96.25
96.25
96.25
96.25
96.25
96.25
96.25
96.25
96.25
96.25
90.92
90.92
90.92
90.92
90.92
92.13
92.13
92.13
92.13
95.33
95.33
95.33
95.33
95.33
95.33
92.79
92.79
92.79
92.79
92.79
89.67
89.67
89.67
89.67
89.67
89.67
89.67
89.29
89.29
89.29
89.29
89.29
89.29
89.29
89.29
89.29
89.36
89.36
89.36
89.36
89.36
89.36
89.36
91.25
91.25
91.25
91.25
91.25
91.25
91.25
91.25
88.03
88.03
88.03
88.03
88.03
88.38
88.38
88.38
88.38
88.38
88.38
92.57
92.57
92.57
92.57
92.57
92.57
92.57
92.57
93.63
93.63
93.63
93.63
93.63
93.63
93.63
93.63
93.63
94.24
94.24
94.24
94.24
94.24
94.24
94.24
94.16
94.16
94.16
94.16
94.16
94.16
94.16
94.16
93.35
93.35
93.35
93.35
93.35
93.35
95.69
95.69
95.69
95.69
95.69
95.69
95.69
95.69
95.72
95.72
95.72
95.72
95.72
95.72
95.72
97.48
97.48
97.48
97.48
97.48
97.48
96.67
96.67
96.67
96.67
96.67
96.67
96.67
96.67
96.67
98.06
98.06
98.06
98.06
98.06
98.06
98.06
97.14
97.14
97.14
97.14
97.14
97.14
97.63
97.63
97.63
97.63
97.63
97.63
97.63
97.63
98.36
98.36
98.36
98.36
98.36
98.14
98.14
98.14
98.14
98.14
98.14
98.14
98.14
96.39
96.39
96.39
96.39
97.40
97.40
97.40
97.40
97.40
97.40
97.40
97.40
97.40
97.40
97.40
97.33
97.33
97.33
97.33
97.33
97.33
97.33
97.94
97.94
97.94
97.94
97.94
97.32
97.32
97.32
97.32
97.32
97.32
97.32
95.29
95.29
95.29
95.29
95.29
95.29
95.29
95.29
95.29
94.32
94.32
94.32
94.32
94.32
94.32
94.32
94.32
91.54
91.54
91.54
91.54
91.54
91.54
90.57
90.57
90.57
90.57
90.57
90.57
90.57
90.57
89.32
89.32
89.32
89.32
89.32
89.32
89.32
89.32
87.85
87.85
87.85
87.85
87.85
87.85
87.85
85.33
85.33
85.33
85.33
85.33
85.33
85.33
85.33
85.33
85.48
85.48
85.48
85.48
85.48
85.48
85.48
85.48
85.48
89.53
89.53
89.53
89.53
89.53
91.60
91.60
91.60
91.60
91.60
91.60
91.60
