95.77
95.77
95.77
95.77
95.77
95.77
96.89
96.89
96.89
96.89
96.89
96.89
96.89
96.89
96.89
97.14
97.14
97.14
97.14
97.14
97.14
97.14
97.81
97.81
97.81
97.81
97.81
97.81
97.81
97.81
97.54
97.54
97.54
97.54
97.54
97.54
97.54
97.54
97.54
96.83
96.83
96.83
96.83
96.83
96.21
96.21
96.21
96.21
96.21
96.21
96.21
96.21
97.23
97.23
97.23
97.23
97.23
97.23
97.23
97.23
97.75
97.75
97.75
97.75
97.75
97.75
97.75
97.75
97.75
97.75
97.75
97.75
97.06
97.06
97.06
97.06
97.10
97.10
97.10
97.10
97.10
97.10
97.92
97.92
97.92
97.92
97.92
97.82
97.82
97.82
97.82
97.82
97.82
97.82
97.82
97.68
97.68
97.68
97.68
97.68
97.68
97.68
96.27
96.27
96.27
96.27
96.27
96.27
97.85
97.85
97.85
97.85
97.85
97.85
97.85
97.85
97.85
97.85
97.85
97.85
97.85
97.85
97.50
97.50
97.50
97.50
97.50
97.50
97.50
97.50
97.50
97.50
97.50
97.50
97.50
97.50
96.97
96.97
96.97
96.97
96.97
96.97
96.97
96.65
96.65
96.65
96.65
96.65
97.23
97.23
97.23
97.23
97.23
97.23
97.23
97.23
97.23
97.46
97.46
97.46
97.46
97.46
97.46
97.46
97.66
97.66
97.66
97.66
97.66
97.43
97.43
97.43
97.43
97.43
97.43
97.43
97.43
98.00
98.00
98.00
98.00
98.00
98.00
98.00
97.82
97.82
97.82
97.82
97.82
97.82
97.82
97.82
97.47
97.47
97.47
97.47
97.47
97.47
97.47
97.47
97.98
97.98
97.98
97.98
97.98
97.98
97.98
98.08
98.08
98.08
98.08
98.08
98.08
98.08
98.08
98.08
98.08
98.08
98.08
97.93
97.93
97.93
97.93
97.93
97.93
97.93
97.64
97.64
97.64
97.64
97.64
97.64
97.64
97.64
97.87
97.87
97.87
97.87
97.87
97.87
97.87
97.87
97.87
97.87
97.87
97.87
97.87
97.87
97.46
97.46
97.46
97.46
97.46
97.46
97.63
97.63
97.63
97.63
97.63
97.12
97.12
97.12
97.12
97.64
97.64
97.64
97.64
97.64
96.83
96.83
96.83
96.83
96.83
96.83
96.83
96.83
97.49
97.49
97.49
97.49
97.49
97.49
97.49
97.49
97.28
97.28
97.28
97.28
97.28
97.28
97.28
97.28
97.28
97.28
97.28
97.28
97.28
97.28
97.28
97.83
97.83
97.83
97.83
97.83
97.83
97.83
97.83
97.83
97.99
97.99
97.99
97.99
97.99
97.99
97.99
97.99
97.82
97.82
97.82
97.82
97.82
97.82
97.82
97.82
97.82
97.82
97.82
97.82
97.82
97.82
97.40
97.40
97.40
97.40
97.40
97.40
97.40
97.40
97.40
97.40
97.40
97.56
97.56
97.56
97.56
97.56
97.56
97.56
97.56
97.56
97.25
97.25
97.25
97.25
97.25
97.25
97.25
97.25
95.17
95.17
95.17
95.17
95.17
95.17
95.17
95.17
95.17
94.96
94.96
94.96
94.96
94.96
94.96
95.46
95.46
95.46
95.46
95.46
95.46
95.46
94.09
94.09
94.09
94.09
94.09
94.09
94.09
94.09
94.09
94.09
94.09
89.64
89.64
89.64
89.64
89.64
89.64
89.64
81.30
81.30
81.30
81.30
81.30
81.30
81.30
81.30
81.30
74.79
74.79
74.79
74.79
74.79
74.79
74.79
55.16
55.16
55.16
55.16
55.16
55.16
55.16
55.16
55.16
