98.88
98.88
98.88
98.88
98.88
98.88
98.88
98.88
98.88
98.88
98.88
98.88
98.88
98.88
98.88
98.88
98.44
98.44
98.44
98.44
98.44
98.44
98.44
98.44
98.44
98.44
98.44
98.44
93.94
93.94
93.94
93.94
93.94
93.94
95.62
95.62
95.62
95.62
95.31
95.31
95.31
95.31
95.31
95.31
95.31
96.31
96.31
96.31
96.31
96.31
97.44
97.44
97.44
97.44
97.44
97.44
97.44
97.44
97.44
96.69
96.69
96.69
96.69
96.69
96.69
96.69
96.81
96.81
96.81
96.81
96.81
96.81
96.81
96.81
96.81
96.81
96.81
96.81
96.81
96.81
95.31
95.31
95.31
95.31
95.31
95.31
95.31
95.31
95.31
95.31
91.25
91.25
91.25
91.25
91.25
91.25
91.25
91.25
91.25
91.25
91.25
91.50
91.50
91.50
91.50
91.50
91.50
91.50
91.50
94.12
94.12
94.12
94.12
94.12
94.12
94.56
94.56
94.56
94.56
94.56
94.56
94.56
95.50
95.50
95.50
95.50
95.50
96.69
96.69
96.69
96.69
96.69
96.69
96.69
96.69
96.69
96.69
96.69
96.69
96.69
96.69
95.69
95.69
95.69
95.69
96.75
96.75
96.75
96.75
96.75
95.62
95.62
95.62
95.62
95.62
95.62
95.62
95.62
95.62
96.81
96.81
96.81
96.81
96.81
96.81
96.81
96.81
96.81
96.81
96.81
98.06
98.06
98.06
98.06
98.06
98.06
98.06
98.06
98.06
98.06
98.06
94.88
94.88
94.88
94.88
94.88
94.88
94.88
96.56
96.56
96.56
96.56
96.56
96.56
96.56
96.56
96.56
97.69
97.69
97.69
97.69
97.69
97.69
97.69
97.69
97.50
97.50
97.50
97.50
97.50
96.00
96.00
96.00
96.00
96.56
96.56
96.56
96.56
96.56
96.56
97.38
97.38
97.38
97.38
97.38
97.38
97.38
97.38
94.06
94.06
94.06
94.06
94.06
94.06
94.06
95.25
95.25
95.25
95.25
95.25
95.25
95.25
97.19
97.19
97.19
97.19
97.19
97.19
97.19
97.12
97.12
97.12
97.12
97.12
97.12
97.12
95.50
95.50
95.50
95.50
95.50
95.50
95.50
95.50
95.50
