93.62
93.62
93.62
93.62
93.62
93.62
93.62
93.62
93.62
95.62
95.62
95.62
95.62
95.62
95.62
95.62
95.62
97.56
97.56
97.56
97.56
97.56
97.56
97.56
97.56
98.56
98.56
98.56
98.56
98.56
98.56
98.56
98.56
98.81
98.81
98.81
98.81
98.81
98.81
98.81
98.81
98.81
98.81
98.81
98.81
98.81
98.81
98.81
98.88
98.88
98.88
98.88
98.88
98.88
98.88
98.88
98.88
98.88
98.88
98.88
98.88
98.88
98.88
98.88
98.88
98.88
98.88
98.88
98.88
98.88
98.88
98.88
98.88
98.88
98.88
98.88
98.88
98.88
98.88
98.88
98.88
98.88
98.88
98.88
98.88
98.88
98.94
98.94
98.94
98.94
98.94
98.94
98.94
98.94
98.88
98.88
98.88
98.88
98.88
98.88
98.88
98.88
98.88
98.88
98.88
98.88
98.88
98.88
98.88
98.88
98.88
98.88
98.81
98.81
98.81
98.81
98.81
98.81
98.81
98.81
98.81
98.81
98.81
98.81
98.81
98.75
98.75
98.75
98.75
98.75
98.75
98.75
98.75
98.75
98.62
98.62
98.62
98.62
98.62
98.62
98.62
98.62
98.12
98.12
98.12
98.12
98.12
98.12
98.12
98.12
98.06
98.06
98.06
98.06
98.81
98.81
98.81
98.81
98.81
98.81
98.81
98.81
98.88
98.88
98.88
98.88
98.88
98.88
98.88
98.88
98.88
98.88
98.88
98.88
98.88
98.88
98.88
98.88
98.81
98.81
98.81
98.81
98.81
98.88
98.88
98.88
98.88
98.88
98.88
98.88
98.88
98.88
98.88
98.88
98.88
98.88
98.88
98.88
98.88
98.88
98.62
98.62
98.62
98.62
98.62
98.62
98.62
98.62
98.81
98.81
98.81
98.81
98.81
98.81
98.81
98.81
98.31
98.31
98.31
98.31
98.31
98.31
98.31
98.31
98.31
96.31
96.31
96.31
96.31
96.31
96.31
96.31
96.31
97.81
97.81
97.81
97.81
97.81
97.81
97.81
97.94
97.94
97.94
97.94
97.94
97.94
97.94
97.94
97.94
98.12
98.12
98.12
98.12
98.12
98.12
98.12
98.12
97.69
97.69
97.69
97.69
97.69
97.69
97.69
97.69
97.69
98.62
98.62
98.62
98.62
98.62
98.62
98.62
98.62
98.62
98.62
98.62
98.62
98.62
98.62
98.62
98.62
98.62
98.62
98.62
98.62
98.62
98.62
98.62
98.62
98.62
98.62
98.62
98.62
98.62
98.62
98.31
98.31
98.31
98.31
98.31
98.31
98.31
98.31
98.31
97.44
97.44
97.44
97.44
97.44
97.44
97.44
97.44
98.19
98.19
98.19
98.19
98.19
98.19
98.19
98.19
98.31
98.31
98.31
98.31
98.31
98.31
98.31
98.31
98.12
98.12
98.12
98.12
98.12
98.12
95.38
95.38
95.38
95.38
95.38
95.38
95.38
95.38
95.38
96.31
96.31
96.31
96.31
96.31
96.31
96.31
96.31
96.31
98.19
98.19
98.19
98.19
98.19
98.19
98.19
98.19
98.44
98.44
98.44
98.44
98.44
98.44
98.44
98.44
97.44
97.44
97.44
97.44
97.44
97.44
97.44
97.44
