98.63
98.63
98.63
98.63
98.63
98.63
98.73
98.73
98.73
98.73
98.73
98.73
98.73
98.73
98.73
98.73
98.67
98.67
98.67
98.67
98.67
98.67
98.67
98.60
98.60
98.60
98.60
98.60
98.60
98.60
98.71
98.71
98.71
98.71
98.71
98.71
98.71
98.50
98.50
98.50
98.50
98.50
98.50
98.50
98.50
98.50
98.50
98.50
98.04
98.04
98.04
98.04
98.04
98.04
98.04
98.04
97.82
97.82
97.82
97.82
97.82
97.82
97.82
97.82
97.70
97.70
97.70
97.70
97.70
97.70
97.70
97.70
97.70
97.23
97.23
97.23
97.23
97.23
97.23
97.23
96.60
96.60
96.60
96.60
96.60
96.60
96.60
96.60
97.76
97.76
97.76
97.76
97.76
97.76
97.76
97.76
95.51
95.51
95.51
95.51
95.51
95.51
95.51
95.51
95.59
95.59
95.59
95.59
95.59
95.59
95.59
95.59
96.61
96.61
96.61
96.61
96.98
96.98
96.98
96.98
96.98
96.98
96.98
96.98
96.98
97.86
97.86
97.86
97.86
97.86
97.86
97.86
98.24
98.24
98.24
98.24
98.24
98.24
98.52
98.52
98.52
98.52
98.52
98.52
98.52
98.68
98.68
98.68
98.68
98.68
