95.64
95.64
95.64
95.64
98.52
98.52
98.52
98.52
98.52
98.78
98.78
98.78
98.78
98.78
98.78
98.78
98.72
98.72
98.72
98.72
98.72
98.72
98.72
98.81
98.81
98.81
98.81
98.81
98.81
98.81
98.81
98.81
98.81
98.81
98.53
98.53
98.53
98.53
98.53
98.79
98.79
98.79
98.79
98.79
98.79
98.79
98.81
98.81
98.81
98.81
98.81
98.69
98.69
98.69
98.69
98.69
98.69
98.69
98.69
98.69
98.69
98.69
98.64
98.64
98.64
98.64
98.64
98.64
98.64
98.64
98.80
98.80
98.80
98.80
98.80
98.80
98.80
98.80
98.80
98.82
98.82
98.82
98.82
98.82
98.82
98.82
98.82
98.56
98.56
98.56
98.56
98.56
98.56
98.56
98.56
98.39
98.39
98.39
98.39
98.39
98.39
98.39
98.39
98.39
98.26
98.26
98.26
98.26
98.26
98.26
98.26
98.26
98.08
98.08
98.08
98.08
98.08
98.08
98.08
98.08
96.25
96.25
96.25
96.25
96.25
96.25
96.25
96.25
96.25
94.76
94.76
94.76
94.76
96.11
96.11
96.11
96.11
96.11
96.11
96.11
96.11
96.11
96.87
96.87
96.87
96.87
96.87
96.87
96.87
96.87
98.26
98.26
98.26
98.26
98.26
98.26
98.26
98.53
98.53
98.53
98.53
98.53
98.53
98.53
98.63
98.63
98.63
98.63
98.67
98.67
98.67
98.67
98.67
98.67
98.67
98.67
98.67
98.67
97.50
97.50
97.50
97.50
97.50
97.50
97.50
97.50
98.39
98.39
98.39
98.39
98.39
98.39
98.39
98.39
98.08
98.08
98.08
98.08
98.08
98.08
98.08
98.08
98.08
97.92
97.92
97.92
97.92
97.92
97.92
97.92
97.92
97.92
97.92
98.58
98.58
98.58
98.58
98.58
98.58
98.58
98.58
98.56
98.56
98.56
98.56
98.56
98.56
98.56
98.56
98.56
98.56
98.56
98.20
98.20
98.20
98.20
98.20
98.20
98.20
98.20
98.20
98.10
98.10
98.10
98.10
98.10
98.23
98.23
98.23
98.23
98.23
98.23
98.23
98.23
97.89
97.89
97.89
97.89
97.89
97.89
97.89
97.89
97.89
97.96
97.96
97.96
97.96
97.96
97.96
97.96
97.96
97.96
97.23
97.23
97.23
97.23
97.23
97.23
97.23
97.23
96.35
96.35
96.35
96.35
96.35
96.35
96.35
96.35
95.64
95.64
95.64
95.64
95.64
95.64
95.12
95.12
95.12
95.12
96.35
96.35
96.35
96.35
96.35
96.35
96.35
96.35
96.35
96.35
96.35
96.35
95.92
95.92
95.92
95.92
95.92
95.92
95.92
96.68
96.68
96.68
96.68
96.68
96.68
96.68
96.68
