91.48
91.48
91.48
91.48
91.48
91.48
91.48
91.48
91.48
91.48
91.48
95.12
95.12
95.12
95.12
95.12
95.12
95.12
95.12
95.12
95.12
95.12
95.12
95.89
95.89
95.89
95.89
97.59
97.59
97.59
97.59
97.59
97.59
97.59
97.50
97.50
97.50
97.50
97.50
97.50
97.50
97.39
97.39
97.39
97.39
97.39
97.39
97.39
97.39
97.39
95.93
95.93
95.93
95.93
95.93
95.93
95.93
95.93
95.93
95.93
95.93
94.82
94.82
94.82
94.82
94.82
94.82
94.82
94.82
91.57
91.57
91.57
91.57
91.57
91.57
91.57
91.57
91.57
90.76
90.76
90.76
90.76
88.72
88.72
88.72
88.72
92.76
92.76
92.76
92.76
92.76
92.76
92.76
92.76
92.76
95.60
95.60
95.60
95.60
95.60
96.24
96.24
96.24
96.24
96.24
96.24
96.24
96.24
96.30
96.30
96.30
96.30
96.30
96.30
96.60
96.60
96.60
96.60
96.60
96.60
96.60
96.60
96.13
96.13
96.13
96.13
96.13
96.13
96.13
96.13
96.13
95.89
95.89
95.89
95.89
95.89
95.89
95.89
95.89
95.89
93.78
93.78
93.78
93.78
93.78
93.78
93.78
93.78
93.78
94.95
94.95
94.95
94.95
94.95
94.95
94.95
94.26
94.26
94.26
94.26
94.26
94.26
94.26
94.26
95.64
95.64
95.64
95.64
95.64
95.64
95.64
95.64
95.64
96.21
96.21
96.21
96.21
96.21
96.21
96.21
95.53
95.53
95.53
95.53
95.53
95.53
95.53
95.53
95.53
96.58
96.58
96.58
96.58
96.58
96.58
96.56
96.56
96.56
96.56
96.56
96.56
96.56
96.56
97.55
97.55
97.55
97.55
97.55
97.55
97.55
97.55
97.55
97.55
97.55
97.55
97.59
97.59
97.59
97.59
97.59
97.65
97.65
97.65
97.65
97.65
97.65
97.65
95.99
95.99
95.99
95.99
95.99
95.99
95.99
96.71
96.71
96.71
96.71
98.43
98.43
98.43
98.43
98.43
98.43
98.43
98.43
98.62
98.62
98.62
98.62
98.62
98.62
98.62
98.62
98.62
98.62
98.62
98.62
98.69
98.69
98.69
98.69
98.69
98.69
98.69
98.69
98.69
98.69
98.69
98.58
98.58
98.58
98.58
98.58
98.58
98.58
98.58
98.58
98.58
98.58
98.58
