97.40
97.40
97.40
97.40
97.40
97.40
97.40
97.40
97.73
97.73
97.73
97.73
97.73
97.73
97.73
97.73
97.84
97.84
97.84
97.84
97.84
97.84
97.84
97.84
97.84
98.35
98.35
98.35
98.35
98.35
98.59
98.59
98.59
98.59
98.59
98.59
98.59
98.59
98.49
98.49
98.49
98.49
98.49
98.49
98.49
98.49
98.49
98.41
98.41
98.41
98.41
98.41
98.41
98.41
98.41
98.41
98.41
98.41
98.43
98.43
98.43
98.43
98.43
98.43
98.43
98.43
98.43
98.43
98.43
98.34
98.34
98.34
98.34
98.34
98.34
98.34
98.34
98.61
98.61
98.61
98.61
98.73
98.73
98.73
98.73
98.73
98.79
98.79
98.79
98.79
98.79
98.79
98.79
98.79
98.79
98.79
98.79
98.79
98.85
98.85
98.85
98.85
98.85
98.85
98.85
98.85
98.85
98.85
98.85
98.85
98.85
98.85
98.82
98.82
98.82
98.82
98.82
98.82
98.82
98.82
98.82
98.82
98.82
98.83
98.83
98.83
98.83
98.83
98.83
98.83
98.83
98.68
98.68
98.68
98.68
98.68
98.68
98.68
98.68
98.81
98.81
98.81
98.81
98.81
98.81
98.81
98.81
98.81
98.81
98.81
98.79
98.79
98.79
98.79
98.79
98.79
98.79
98.79
98.54
98.54
98.54
98.54
98.54
98.54
98.47
98.47
98.47
98.47
98.47
98.47
98.47
98.47
98.47
98.47
98.47
98.42
98.42
98.42
98.42
98.42
98.42
98.42
97.51
97.51
97.51
97.51
96.42
96.42
96.42
96.42
96.42
96.42
96.42
96.42
96.42
96.23
96.23
96.23
96.23
96.23
96.23
94.80
94.80
94.80
94.80
94.80
94.80
94.80
96.19
96.19
96.19
96.19
96.19
96.19
96.19
96.19
96.19
96.19
96.19
96.19
96.19
96.19
97.22
97.22
97.22
97.22
97.22
97.22
97.22
97.61
97.61
97.61
97.61
97.61
97.61
97.61
97.61
97.61
97.61
97.61
97.61
97.44
97.44
97.44
97.44
98.78
98.78
98.78
98.78
98.78
98.78
98.78
98.78
98.78
98.78
98.91
98.91
98.91
98.91
98.91
98.91
98.91
98.76
98.76
98.76
98.76
98.76
98.76
98.76
98.76
98.76
98.76
98.76
98.76
98.76
98.76
98.71
98.71
98.71
98.71
98.71
98.71
98.84
98.84
98.84
98.84
98.84
98.84
98.84
98.84
98.84
98.53
98.53
98.53
98.53
98.53
98.53
98.53
98.53
98.53
98.49
98.49
98.49
98.49
98.49
98.49
98.49
98.49
98.49
