96.40
96.40
96.40
96.40
96.40
96.40
96.40
96.53
96.53
96.53
96.53
96.53
96.53
96.53
96.53
96.74
96.74
96.74
96.74
96.74
96.74
96.74
96.74
96.74
96.01
96.01
96.01
96.01
96.01
96.01
96.01
96.29
96.29
96.29
96.29
96.29
96.29
96.29
94.41
94.41
94.41
94.41
94.41
93.28
93.28
93.28
93.28
93.28
93.28
93.28
93.28
95.89
95.89
95.89
95.89
95.89
95.89
95.89
94.99
94.99
94.99
94.99
94.99
94.99
94.99
94.99
94.99
96.12
96.12
96.12
96.12
96.12
96.12
96.12
96.12
96.12
96.12
96.12
96.12
94.55
94.55
94.55
94.55
94.55
94.55
94.55
94.55
94.55
94.55
94.55
94.55
94.55
94.55
96.10
96.10
96.10
96.10
96.10
96.10
96.10
96.10
95.57
95.57
95.57
95.57
96.94
96.94
96.94
96.94
96.48
96.48
96.48
96.48
96.48
96.48
96.48
97.96
97.96
97.96
97.96
97.96
97.96
97.96
97.96
97.81
97.81
97.81
97.81
97.81
97.81
97.81
98.46
98.46
98.46
98.46
98.46
98.46
98.46
98.46
97.74
97.74
97.74
97.74
97.74
97.74
97.74
97.74
97.96
97.96
97.96
97.96
97.96
97.96
97.96
97.96
97.96
97.96
97.96
97.96
98.55
98.55
98.55
98.55
98.55
98.55
98.55
98.49
98.49
98.49
98.49
98.49
98.49
98.56
98.56
98.56
98.56
98.56
98.56
98.56
98.56
98.56
98.56
98.56
98.56
98.56
98.56
98.56
98.56
98.56
98.56
98.56
98.56
98.00
98.00
98.00
98.00
98.00
98.00
98.00
98.00
98.00
98.00
98.00
98.05
98.05
98.05
98.05
98.05
98.05
98.05
98.05
96.44
96.44
96.44
96.44
96.44
96.44
96.44
96.38
96.38
96.38
96.38
96.30
96.30
96.30
96.30
96.30
96.30
92.55
92.55
92.55
92.55
92.55
92.55
92.55
95.55
95.55
95.55
95.55
95.55
95.55
94.05
94.05
94.05
94.05
94.05
94.30
94.30
94.30
94.30
94.30
94.30
94.30
94.30
97.32
97.32
97.32
97.32
97.32
97.32
97.32
97.32
96.48
96.48
96.48
96.48
96.48
96.48
96.48
97.32
97.32
97.32
97.32
97.32
97.32
97.32
97.32
97.32
98.55
98.55
98.55
98.55
98.55
98.55
98.55
98.55
98.55
98.55
98.73
98.73
98.73
98.73
98.73
98.73
98.73
98.73
98.73
98.73
98.73
98.73
98.73
98.73
98.83
98.83
98.83
98.83
98.83
98.83
98.83
98.83
98.83
98.83
98.89
98.89
98.89
98.89
98.89
98.89
98.89
98.89
98.89
98.89
98.89
98.89
98.85
98.85
98.85
98.85
98.85
98.85
98.85
98.85
98.72
98.72
98.72
98.72
98.72
98.72
98.38
98.38
98.38
98.38
98.38
98.38
98.38
98.38
98.38
98.38
98.38
97.63
97.63
97.63
97.63
98.35
98.35
98.35
98.35
98.35
98.35
98.35
98.35
