95.44
95.44
95.44
95.44
95.44
95.44
93.06
93.06
93.06
93.06
93.06
93.06
93.06
93.06
93.06
93.38
93.38
93.38
93.38
93.38
93.38
93.38
93.38
93.62
93.62
93.62
93.62
93.62
93.62
93.62
93.62
93.62
94.50
94.50
94.50
94.50
94.50
94.50
94.50
94.50
95.25
95.25
95.25
95.25
95.25
95.25
95.25
95.25
95.75
95.75
95.75
95.75
95.75
95.75
95.75
94.75
94.75
94.75
94.75
92.62
92.62
92.62
92.62
92.62
92.62
92.62
92.62
92.62
91.75
91.75
91.75
91.75
91.75
91.75
91.75
94.19
94.19
94.19
94.19
94.19
94.19
94.19
96.50
96.50
96.50
96.50
96.50
96.50
96.50
96.50
97.19
97.19
97.19
97.19
97.94
97.94
97.94
97.94
98.62
98.62
98.62
98.62
98.62
98.62
98.62
98.62
98.62
98.62
98.62
98.44
98.44
98.44
98.44
98.44
98.44
98.62
98.62
98.62
98.62
98.62
98.62
98.62
98.62
98.62
98.62
98.62
98.62
98.62
98.62
98.62
98.62
98.62
98.62
98.62
98.62
98.62
98.25
98.25
98.25
98.25
98.25
98.25
98.25
98.25
98.06
98.06
98.06
98.06
98.06
98.06
98.06
98.06
98.19
98.19
98.19
98.19
98.19
98.19
98.19
96.44
96.44
96.44
96.44
96.44
96.44
96.44
96.44
96.44
97.81
97.81
97.81
97.81
97.81
97.81
96.69
96.69
96.69
96.69
96.69
96.69
97.06
97.06
97.06
97.06
97.06
97.06
97.06
97.06
97.06
97.06
97.06
98.19
98.19
98.19
98.19
98.19
98.19
98.19
98.19
98.19
98.19
98.19
98.19
98.19
98.19
98.56
98.56
98.56
98.56
98.56
98.56
98.56
98.56
98.62
98.62
98.62
98.62
98.62
98.62
98.62
98.38
98.38
98.38
98.38
98.38
98.38
98.38
98.38
98.38
98.44
98.44
98.44
98.44
98.44
98.44
98.44
98.44
96.69
96.69
96.69
96.69
96.69
96.69
96.69
96.69
95.44
95.44
95.44
95.44
95.44
95.44
95.62
95.62
95.62
95.62
95.62
95.62
95.62
95.62
97.19
97.19
97.19
97.19
97.19
97.19
98.38
98.38
98.38
98.38
98.38
98.38
98.38
98.25
98.25
98.25
98.25
98.25
98.25
98.25
97.50
97.50
97.50
97.50
97.50
97.50
97.50
97.50
97.50
98.25
98.25
98.25
98.25
98.25
98.50
98.50
98.50
98.50
98.50
98.12
98.12
98.12
98.12
98.12
98.12
98.12
98.50
98.50
98.50
98.50
98.50
98.50
98.50
98.50
98.19
98.19
98.19
98.19
98.19
97.94
97.94
97.94
97.94
97.94
97.94
97.94
97.94
97.69
97.69
97.69
97.69
97.69
98.06
98.06
98.06
98.06
